0.000000000	39.689395718	-121.823869208	1.000000000
1.000000000	39.689388402	-121.823873873	1.000000000
2.000000000	39.689388157	-121.823873900	1.000000000
3.000000000	39.689388013	-121.823873862	1.000000000
4.000000000	39.689387842	-121.823873848	1.000000000
5.000000000	39.689387932	-121.823873748	1.000000000
6.000000000	39.689387822	-121.823873778	1.000000000
7.000000000	39.689386860	-121.823872760	1.000000000
8.000000000	39.689383310	-121.823876442	1.000000000
9.000000000	39.689383282	-121.823876435	0.000000000
10.000000000	39.689383418	-121.823875537	0.000000000
11.000000000	39.689384948	-121.823868995	1.000000000
12.000000000	39.689388930	-121.823862967	0.000000000
13.000000000	39.689404150	-121.823851950	0.000000000
14.000000000	39.689425580	-121.823848232	0.000000000
15.000000000	39.689448275	-121.823841635	0.000000000
16.000000000	39.689473635	-121.823833278	0.000000000
17.000000000	39.689496578	-121.823822220	0.000000000
18.000000000	39.689514750	-121.823804758	0.000000000
19.000000000	39.689521920	-121.823775583	0.000000000
20.000000000	39.689514985	-121.823746323	0.000000000
21.000000000	39.689496172	-121.823728328	0.000000000
22.000000000	39.689473258	-121.823728462	0.000000000
23.000000000	39.689455232	-121.823745455	0.000000000
24.000000000	39.689447017	-121.823773128	0.000000000
25.000000000	39.689448000	-121.823797715	0.000000000
26.000000000	39.689446028	-121.823814552	0.000000000
27.000000000	39.689441970	-121.823825542	0.000000000
28.000000000	39.689436953	-121.823834112	0.000000000
29.000000000	39.689430432	-121.823841783	0.000000000
30.000000000	39.689423408	-121.823848905	0.000000000
31.000000000	39.689417163	-121.823857747	0.000000000
32.000000000	39.689412485	-121.823867865	0.000000000
33.000000000	39.689408462	-121.823878680	0.000000000
34.000000000	39.689404878	-121.823889478	0.000000000
35.000000000	39.689399280	-121.823898413	0.000000000
36.000000000	39.689392913	-121.823905878	0.000000000
37.000000000	39.689385810	-121.823912452	0.000000000
38.000000000	39.689378497	-121.823918493	0.000000000
39.000000000	39.689372428	-121.823927603	0.000000000
40.000000000	39.689366900	-121.823937442	0.000000000
41.000000000	39.689363445	-121.823948902	0.000000000
42.000000000	39.689361088	-121.823960843	0.000000000
43.000000000	39.689359992	-121.823972938	0.000000000
44.000000000	39.689359620	-121.823984982	0.000000000
45.000000000	39.689359682	-121.823996740	0.000000000
46.000000000	39.689359938	-121.824008463	0.000000000
47.000000000	39.689358435	-121.824019395	0.000000000
48.000000000	39.689355857	-121.824030603	0.000000000
49.000000000	39.689354192	-121.824042112	0.000000000
50.000000000	39.689352860	-121.824053705	0.000000000
51.000000000	39.689353638	-121.824065502	0.000000000
52.000000000	39.689354200	-121.824077142	0.000000000
53.000000000	39.689352097	-121.824088320	0.000000000
54.000000000	39.689350947	-121.824099833	0.000000000
55.000000000	39.689352080	-121.824112180	0.000000000
56.000000000	39.689355548	-121.824123562	0.000000000
57.000000000	39.689360250	-121.824134152	0.000000000
58.000000000	39.689365735	-121.824143900	0.000000000
59.000000000	39.689371665	-121.824153072	0.000000000
60.000000000	39.689377828	-121.824161772	0.000000000
61.000000000	39.689383335	-121.824171192	0.000000000
62.000000000	39.689388777	-121.824180597	0.000000000
63.000000000	39.689394317	-121.824190070	0.000000000
64.000000000	39.689400133	-121.824199053	0.000000000
65.000000000	39.689407287	-121.824206808	0.000000000
66.000000000	39.689414658	-121.824213962	0.000000000
67.000000000	39.689421483	-121.824222103	0.000000000
68.000000000	39.689427847	-121.824230517	0.000000000
69.000000000	39.689431602	-121.824240458	0.000000000
70.000000000	39.689433505	-121.824251293	0.000000000
71.000000000	39.689433917	-121.824262420	0.000000000
72.000000000	39.689432940	-121.824273480	0.000000000
73.000000000	39.689431345	-121.824284560	0.000000000
74.000000000	39.689429158	-121.824295712	1.000000000
75.000000000	39.689429652	-121.824307773	1.000000000
76.000000000	39.689433743	-121.824319118	1.000000000
77.000000000	39.689439635	-121.824328720	0.000000000
78.000000000	39.689445242	-121.824338367	0.000000000
79.000000000	39.689448170	-121.824349087	0.000000000
80.000000000	39.689448113	-121.824360548	0.000000000
81.000000000	39.689447492	-121.824371697	0.000000000
82.000000000	39.689447817	-121.824380942	0.000000000
83.000000000	39.689444603	-121.824392370	0.000000000
84.000000000	39.689442268	-121.824402477	0.000000000
85.000000000	39.689439940	-121.824413800	0.000000000
86.000000000	39.689436248	-121.824425758	0.000000000
87.000000000	39.689434030	-121.824437038	0.000000000
88.000000000	39.689432120	-121.824448560	0.000000000
89.000000000	39.689431663	-121.824460367	0.000000000
90.000000000	39.689430540	-121.824472125	0.000000000
91.000000000	39.689427428	-121.824482865	0.000000000
92.000000000	39.689422490	-121.824493775	0.000000000
93.000000000	39.689417298	-121.824501457	0.000000000
94.000000000	39.689410545	-121.824508015	0.000000000
95.000000000	39.689402992	-121.824513030	0.000000000
96.000000000	39.689394848	-121.824516702	0.000000000
97.000000000	39.689386350	-121.824519617	0.000000000
98.000000000	39.689377885	-121.824521807	0.000000000
99.000000000	39.689369112	-121.824525332	0.000000000
100.000000000	39.689360248	-121.824529360	0.000000000
101.000000000	39.689351495	-121.824535357	0.000000000
102.000000000	39.689343478	-121.824541217	0.000000000
103.000000000	39.689334827	-121.824543978	0.000000000
104.000000000	39.689325833	-121.824545002	0.000000000
105.000000000	39.689317148	-121.824544888	0.000000000
106.000000000	39.689309005	-121.824541408	0.000000000
107.000000000	39.689301945	-121.824535952	0.000000000
108.000000000	39.689295040	-121.824529475	0.000000000
109.000000000	39.689287940	-121.824522488	0.000000000
110.000000000	39.689281273	-121.824515188	0.000000000
111.000000000	39.689272268	-121.824510380	0.000000000
112.000000000	39.689263493	-121.824505843	0.000000000
113.000000000	39.689255223	-121.824500215	0.000000000
114.000000000	39.689247500	-121.824494447	0.000000000
115.000000000	39.689239348	-121.824488985	0.000000000
116.000000000	39.689230718	-121.824484197	0.000000000
117.000000000	39.689221908	-121.824480433	0.000000000
118.000000000	39.689214023	-121.824474687	0.000000000
119.000000000	39.689208640	-121.824466173	0.000000000
120.000000000	39.689205335	-121.824456113	0.000000000
121.000000000	39.689202900	-121.824445880	0.000000000
122.000000000	39.689202738	-121.824435203	0.000000000
123.000000000	39.689204183	-121.824424748	0.000000000
124.000000000	39.689206947	-121.824414455	0.000000000
125.000000000	39.689210928	-121.824404870	0.000000000
126.000000000	39.689215760	-121.824395553	0.000000000
127.000000000	39.689222200	-121.824389267	0.000000000
128.000000000	39.689229643	-121.824383708	0.000000000
129.000000000	39.689237257	-121.824377880	0.000000000
130.000000000	39.689245105	-121.824371957	0.000000000
131.000000000	39.689251832	-121.824363397	0.000000000
132.000000000	39.689258000	-121.824354482	0.000000000
133.000000000	39.689264437	-121.824346483	0.000000000
134.000000000	39.689271243	-121.824339392	0.000000000
135.000000000	39.689279253	-121.824333992	0.000000000
136.000000000	39.689287487	-121.824329300	0.000000000
137.000000000	39.689295420	-121.824323365	0.000000000
138.000000000	39.689301867	-121.824314260	0.000000000
139.000000000	39.689306698	-121.824303607	0.000000000
140.000000000	39.689310205	-121.824292443	0.000000000
141.000000000	39.689312773	-121.824280733	0.000000000
142.000000000	39.689314562	-121.824268877	0.000000000
143.000000000	39.689315628	-121.824256942	0.000000000
144.000000000	39.689316647	-121.824244988	0.000000000
145.000000000	39.689318485	-121.824233233	1.000000000
146.000000000	39.689319213	-121.824221252	1.000000000
147.000000000	39.689316540	-121.824209262	1.000000000
148.000000000	39.689311657	-121.824199073	1.000000000
149.000000000	39.689306582	-121.824189887	0.000000000
150.000000000	39.689308245	-121.824186407	1.000000000
151.000000000	39.689308042	-121.824188147	1.000000000
152.000000000	39.689309750	-121.824191393	1.000000000
153.000000000	39.689310662	-121.824192678	1.000000000
154.000000000	39.689310967	-121.824192503	1.000000000
155.000000000	39.689311047	-121.824192428	1.000000000
156.000000000	39.689311193	-121.824192303	1.000000000
157.000000000	39.689311250	-121.824192170	1.000000000
158.000000000	39.689311693	-121.824192572	1.000000000
159.000000000	39.689314772	-121.824198323	1.000000000
160.000000000	39.689318728	-121.824209223	1.000000000
161.000000000	39.689323077	-121.824219318	1.000000000
162.000000000	39.689325827	-121.824226800	0.000000000
163.000000000	39.689325102	-121.824226395	1.000000000
164.000000000	39.689317400	-121.824219182	0.000000000
165.000000000	39.689312695	-121.824213487	0.000000000
166.000000000	39.689307160	-121.824206497	1.000000000
167.000000000	39.689301400	-121.824200802	1.000000000
168.000000000	39.689300578	-121.824199950	1.000000000
169.000000000	39.689302482	-121.824201650	1.000000000
170.000000000	39.689308945	-121.824207313	1.000000000
171.000000000	39.689315542	-121.824217802	1.000000000
172.000000000	39.689321745	-121.824229098	1.000000000
173.000000000	39.689325583	-121.824238857	1.000000000
174.000000000	39.689330227	-121.824243672	1.000000000
175.000000000	39.689335630	-121.824246542	1.000000000
176.000000000	39.689341515	-121.824249057	0.000000000
177.000000000	39.689346023	-121.824253083	1.000000000
178.000000000	39.689348818	-121.824256572	0.000000000
179.000000000	39.689349448	-121.824257885	0.000000000
180.000000000	39.689349353	-121.824258350	0.000000000
181.000000000	39.689348875	-121.824258632	0.000000000
182.000000000	39.689348610	-121.824258732	0.000000000
183.000000000	39.689348438	-121.824258875	0.000000000
184.000000000	39.689348313	-121.824259068	0.000000000
185.000000000	39.689348040	-121.824259223	0.000000000
186.000000000	39.689347777	-121.824259372	0.000000000
187.000000000	39.689347543	-121.824259612	0.000000000
188.000000000	39.689347163	-121.824259808	0.000000000
189.000000000	39.689346892	-121.824259953	0.000000000
190.000000000	39.689346658	-121.824260070	1.000000000
191.000000000	39.689346505	-121.824260097	1.000000000
192.000000000	39.689345718	-121.824257985	1.000000000
193.000000000	39.689345587	-121.824246508	0.000000000
194.000000000	39.689348012	-121.824235852	0.000000000
195.000000000	39.689349287	-121.824224252	0.000000000
196.000000000	39.689347332	-121.824212237	0.000000000
197.000000000	39.689344460	-121.824200677	1.000000000
198.000000000	39.689340812	-121.824189700	1.000000000
199.000000000	39.689339263	-121.824178312	0.000000000
200.000000000	39.689335793	-121.824167188	0.000000000
201.000000000	39.689333027	-121.824155815	0.000000000
202.000000000	39.689333078	-121.824144788	0.000000000
203.000000000	39.689335072	-121.824133955	0.000000000
204.000000000	39.689338322	-121.824123120	0.000000000
205.000000000	39.689341902	-121.824112608	0.000000000
206.000000000	39.689343882	-121.824100752	0.000000000
207.000000000	39.689343640	-121.824088448	0.000000000
208.000000000	39.689343070	-121.824076240	0.000000000
209.000000000	39.689343817	-121.824064330	0.000000000
210.000000000	39.689344118	-121.824052510	0.000000000
211.000000000	39.689344533	-121.824040642	0.000000000
212.000000000	39.689344863	-121.824028870	0.000000000
213.000000000	39.689345135	-121.824017033	0.000000000
214.000000000	39.689345465	-121.824005230	0.000000000
215.000000000	39.689345883	-121.823993397	0.000000000
216.000000000	39.689346043	-121.823981653	0.000000000
217.000000000	39.689347010	-121.823970030	0.000000000
218.000000000	39.689350420	-121.823959795	0.000000000
219.000000000	39.689354942	-121.823950762	0.000000000
220.000000000	39.689360008	-121.823942222	0.000000000
221.000000000	39.689364387	-121.823932028	0.000000000
222.000000000	39.689369035	-121.823921553	0.000000000
223.000000000	39.689373333	-121.823910960	0.000000000
224.000000000	39.689380363	-121.823902455	0.000000000
225.000000000	39.689385855	-121.823895052	0.000000000
226.000000000	39.689388965	-121.823889882	0.000000000
227.000000000	39.689390083	-121.823887150	1.000000000
228.000000000	39.689389775	-121.823886778	1.000000000
