0.000000000	39.690931772	-121.824172702
1.000000000	39.690931772	-121.824172702
2.000000000	39.690932150	-121.824172332
3.000000000	39.690932190	-121.824172225
4.000000000	39.690932235	-121.824172168
5.000000000	39.690932320	-121.824172128
6.000000000	39.690932418	-121.824172027
7.000000000	39.690932402	-121.824172080
8.000000000	39.690932307	-121.824172290
9.000000000	39.690932308	-121.824172392
10.000000000	39.690932310	-121.824172372
11.000000000	39.690932240	-121.824172497
12.000000000	39.690932193	-121.824172583
13.000000000	39.690932520	-121.824171325
14.000000000	39.690932520	-121.824171325
