0.000000000	39.689469132	-121.823842158	0.000000000
1.000000000	39.689483355	-121.823836840	1.000000000
2.000000000	39.689483195	-121.823836605	1.000000000
3.000000000	39.689483145	-121.823836490	1.000000000
4.000000000	39.689483253	-121.823836337	1.000000000
5.000000000	39.689482933	-121.823836020	1.000000000
6.000000000	39.689482400	-121.823835725	1.000000000
7.000000000	39.689481863	-121.823835368	1.000000000
8.000000000	39.689481267	-121.823834983	1.000000000
9.000000000	39.689471278	-121.823834998	1.000000000
10.000000000	39.689469208	-121.823834768	1.000000000
11.000000000	39.689466440	-121.823834587	1.000000000
12.000000000	39.689463297	-121.823834410	1.000000000
13.000000000	39.689460340	-121.823834277	1.000000000
14.000000000	39.689457712	-121.823834100	1.000000000
15.000000000	39.689455302	-121.823833987	1.000000000
16.000000000	39.689453300	-121.823833907	1.000000000
17.000000000	39.689455505	-121.823833750	1.000000000
18.000000000	39.689457050	-121.823828815	1.000000000
19.000000000	39.689450503	-121.823833720	1.000000000
20.000000000	39.689447512	-121.823834055	1.000000000
21.000000000	39.689446058	-121.823834388	1.000000000
22.000000000	39.689446160	-121.823834447	1.000000000
23.000000000	39.689446160	-121.823834447	1.000000000
24.000000000	39.689446160	-121.823834447	1.000000000
25.000000000	39.689446160	-121.823834447	1.000000000
26.000000000	39.689446160	-121.823834447	1.000000000
27.000000000	39.689446160	-121.823834447	1.000000000
28.000000000	39.689446160	-121.823834447	1.000000000
29.000000000	39.689446160	-121.823834447	1.000000000
30.000000000	39.689446160	-121.823834447	1.000000000
31.000000000	39.689446160	-121.823834447	1.000000000
32.000000000	39.689446160	-121.823834447	1.000000000
33.000000000	39.689446160	-121.823834447	1.000000000
