0.000000000	39.690327000	-121.824280000	0.000000000
1.000000000	39.690327000	-121.824280000	1.000000000
2.000000000	39.689516400	-121.823850260	0.000000000
3.000000000	39.689516958	-121.823849943	0.000000000
4.000000000	39.689518908	-121.823849815	0.000000000
5.000000000	39.689504893	-121.823860360	0.000000000
6.000000000	39.689497943	-121.823865752	0.000000000
7.000000000	39.689489218	-121.823871698	0.000000000
8.000000000	39.689492528	-121.823868630	0.000000000
9.000000000	39.689492528	-121.823868630	0.000000000
10.000000000	39.689499685	-121.823876917	0.000000000
11.000000000	39.689500992	-121.823868625	0.000000000
12.000000000	39.689496993	-121.823888720	0.000000000
13.000000000	39.689484947	-121.823922668	0.000000000
14.000000000	39.689484892	-121.823924693	0.000000000
15.000000000	39.689484892	-121.823924693	0.000000000
16.000000000	39.689493045	-121.823922635	0.000000000
17.000000000	39.689495997	-121.823889580	0.000000000
18.000000000	39.689495320	-121.823898107	0.000000000
19.000000000	39.689498727	-121.823900380	0.000000000
20.000000000	39.689483400	-121.823889392	0.000000000
21.000000000	39.689507368	-121.823863785	1.000000000
22.000000000	39.689513130	-121.823861467	0.000000000
23.000000000	39.689516113	-121.823859168	0.000000000
24.000000000	39.689518415	-121.823857217	0.000000000
25.000000000	39.689519837	-121.823856128	0.000000000
26.000000000	39.689522947	-121.823844553	0.000000000
27.000000000	39.689522870	-121.823850715	0.000000000
28.000000000	39.689521673	-121.823851583	0.000000000
29.000000000	39.689520037	-121.823852907	0.000000000
30.000000000	39.689518215	-121.823854635	0.000000000
31.000000000	39.689518593	-121.823853733	0.000000000
32.000000000	39.689519492	-121.823853543	0.000000000
33.000000000	39.689521873	-121.823852428	0.000000000
34.000000000	39.689526248	-121.823849537	0.000000000
35.000000000	39.689530072	-121.823846387	0.000000000
36.000000000	39.689531890	-121.823844933	0.000000000
37.000000000	39.689532690	-121.823844898	0.000000000
38.000000000	39.689534897	-121.823839873	0.000000000
39.000000000	39.689530010	-121.823844425	0.000000000
40.000000000	39.689528713	-121.823846043	1.000000000
41.000000000	39.689527892	-121.823847233	1.000000000
42.000000000	39.689527760	-121.823847523	1.000000000
43.000000000	39.689527947	-121.823847348	1.000000000
44.000000000	39.689527762	-121.823847178	1.000000000
45.000000000	39.689529193	-121.823846005	1.000000000
46.000000000	39.689527572	-121.823847347	0.000000000
47.000000000	39.689526162	-121.823849758	0.000000000
48.000000000	39.689531475	-121.823849300	0.000000000
49.000000000	39.689544093	-121.823850453	0.000000000
50.000000000	39.689552838	-121.823850692	0.000000000
51.000000000	39.689559332	-121.823849707	0.000000000
52.000000000	39.689563157	-121.823848932	0.000000000
53.000000000	39.689563862	-121.823848947	0.000000000
54.000000000	39.689563570	-121.823849102	0.000000000
55.000000000	39.689563085	-121.823849302	0.000000000
56.000000000	39.689567927	-121.823849613	0.000000000
57.000000000	39.689582327	-121.823860418	0.000000000
58.000000000	39.689597198	-121.823880623	0.000000000
59.000000000	39.689608882	-121.823887790	0.000000000
60.000000000	39.689621595	-121.823895573	0.000000000
61.000000000	39.689630670	-121.823895100	0.000000000
62.000000000	39.689636602	-121.823898163	0.000000000
63.000000000	39.689639933	-121.823899533	0.000000000
64.000000000	39.689640793	-121.823900263	0.000000000
65.000000000	39.689641117	-121.823901232	0.000000000
66.000000000	39.689641097	-121.823902045	0.000000000
67.000000000	39.689642153	-121.823893173	0.000000000
68.000000000	39.689639560	-121.823907520	0.000000000
69.000000000	39.689638630	-121.823911772	0.000000000
70.000000000	39.689638568	-121.823914503	0.000000000
71.000000000	39.689640797	-121.823911535	1.000000000
72.000000000	39.689646745	-121.823914295	0.000000000
73.000000000	39.689667457	-121.823917837	0.000000000
74.000000000	39.689687818	-121.823909738	0.000000000
75.000000000	39.689703857	-121.823908407	1.000000000
76.000000000	39.689724362	-121.823915958	0.000000000
77.000000000	39.689746525	-121.823925260	1.000000000
78.000000000	39.689768010	-121.823934528	0.000000000
79.000000000	39.689783490	-121.823953423	0.000000000
80.000000000	39.689794802	-121.823977162	0.000000000
81.000000000	39.689812188	-121.823995917	0.000000000
82.000000000	39.689828073	-121.823998412	0.000000000
83.000000000	39.689851098	-121.823997615	0.000000000
84.000000000	39.689873567	-121.823996430	0.000000000
85.000000000	39.689891340	-121.824016045	0.000000000
86.000000000	39.689909522	-121.824036720	0.000000000
87.000000000	39.689923345	-121.824067308	0.000000000
88.000000000	39.689929360	-121.824099553	0.000000000
89.000000000	39.689949122	-121.824122755	0.000000000
90.000000000	39.689969855	-121.824134675	0.000000000
91.000000000	39.689993618	-121.824143492	0.000000000
92.000000000	39.690016973	-121.824153680	0.000000000
93.000000000	39.690040207	-121.824163870	0.000000000
94.000000000	39.690040207	-121.824163870	0.000000000
95.000000000	39.690083483	-121.824190767	0.000000000
96.000000000	39.690094557	-121.824215958	0.000000000
97.000000000	39.690109787	-121.824239445	0.000000000
98.000000000	39.690122808	-121.824261177	0.000000000
99.000000000	39.690132898	-121.824278145	0.000000000
100.000000000	39.690142432	-121.824289645	0.000000000
101.000000000	39.690157898	-121.824296875	1.000000000
102.000000000	39.690174552	-121.824296527	0.000000000
103.000000000	39.690185137	-121.824299262	0.000000000
104.000000000	39.690191838	-121.824303700	1.000000000
105.000000000	39.690196648	-121.824305772	0.000000000
106.000000000	39.690200735	-121.824308402	0.000000000
107.000000000	39.690204695	-121.824313472	0.000000000
108.000000000	39.690205833	-121.824315092	0.000000000
109.000000000	39.690205537	-121.824315397	0.000000000
110.000000000	39.690205333	-121.824315467	0.000000000
111.000000000	39.690205138	-121.824315662	1.000000000
112.000000000	39.690204982	-121.824315825	0.000000000
113.000000000	39.690204927	-121.824315928	0.000000000
114.000000000	39.690204948	-121.824315912	0.000000000
115.000000000	39.690204975	-121.824315830	0.000000000
116.000000000	39.690205047	-121.824315703	0.000000000
117.000000000	39.690205258	-121.824315558	0.000000000
118.000000000	39.690205360	-121.824315568	1.000000000
119.000000000	39.690205503	-121.824315528	0.000000000
120.000000000	39.690205625	-121.824315482	0.000000000
121.000000000	39.690205745	-121.824315630	0.000000000
122.000000000	39.690205870	-121.824315848	0.000000000
123.000000000	39.690209315	-121.824317020	0.000000000
124.000000000	39.690209458	-121.824317245	0.000000000
125.000000000	39.690209728	-121.824317443	0.000000000
126.000000000	39.690207422	-121.824311952	0.000000000
127.000000000	39.690206290	-121.824311393	1.000000000
128.000000000	39.690206572	-121.824312820	1.000000000
129.000000000	39.690207962	-121.824315107	1.000000000
130.000000000	39.690208022	-121.824316003	1.000000000
131.000000000	39.690208023	-121.824316723	1.000000000
132.000000000	39.690207958	-121.824317250	0.000000000
133.000000000	39.690207935	-121.824317450	0.000000000
134.000000000	39.690207847	-121.824317512	1.000000000
135.000000000	39.690207757	-121.824317517	1.000000000
136.000000000	39.690207568	-121.824317555	1.000000000
137.000000000	39.690207472	-121.824317510	1.000000000
138.000000000	39.690207405	-121.824317528	1.000000000
139.000000000	39.690207298	-121.824317603	1.000000000
140.000000000	39.690207182	-121.824317617	1.000000000
141.000000000	39.690207145	-121.824317628	1.000000000
142.000000000	39.690207072	-121.824317543	1.000000000
143.000000000	39.690206993	-121.824317565	1.000000000
144.000000000	39.690206983	-121.824317482	1.000000000
145.000000000	39.690206925	-121.824317435	0.000000000
146.000000000	39.690206887	-121.824317430	1.000000000
147.000000000	39.690206832	-121.824317537	0.000000000
148.000000000	39.690206872	-121.824317700	0.000000000
149.000000000	39.690206947	-121.824317937	1.000000000
150.000000000	39.690207042	-121.824318213	1.000000000
151.000000000	39.690208247	-121.824319887	1.000000000
152.000000000	39.690208337	-121.824319952	1.000000000
153.000000000	39.690211210	-121.824323205	0.000000000
154.000000000	39.690220130	-121.824335112	0.000000000
155.000000000	39.690228513	-121.824342405	0.000000000
156.000000000	39.690234768	-121.824348353	0.000000000
157.000000000	39.690239155	-121.824353367	0.000000000
158.000000000	39.690241210	-121.824356622	0.000000000
159.000000000	39.690241155	-121.824357047	0.000000000
160.000000000	39.690240668	-121.824357062	0.000000000
161.000000000	39.690240282	-121.824357277	0.000000000
162.000000000	39.690239823	-121.824357957	0.000000000
163.000000000	39.690246175	-121.824369072	0.000000000
164.000000000	39.690253098	-121.824381762	0.000000000
165.000000000	39.690263272	-121.824391692	0.000000000
166.000000000	39.690273832	-121.824400657	0.000000000
167.000000000	39.690281692	-121.824412560	0.000000000
168.000000000	39.690289200	-121.824424943	0.000000000
169.000000000	39.690299602	-121.824434538	0.000000000
170.000000000	39.690310400	-121.824443085	0.000000000
171.000000000	39.690319845	-121.824453230	0.000000000
172.000000000	39.690328357	-121.824464770	0.000000000
173.000000000	39.690338030	-121.824475090	0.000000000
174.000000000	39.690348828	-121.824483590	0.000000000
175.000000000	39.690358370	-121.824493817	0.000000000
176.000000000	39.690367462	-121.824504583	0.000000000
177.000000000	39.690378913	-121.824512430	1.000000000
178.000000000	39.690390148	-121.824519582	1.000000000
179.000000000	39.690398343	-121.824530910	0.000000000
180.000000000	39.690401843	-121.824545117	0.000000000
181.000000000	39.690405098	-121.824559915	0.000000000
182.000000000	39.690412030	-121.824573568	0.000000000
183.000000000	39.690422378	-121.824583605	1.000000000
184.000000000	39.690434275	-121.824590317	0.000000000
185.000000000	39.690445977	-121.824596358	0.000000000
186.000000000	39.690455318	-121.824605247	0.000000000
187.000000000	39.690463348	-121.824609603	0.000000000
188.000000000	39.690468803	-121.824610388	0.000000000
189.000000000	39.690474010	-121.824611163	0.000000000
190.000000000	39.690486772	-121.824611017	0.000000000
191.000000000	39.690500128	-121.824607953	1.000000000
192.000000000	39.690513167	-121.824605202	0.000000000
193.000000000	39.690525655	-121.824605272	0.000000000
194.000000000	39.690537187	-121.824609608	0.000000000
195.000000000	39.690549770	-121.824610290	0.000000000
196.000000000	39.690562045	-121.824606152	0.000000000
197.000000000	39.690574548	-121.824602367	0.000000000
198.000000000	39.690587170	-121.824603008	0.000000000
199.000000000	39.690599680	-121.824604000	0.000000000
200.000000000	39.690612090	-121.824600242	0.000000000
201.000000000	39.690624007	-121.824595410	0.000000000
202.000000000	39.690636010	-121.824596092	0.000000000
203.000000000	39.690646092	-121.824603270	0.000000000
204.000000000	39.690657643	-121.824608298	0.000000000
205.000000000	39.690670457	-121.824607707	0.000000000
206.000000000	39.690683020	-121.824604095	0.000000000
207.000000000	39.690695092	-121.824599835	0.000000000
208.000000000	39.690707308	-121.824597430	0.000000000
209.000000000	39.690719653	-121.824593492	0.000000000
210.000000000	39.690731570	-121.824588288	0.000000000
211.000000000	39.690743643	-121.824584985	0.000000000
212.000000000	39.690755847	-121.824583250	0.000000000
213.000000000	39.690767778	-121.824579880	0.000000000
214.000000000	39.690779585	-121.824574672	0.000000000
215.000000000	39.690790538	-121.824571827	0.000000000
216.000000000	39.690797627	-121.824572430	0.000000000
217.000000000	39.690801303	-121.824572963	0.000000000
218.000000000	39.690806002	-121.824572647	0.000000000
219.000000000	39.690817343	-121.824565685	0.000000000
220.000000000	39.690827090	-121.824555318	0.000000000
221.000000000	39.690834157	-121.824542002	0.000000000
222.000000000	39.690838627	-121.824526668	0.000000000
223.000000000	39.690840282	-121.824510548	0.000000000
224.000000000	39.690839817	-121.824494368	0.000000000
225.000000000	39.690837363	-121.824478645	0.000000000
226.000000000	39.690833308	-121.824463548	0.000000000
227.000000000	39.690829008	-121.824448758	0.000000000
228.000000000	39.690825502	-121.824433620	0.000000000
229.000000000	39.690821335	-121.824418760	0.000000000
230.000000000	39.690815395	-121.824404900	0.000000000
231.000000000	39.690809448	-121.824391408	0.000000000
232.000000000	39.690804393	-121.824378588	0.000000000
233.000000000	39.690801265	-121.824370243	0.000000000
234.000000000	39.690799357	-121.824365480	0.000000000
235.000000000	39.690796393	-121.824360712	0.000000000
236.000000000	39.690786245	-121.824351463	0.000000000
237.000000000	39.690774622	-121.824345410	0.000000000
238.000000000	39.690762193	-121.824342077	0.000000000
239.000000000	39.690749698	-121.824342150	0.000000000
240.000000000	39.690737447	-121.824346257	0.000000000
241.000000000	39.690724302	-121.824348925	0.000000000
242.000000000	39.690712193	-121.824349012	0.000000000
243.000000000	39.690701470	-121.824351973	0.000000000
244.000000000	39.690689727	-121.824356347	0.000000000
245.000000000	39.690668938	-121.824348430	0.000000000
246.000000000	39.690651423	-121.824349022	0.000000000
247.000000000	39.690639398	-121.824350005	1.000000000
248.000000000	39.690627512	-121.824354347	1.000000000
249.000000000	39.690616570	-121.824361772	1.000000000
250.000000000	39.690622455	-121.824384747	1.000000000
251.000000000	39.690617625	-121.824397557	1.000000000
252.000000000	39.690614572	-121.824404405	1.000000000
253.000000000	39.690613182	-121.824408742	0.000000000
254.000000000	39.690612857	-121.824409587	1.000000000
255.000000000	39.690612427	-121.824410238	0.000000000
256.000000000	39.690610547	-121.824412772	0.000000000
257.000000000	39.690604163	-121.824418573	0.000000000
258.000000000	39.690593288	-121.824423702	0.000000000
259.000000000	39.690581823	-121.824424605	0.000000000
260.000000000	39.690570427	-121.824422410	0.000000000
261.000000000	39.690559632	-121.824416828	0.000000000
262.000000000	39.690549772	-121.824408780	0.000000000
263.000000000	39.690540108	-121.824399747	0.000000000
264.000000000	39.690529753	-121.824391793	1.000000000
265.000000000	39.690520130	-121.824384190	1.000000000
266.000000000	39.690513708	-121.824378857	1.000000000
267.000000000	39.690509587	-121.824375582	1.000000000
268.000000000	39.690507255	-121.824374388	1.000000000
269.000000000	39.690507027	-121.824374265	1.000000000
270.000000000	39.690506770	-121.824374052	0.000000000
271.000000000	39.690506058	-121.824373337	1.000000000
272.000000000	39.690500540	-121.824364255	0.000000000
273.000000000	39.690493335	-121.824352185	1.000000000
274.000000000	39.690483798	-121.824341988	0.000000000
275.000000000	39.690476250	-121.824329978	0.000000000
276.000000000	39.690466450	-121.824320087	0.000000000
277.000000000	39.690458697	-121.824308267	0.000000000
278.000000000	39.690455947	-121.824293952	0.000000000
279.000000000	39.690455650	-121.824278807	0.000000000
280.000000000	39.690457565	-121.824263695	0.000000000
281.000000000	39.690461313	-121.824249495	0.000000000
282.000000000	39.690466757	-121.824235753	0.000000000
283.000000000	39.690472697	-121.824222190	0.000000000
284.000000000	39.690478023	-121.824207887	0.000000000
285.000000000	39.690484405	-121.824194532	0.000000000
286.000000000	39.690491757	-121.824183538	0.000000000
287.000000000	39.690497153	-121.824176672	0.000000000
288.000000000	39.690500792	-121.824172572	0.000000000
289.000000000	39.690504750	-121.824169853	0.000000000
290.000000000	39.690515743	-121.824165178	0.000000000
291.000000000	39.690527715	-121.824163282	0.000000000
292.000000000	39.690539602	-121.824163795	1.000000000
293.000000000	39.690551668	-121.824164648	1.000000000
294.000000000	39.690560183	-121.824161957	1.000000000
295.000000000	39.690560667	-121.824161933	1.000000000
296.000000000	39.690554378	-121.824158435	1.000000000
297.000000000	39.690552677	-121.824152590	1.000000000
298.000000000	39.690552788	-121.824155165	1.000000000
299.000000000	39.690546828	-121.824155642	1.000000000
300.000000000	39.690540470	-121.824158662	1.000000000
301.000000000	39.690531413	-121.824156982	1.000000000
302.000000000	39.690528748	-121.824160813	1.000000000
303.000000000	39.690523817	-121.824160867	1.000000000
304.000000000	39.690522145	-121.824163370	1.000000000
305.000000000	39.690521088	-121.824163765	1.000000000
306.000000000	39.690521598	-121.824164278	1.000000000
307.000000000	39.690521693	-121.824164482	1.000000000
308.000000000	39.690521703	-121.824164648	1.000000000
309.000000000	39.690521343	-121.824164840	1.000000000
310.000000000	39.690521343	-121.824164862	1.000000000
311.000000000	39.690521195	-121.824164923	1.000000000
312.000000000	39.690516993	-121.824165593	1.000000000
313.000000000	39.690516207	-121.824164830	1.000000000
314.000000000	39.690516417	-121.824164650	1.000000000
315.000000000	39.690516662	-121.824164543	1.000000000
316.000000000	39.690517998	-121.824164970	1.000000000
317.000000000	39.690518317	-121.824165050	1.000000000
318.000000000	39.690518600	-121.824164927	1.000000000
319.000000000	39.690518878	-121.824164970	1.000000000
320.000000000	39.690519078	-121.824165420	1.000000000
321.000000000	39.690519140	-121.824165637	1.000000000
322.000000000	39.690519445	-121.824165660	1.000000000
323.000000000	39.690519557	-121.824165940	1.000000000
324.000000000	39.690515803	-121.824162653	1.000000000
325.000000000	39.690515962	-121.824162767	1.000000000
326.000000000	39.690516747	-121.824163520	1.000000000
327.000000000	39.690516557	-121.824163228	1.000000000
328.000000000	39.690517618	-121.824164008	1.000000000
329.000000000	39.690517645	-121.824164185	1.000000000
330.000000000	39.690517648	-121.824164220	1.000000000
331.000000000	39.690517483	-121.824164285	1.000000000
332.000000000	39.690517418	-121.824164362	1.000000000
333.000000000	39.690517143	-121.824164270	1.000000000
334.000000000	39.690517127	-121.824164160	1.000000000
335.000000000	39.690516997	-121.824164177	1.000000000
336.000000000	39.690516785	-121.824164200	1.000000000
337.000000000	39.690516590	-121.824164177	1.000000000
338.000000000	39.690515792	-121.824164393	1.000000000
339.000000000	39.690512170	-121.824167422	1.000000000
340.000000000	39.690515560	-121.824164608	1.000000000
341.000000000	39.690515670	-121.824164688	1.000000000
342.000000000	39.690515868	-121.824164683	1.000000000
343.000000000	39.690516017	-121.824164763	1.000000000
344.000000000	39.690516160	-121.824164872	1.000000000
345.000000000	39.690516085	-121.824165000	1.000000000
346.000000000	39.690515915	-121.824165183	1.000000000
347.000000000	39.690515775	-121.824165313	1.000000000
348.000000000	39.690515580	-121.824165468	1.000000000
349.000000000	39.690515378	-121.824165590	1.000000000
350.000000000	39.690515225	-121.824165752	1.000000000
351.000000000	39.690515038	-121.824165895	1.000000000
352.000000000	39.690514912	-121.824166073	1.000000000
353.000000000	39.690514833	-121.824166295	1.000000000
354.000000000	39.690514833	-121.824166295	1.000000000
355.000000000	39.690514833	-121.824166295	1.000000000
356.000000000	39.690514833	-121.824166295	1.000000000
357.000000000	39.690514833	-121.824166295	1.000000000
358.000000000	39.690514833	-121.824166295	1.000000000
