0.000000000	39.690327000	-121.824280000
1.000000000	39.690522142	-121.824131343
2.000000000	39.690522227	-121.824131435
3.000000000	39.690522327	-121.824131617
4.000000000	39.690522422	-121.824131812
5.000000000	39.690522600	-121.824131943
6.000000000	39.690522805	-121.824132123
7.000000000	39.690523567	-121.824133795
8.000000000	39.690523645	-121.824133843
9.000000000	39.690523622	-121.824133855
10.000000000	39.690522240	-121.824130785
11.000000000	39.690522495	-121.824131290
12.000000000	39.690522525	-121.824131392
13.000000000	39.690522792	-121.824131685
14.000000000	39.690522635	-121.824131502
15.000000000	39.690522475	-121.824131298
16.000000000	39.690522293	-121.824131157
17.000000000	39.690522257	-121.824131133
18.000000000	39.690522265	-121.824131235
19.000000000	39.690522265	-121.824131235
20.000000000	39.690522265	-121.824131235
21.000000000	39.690521802	-121.824132737
22.000000000	39.690521747	-121.824132660
23.000000000	39.690521673	-121.824132623
24.000000000	39.690521728	-121.824132677
25.000000000	39.690521690	-121.824132705
26.000000000	39.690521678	-121.824132725
27.000000000	39.690521693	-121.824132737
28.000000000	39.690521743	-121.824132830
29.000000000	39.690521777	-121.824132828
30.000000000	39.690521748	-121.824132905
31.000000000	39.690521815	-121.824132937
32.000000000	39.690521865	-121.824132923
33.000000000	39.690521960	-121.824132988
34.000000000	39.690522037	-121.824133057
35.000000000	39.690522130	-121.824133077
36.000000000	39.690522177	-121.824133147
37.000000000	39.690522313	-121.824133142
38.000000000	39.690522432	-121.824133065
39.000000000	39.690522483	-121.824133028
40.000000000	39.690522560	-121.824133047
41.000000000	39.690522703	-121.824133122
42.000000000	39.690522752	-121.824133197
43.000000000	39.690522767	-121.824133077
44.000000000	39.690522732	-121.824133095
45.000000000	39.690522617	-121.824132920
46.000000000	39.690522655	-121.824132978
47.000000000	39.690522562	-121.824132878
48.000000000	39.690522665	-121.824132947
49.000000000	39.690522663	-121.824133090
50.000000000	39.690522797	-121.824133245
51.000000000	39.690522920	-121.824133497
52.000000000	39.690523007	-121.824133442
53.000000000	39.690523102	-121.824133557
54.000000000	39.690523083	-121.824133627
55.000000000	39.690523340	-121.824133285
56.000000000	39.690523203	-121.824133465
57.000000000	39.690523185	-121.824133468
58.000000000	39.690523413	-121.824132963
59.000000000	39.690526208	-121.824130545
60.000000000	39.690534380	-121.824126578
61.000000000	39.690542913	-121.824125267
62.000000000	39.690551612	-121.824127050
63.000000000	39.690560192	-121.824131000
64.000000000	39.690567777	-121.824137117
65.000000000	39.690574112	-121.824144988
66.000000000	39.690578658	-121.824154550
67.000000000	39.690581367	-121.824165205
68.000000000	39.690582647	-121.824176383
69.000000000	39.690582520	-121.824187682
70.000000000	39.690581195	-121.824199060
71.000000000	39.690578413	-121.824208123
72.000000000	39.690575470	-121.824219188
73.000000000	39.690573560	-121.824230987
74.000000000	39.690571567	-121.824242640
75.000000000	39.690569583	-121.824254448
76.000000000	39.690567453	-121.824266175
77.000000000	39.690564800	-121.824277530
78.000000000	39.690561478	-121.824288548
79.000000000	39.690558600	-121.824299818
80.000000000	39.690555550	-121.824311278
81.000000000	39.690552608	-121.824322682
82.000000000	39.690549650	-121.824334127
83.000000000	39.690546540	-121.824345555
84.000000000	39.690543515	-121.824356958
85.000000000	39.690540412	-121.824368325
86.000000000	39.690537367	-121.824379735
87.000000000	39.690534492	-121.824391225
88.000000000	39.690531110	-121.824402280
89.000000000	39.690527992	-121.824413718
90.000000000	39.690524840	-121.824425000
91.000000000	39.690521708	-121.824436293
92.000000000	39.690518598	-121.824447627
93.000000000	39.690515333	-121.824458837
94.000000000	39.690512058	-121.824470062
95.000000000	39.690508820	-121.824481392
96.000000000	39.690505540	-121.824492578
97.000000000	39.690502337	-121.824503952
98.000000000	39.690499180	-121.824515167
99.000000000	39.690495413	-121.824526137
100.000000000	39.690490498	-121.824535940
101.000000000	39.690484755	-121.824544940
102.000000000	39.690478908	-121.824553698
103.000000000	39.690475617	-121.824565062
104.000000000	39.690474948	-121.824577430
105.000000000	39.690476108	-121.824589505
106.000000000	39.690479615	-121.824601302
107.000000000	39.690485313	-121.824611668
108.000000000	39.690492468	-121.824620272
109.000000000	39.690500722	-121.824626930
110.000000000	39.690509577	-121.824631447
111.000000000	39.690518782	-121.824634238
112.000000000	39.690528545	-121.824634818
113.000000000	39.690538433	-121.824633812
114.000000000	39.690547793	-121.824631387
115.000000000	39.690556322	-121.824627138
116.000000000	39.690565877	-121.824622523
117.000000000	39.690575517	-121.824619583
118.000000000	39.690585607	-121.824617078
119.000000000	39.690595720	-121.824616695
120.000000000	39.690605640	-121.824616818
121.000000000	39.690615202	-121.824613835
122.000000000	39.690624212	-121.824609902
123.000000000	39.690632967	-121.824604978
124.000000000	39.690641560	-121.824600153
125.000000000	39.690650595	-121.824598890
126.000000000	39.690659793	-121.824598608
127.000000000	39.690669123	-121.824598595
128.000000000	39.690678498	-121.824597248
129.000000000	39.690687685	-121.824593277
130.000000000	39.690696650	-121.824588882
131.000000000	39.690705702	-121.824585867
132.000000000	39.690714968	-121.824583733
133.000000000	39.690724240	-121.824584198
134.000000000	39.690733638	-121.824585065
135.000000000	39.690743178	-121.824584335
136.000000000	39.690752595	-121.824581300
137.000000000	39.690761502	-121.824576793
138.000000000	39.690770165	-121.824571917
139.000000000	39.690779150	-121.824570708
140.000000000	39.690788272	-121.824568707
141.000000000	39.690796525	-121.824562357
142.000000000	39.690803618	-121.824553683
143.000000000	39.690809130	-121.824543562
144.000000000	39.690813303	-121.824532238
145.000000000	39.690815697	-121.824520258
146.000000000	39.690816887	-121.824508042
147.000000000	39.690816587	-121.824495770
148.000000000	39.690815343	-121.824483625
149.000000000	39.690813225	-121.824471583
150.000000000	39.690810760	-121.824459732
151.000000000	39.690809375	-121.824448083
152.000000000	39.690807925	-121.824436267
153.000000000	39.690806507	-121.824424515
154.000000000	39.690805010	-121.824412705
155.000000000	39.690803630	-121.824400950
156.000000000	39.690801823	-121.824389237
157.000000000	39.690797033	-121.824378650
158.000000000	39.690790418	-121.824369297
159.000000000	39.690782525	-121.824361817
160.000000000	39.690774017	-121.824356283
161.000000000	39.690764672	-121.824352532
162.000000000	39.690754828	-121.824350600
163.000000000	39.690744953	-121.824350843
164.000000000	39.690735457	-121.824352282
165.000000000	39.690726048	-121.824354610
166.000000000	39.690716920	-121.824357398
167.000000000	39.690707738	-121.824358938
168.000000000	39.690698728	-121.824359587
169.000000000	39.690689808	-121.824358397
170.000000000	39.690680733	-121.824357125
171.000000000	39.690671378	-121.824358745
172.000000000	39.690662213	-121.824360403
173.000000000	39.690653152	-121.824360922
174.000000000	39.690644062	-121.824361667
175.000000000	39.690634858	-121.824362257
176.000000000	39.690625700	-121.824362972
177.000000000	39.690616483	-121.824363435
178.000000000	39.690607273	-121.824364127
179.000000000	39.690598108	-121.824364720
180.000000000	39.690588840	-121.824365155
181.000000000	39.690579655	-121.824366280
182.000000000	39.690570698	-121.824371980
183.000000000	39.690563962	-121.824379207
184.000000000	39.690559652	-121.824382763
185.000000000	39.690553740	-121.824390313
186.000000000	39.690546258	-121.824397110
187.000000000	39.690537650	-121.824400118
188.000000000	39.690528928	-121.824400092
189.000000000	39.690520447	-121.824397683
190.000000000	39.690513102	-121.824391868
191.000000000	39.690506608	-121.824384673
192.000000000	39.690501405	-121.824375700
193.000000000	39.690497480	-121.824365513
194.000000000	39.690494957	-121.824354460
195.000000000	39.690493703	-121.824343003
196.000000000	39.690493413	-121.824331532
197.000000000	39.690490882	-121.824319937
198.000000000	39.690488138	-121.824308645
199.000000000	39.690488968	-121.824297215
200.000000000	39.690491812	-121.824286363
201.000000000	39.690494153	-121.824274928
202.000000000	39.690495027	-121.824262710
203.000000000	39.690495165	-121.824250462
204.000000000	39.690498063	-121.824239295
205.000000000	39.690501812	-121.824228838
206.000000000	39.690502907	-121.824216642
207.000000000	39.690502842	-121.824204303
208.000000000	39.690501067	-121.824191950
209.000000000	39.690498498	-121.824179878
210.000000000	39.690498923	-121.824168120
211.000000000	39.690502697	-121.824158148
212.000000000	39.690508552	-121.824149775
213.000000000	39.690515085	-121.824141995
214.000000000	39.690520307	-121.824131990
215.000000000	39.690525375	-121.824121890
216.000000000	39.690532610	-121.824115102
217.000000000	39.690539558	-121.824107435
218.000000000	39.690546027	-121.824098975
219.000000000	39.690554435	-121.824095228
220.000000000	39.690563125	-121.824094078
221.000000000	39.690572135	-121.824094415
222.000000000	39.690581175	-121.824096072
223.000000000	39.690589865	-121.824099172
224.000000000	39.690598308	-121.824102787
225.000000000	39.690606815	-121.824106982
226.000000000	39.690616270	-121.824108507
227.000000000	39.690625677	-121.824109772
228.000000000	39.690634668	-121.824111963
229.000000000	39.690643137	-121.824116295
230.000000000	39.690650612	-121.824122660
231.000000000	39.690659338	-121.824126955
232.000000000	39.690668997	-121.824128532
233.000000000	39.690678605	-121.824129380
234.000000000	39.690687960	-121.824130595
235.000000000	39.690697473	-121.824128807
236.000000000	39.690706653	-121.824129013
237.000000000	39.690715497	-121.824131608
238.000000000	39.690723765	-121.824136108
239.000000000	39.690731963	-121.824141530
240.000000000	39.690741163	-121.824143863
241.000000000	39.690750682	-121.824144932
242.000000000	39.690760253	-121.824144692
243.000000000	39.690769622	-121.824143898
244.000000000	39.690778502	-121.824146040
245.000000000	39.690787230	-121.824149547
246.000000000	39.690795770	-121.824153227
247.000000000	39.690804848	-121.824155702
248.000000000	39.690814570	-121.824156070
249.000000000	39.690823947	-121.824155815
250.000000000	39.690833077	-121.824156777
251.000000000	39.690842223	-121.824158545
252.000000000	39.690850707	-121.824162117
253.000000000	39.690859167	-121.824165932
254.000000000	39.690868640	-121.824166947
255.000000000	39.690877872	-121.824166780
256.000000000	39.690886973	-121.824165652
257.000000000	39.690895952	-121.824164317
258.000000000	39.690904358	-121.824166167
259.000000000	39.690912547	-121.824169087
260.000000000	39.690920730	-121.824172367
261.000000000	39.690928088	-121.824174348
262.000000000	39.690930942	-121.824175218
263.000000000	39.690930592	-121.824175098
264.000000000	39.690929975	-121.824174885
265.000000000	39.690929720	-121.824174895
266.000000000	39.690929425	-121.824174863
267.000000000	39.690928970	-121.824174743
268.000000000	39.690928595	-121.824174688
269.000000000	39.690928193	-121.824174550
270.000000000	39.690927882	-121.824174450
271.000000000	39.690927847	-121.824174410
272.000000000	39.690927828	-121.824174460
273.000000000	39.690927973	-121.824174578
274.000000000	39.690928063	-121.824174558
275.000000000	39.690928097	-121.824174585
276.000000000	39.690928135	-121.824174623
277.000000000	39.690928158	-121.824174602
278.000000000	39.690928180	-121.824174578
279.000000000	39.690928197	-121.824174615
280.000000000	39.690928252	-121.824174622
281.000000000	39.690928183	-121.824174600
282.000000000	39.690928193	-121.824174597
283.000000000	39.690928180	-121.824174607
284.000000000	39.690928182	-121.824174628
285.000000000	39.690928152	-121.824174647
286.000000000	39.690928130	-121.824174625
287.000000000	39.690928507	-121.824171960
288.000000000	39.690928542	-121.824171775
289.000000000	39.690928615	-121.824171722
290.000000000	39.690928617	-121.824171687
291.000000000	39.690928607	-121.824171720
292.000000000	39.690928635	-121.824171838
293.000000000	39.690928620	-121.824171835
294.000000000	39.690928602	-121.824171800
295.000000000	39.690928590	-121.824171917
296.000000000	39.690928602	-121.824171953
297.000000000	39.690928615	-121.824171997
298.000000000	39.690928582	-121.824172068
299.000000000	39.690928633	-121.824172138
300.000000000	39.690928653	-121.824172095
301.000000000	39.690928720	-121.824172123
302.000000000	39.690928743	-121.824172097
303.000000000	39.690928777	-121.824172137
304.000000000	39.690928780	-121.824172122
305.000000000	39.690928780	-121.824172113
306.000000000	39.690928755	-121.824172040
307.000000000	39.690928770	-121.824172063
308.000000000	39.690928755	-121.824172130
309.000000000	39.690928738	-121.824172135
310.000000000	39.690928765	-121.824172200
311.000000000	39.690928815	-121.824172325
312.000000000	39.690928812	-121.824172363
313.000000000	39.690928738	-121.824172370
314.000000000	39.690928788	-121.824172448
315.000000000	39.690928812	-121.824172497
316.000000000	39.690928818	-121.824172443
317.000000000	39.690928825	-121.824172445
318.000000000	39.690928855	-121.824172500
319.000000000	39.690928752	-121.824172368
320.000000000	39.690928885	-121.824171960
321.000000000	39.690928742	-121.824172067
322.000000000	39.690928655	-121.824172062
323.000000000	39.690928577	-121.824172080
324.000000000	39.690928530	-121.824172085
325.000000000	39.690928485	-121.824172077
326.000000000	39.690928455	-121.824172162
327.000000000	39.690928367	-121.824172113
328.000000000	39.690928320	-121.824172090
329.000000000	39.690928332	-121.824172057
330.000000000	39.690928330	-121.824172062
331.000000000	39.690928345	-121.824172028
332.000000000	39.690928383	-121.824172055
333.000000000	39.690928480	-121.824172275
334.000000000	39.690929137	-121.824173223
335.000000000	39.690929028	-121.824173182
336.000000000	39.690929012	-121.824173150
337.000000000	39.690929060	-121.824173195
338.000000000	39.690929082	-121.824173217
339.000000000	39.690928983	-121.824173247
340.000000000	39.690929010	-121.824173265
341.000000000	39.690929063	-121.824173318
342.000000000	39.690929093	-121.824173397
343.000000000	39.690929162	-121.824173417
344.000000000	39.690929222	-121.824173455
345.000000000	39.690929363	-121.824173505
346.000000000	39.690929405	-121.824173610
347.000000000	39.690929418	-121.824173803
348.000000000	39.690929562	-121.824173730
349.000000000	39.690929685	-121.824173415
350.000000000	39.690929730	-121.824173572
351.000000000	39.690929785	-121.824173653
352.000000000	39.690929887	-121.824173725
353.000000000	39.690929898	-121.824173768
354.000000000	39.690929905	-121.824173823
355.000000000	39.690929913	-121.824173963
356.000000000	39.690929865	-121.824174107
357.000000000	39.690929957	-121.824174232
358.000000000	39.690930062	-121.824174338
359.000000000	39.690930060	-121.824174332
360.000000000	39.690930095	-121.824174387
361.000000000	39.690930095	-121.824174412
362.000000000	39.690930207	-121.824174482
363.000000000	39.690930222	-121.824174617
364.000000000	39.690930245	-121.824174702
365.000000000	39.690930255	-121.824174755
366.000000000	39.690930305	-121.824174705
367.000000000	39.690930365	-121.824174817
368.000000000	39.690930280	-121.824174817
369.000000000	39.690930285	-121.824174870
370.000000000	39.690930260	-121.824174948
371.000000000	39.690930255	-121.824175028
372.000000000	39.690930238	-121.824175115
373.000000000	39.690930317	-121.824175093
374.000000000	39.690930203	-121.824175163
375.000000000	39.690930210	-121.824175190
376.000000000	39.690930175	-121.824175193
377.000000000	39.690930142	-121.824175240
378.000000000	39.690930192	-121.824175330
379.000000000	39.690930128	-121.824175310
380.000000000	39.690930127	-121.824175305
381.000000000	39.690930090	-121.824175485
382.000000000	39.690930005	-121.824175412
383.000000000	39.690930033	-121.824175272
384.000000000	39.690930027	-121.824175190
385.000000000	39.690930048	-121.824175113
386.000000000	39.690929992	-121.824175087
387.000000000	39.690929985	-121.824174907
388.000000000	39.690930580	-121.824173057
389.000000000	39.690930622	-121.824172813
390.000000000	39.690930522	-121.824173170
391.000000000	39.690930535	-121.824173070
392.000000000	39.690930523	-121.824173013
393.000000000	39.690930522	-121.824173033
394.000000000	39.690930515	-121.824172943
395.000000000	39.690930472	-121.824172933
396.000000000	39.690930505	-121.824172867
397.000000000	39.690930465	-121.824172860
398.000000000	39.690930423	-121.824172817
399.000000000	39.690930390	-121.824172757
400.000000000	39.690930350	-121.824172687
401.000000000	39.690930325	-121.824172650
402.000000000	39.690930308	-121.824172588
403.000000000	39.690930307	-121.824172547
404.000000000	39.690930278	-121.824172117
405.000000000	39.690930577	-121.824172267
406.000000000	39.690934377	-121.824172957
