0.000000000	39.690564247	-121.824340518	1.000000000
1.000000000	39.690564247	-121.824340518	1.000000000
2.000000000	39.690565762	-121.824343695	1.000000000
3.000000000	39.690565742	-121.824343715	1.000000000
4.000000000	39.690565690	-121.824343775	1.000000000
5.000000000	39.690565690	-121.824343835	1.000000000
6.000000000	39.690565653	-121.824343940	1.000000000
7.000000000	39.690565712	-121.824343985	1.000000000
8.000000000	39.690565712	-121.824344035	1.000000000
9.000000000	39.690564375	-121.824342807	1.000000000
10.000000000	39.690565192	-121.824342955	0.000000000
11.000000000	39.690565315	-121.824343030	0.000000000
12.000000000	39.690565415	-121.824343035	0.000000000
13.000000000	39.690564422	-121.824342190	0.000000000
14.000000000	39.690564408	-121.824341893	0.000000000
15.000000000	39.690564783	-121.824341770	1.000000000
16.000000000	39.690564810	-121.824341827	1.000000000
17.000000000	39.690564908	-121.824341720	1.000000000
18.000000000	39.690565002	-121.824341645	1.000000000
19.000000000	39.690564032	-121.824343088	1.000000000
20.000000000	39.690564293	-121.824342715	1.000000000
21.000000000	39.690564838	-121.824341993	1.000000000
22.000000000	39.690565150	-121.824341622	1.000000000
23.000000000	39.690565387	-121.824341213	1.000000000
24.000000000	39.690565635	-121.824340975	1.000000000
25.000000000	39.690564900	-121.824342455	0.000000000
26.000000000	39.690564948	-121.824342343	0.000000000
27.000000000	39.690565065	-121.824342202	0.000000000
28.000000000	39.690565418	-121.824341903	0.000000000
29.000000000	39.690565697	-121.824341775	1.000000000
30.000000000	39.690565732	-121.824341743	1.000000000
31.000000000	39.690565862	-121.824341615	1.000000000
32.000000000	39.690565260	-121.824342393	1.000000000
33.000000000	39.690565350	-121.824342370	1.000000000
34.000000000	39.690565365	-121.824342270	0.000000000
35.000000000	39.690565385	-121.824342190	0.000000000
36.000000000	39.690565475	-121.824342077	0.000000000
37.000000000	39.690565568	-121.824341890	0.000000000
38.000000000	39.690565738	-121.824341757	0.000000000
39.000000000	39.690565705	-121.824341493	1.000000000
40.000000000	39.690565997	-121.824341408	1.000000000
41.000000000	39.690566142	-121.824341472	1.000000000
42.000000000	39.690565665	-121.824341360	1.000000000
43.000000000	39.690564860	-121.824340292	0.000000000
44.000000000	39.690564593	-121.824340110	0.000000000
45.000000000	39.690564825	-121.824340055	0.000000000
46.000000000	39.690565428	-121.824340323	0.000000000
47.000000000	39.690565733	-121.824340390	0.000000000
48.000000000	39.690574247	-121.824341848	0.000000000
49.000000000	39.690564720	-121.824339817	0.000000000
50.000000000	39.690564537	-121.824340023	0.000000000
51.000000000	39.690564407	-121.824339992	1.000000000
52.000000000	39.690564305	-121.824340413	1.000000000
53.000000000	39.690564170	-121.824340640	1.000000000
54.000000000	39.690564092	-121.824340702	1.000000000
55.000000000	39.690564253	-121.824340810	1.000000000
56.000000000	39.690564167	-121.824340860	0.000000000
57.000000000	39.690563987	-121.824340943	1.000000000
58.000000000	39.690564632	-121.824341062	0.000000000
59.000000000	39.690564457	-121.824341135	0.000000000
60.000000000	39.690564442	-121.824340772	0.000000000
61.000000000	39.690564355	-121.824339477	0.000000000
62.000000000	39.690564383	-121.824339527	0.000000000
63.000000000	39.690564352	-121.824339290	1.000000000
64.000000000	39.690564398	-121.824339130	0.000000000
65.000000000	39.690564422	-121.824338983	0.000000000
66.000000000	39.690563693	-121.824339785	0.000000000
67.000000000	39.690563693	-121.824339785	0.000000000
68.000000000	39.690563693	-121.824339785	0.000000000
69.000000000	39.690563693	-121.824339785	0.000000000
70.000000000	39.690563693	-121.824339785	0.000000000
71.000000000	39.690563693	-121.824339785	0.000000000
72.000000000	39.690563693	-121.824339785	0.000000000
73.000000000	39.690563693	-121.824339785	0.000000000
74.000000000	39.690563693	-121.824339785	0.000000000
75.000000000	39.690563693	-121.824339785	0.000000000
76.000000000	39.690563693	-121.824339785	0.000000000
77.000000000	39.690563693	-121.824339785	0.000000000
78.000000000	39.690563693	-121.824339785	0.000000000
79.000000000	39.690563693	-121.824339785	0.000000000
80.000000000	39.690563693	-121.824339785	0.000000000
81.000000000	39.690563693	-121.824339785	0.000000000
