0.000000000	39.690327000	-121.824280000	0.000000000
1.000000000	39.690400103	-121.824103400	1.000000000
2.000000000	39.690400043	-121.824103340	1.000000000
3.000000000	39.690399993	-121.824103345	1.000000000
4.000000000	39.690399885	-121.824103235	0.000000000
5.000000000	39.690399825	-121.824103180	1.000000000
6.000000000	39.690399715	-121.824103173	1.000000000
7.000000000	39.690399633	-121.824103083	1.000000000
8.000000000	39.690399533	-121.824103048	0.000000000
9.000000000	39.690399453	-121.824103027	0.000000000
10.000000000	39.690399353	-121.824102977	1.000000000
11.000000000	39.690399293	-121.824102930	1.000000000
12.000000000	39.690399617	-121.824103203	1.000000000
13.000000000	39.690399512	-121.824103207	1.000000000
14.000000000	39.690399417	-121.824103235	1.000000000
15.000000000	39.690399340	-121.824103170	1.000000000
16.000000000	39.690386860	-121.824082342	1.000000000
17.000000000	39.690396150	-121.824078780	1.000000000
18.000000000	39.690396150	-121.824078780	1.000000000
19.000000000	39.690396150	-121.824078780	1.000000000
20.000000000	39.690396150	-121.824078780	1.000000000
21.000000000	39.690396150	-121.824078780	1.000000000
22.000000000	39.690396150	-121.824078780	1.000000000
23.000000000	39.690396150	-121.824078780	1.000000000
24.000000000	39.690271580	-121.824138258	1.000000000
25.000000000	39.690283668	-121.824131543	1.000000000
26.000000000	39.690318005	-121.824112857	1.000000000
27.000000000	39.690372660	-121.824090112	1.000000000
28.000000000	39.690382967	-121.824086357	0.000000000
29.000000000	39.690385127	-121.824086830	0.000000000
30.000000000	39.690380860	-121.824087602	0.000000000
31.000000000	39.690370522	-121.824084008	0.000000000
32.000000000	39.690361645	-121.824076327	0.000000000
33.000000000	39.690354163	-121.824066103	0.000000000
34.000000000	39.690344648	-121.824057645	0.000000000
35.000000000	39.690332972	-121.824054992	0.000000000
36.000000000	39.690320467	-121.824058077	0.000000000
37.000000000	39.690309480	-121.824067233	0.000000000
38.000000000	39.690301050	-121.824080992	0.000000000
39.000000000	39.690296437	-121.824097863	0.000000000
40.000000000	39.690298140	-121.824115008	0.000000000
41.000000000	39.690303203	-121.824130957	0.000000000
42.000000000	39.690310348	-121.824145477	0.000000000
43.000000000	39.690318675	-121.824158468	0.000000000
44.000000000	39.690328385	-121.824169645	0.000000000
45.000000000	39.690336030	-121.824182420	0.000000000
46.000000000	39.690341732	-121.824196278	0.000000000
47.000000000	39.690345775	-121.824211098	0.000000000
48.000000000	39.690348867	-121.824226422	0.000000000
49.000000000	39.690353802	-121.824241383	0.000000000
50.000000000	39.690359693	-121.824256025	0.000000000
51.000000000	39.690368012	-121.824268978	0.000000000
52.000000000	39.690377222	-121.824280392	0.000000000
53.000000000	39.690384385	-121.824293318	0.000000000
54.000000000	39.690389780	-121.824307293	0.000000000
55.000000000	39.690393890	-121.824321975	0.000000000
56.000000000	39.690397587	-121.824337007	0.000000000
57.000000000	39.690404992	-121.824350713	0.000000000
58.000000000	39.690414487	-121.824362270	0.000000000
59.000000000	39.690423855	-121.824373115	0.000000000
60.000000000	39.690433178	-121.824383698	0.000000000
61.000000000	39.690439823	-121.824395800	0.000000000
62.000000000	39.690443427	-121.824405048	0.000000000
63.000000000	39.690445465	-121.824410688	0.000000000
64.000000000	39.690447853	-121.824415520	0.000000000
65.000000000	39.690458143	-121.824424573	0.000000000
66.000000000	39.690470813	-121.824427855	0.000000000
67.000000000	39.690483687	-121.824426503	0.000000000
68.000000000	39.690496335	-121.824426038	0.000000000
69.000000000	39.690508547	-121.824428260	0.000000000
70.000000000	39.690520403	-121.824432233	0.000000000
71.000000000	39.690531993	-121.824437565	0.000000000
72.000000000	39.690543078	-121.824444043	0.000000000
73.000000000	39.690553865	-121.824451450	0.000000000
74.000000000	39.690564262	-121.824459507	0.000000000
75.000000000	39.690574238	-121.824468543	0.000000000
76.000000000	39.690584028	-121.824477950	0.000000000
77.000000000	39.690593535	-121.824488072	0.000000000
78.000000000	39.690602657	-121.824498648	0.000000000
79.000000000	39.690611583	-121.824509635	0.000000000
80.000000000	39.690620392	-121.824520998	0.000000000
81.000000000	39.690629025	-121.824532555	0.000000000
82.000000000	39.690637662	-121.824544072	0.000000000
83.000000000	39.690646008	-121.824555993	0.000000000
84.000000000	39.690654403	-121.824567837	0.000000000
85.000000000	39.690663055	-121.824579383	0.000000000
86.000000000	39.690671723	-121.824590998	0.000000000
87.000000000	39.690680408	-121.824602542	0.000000000
88.000000000	39.690689078	-121.824614045	0.000000000
89.000000000	39.690697607	-121.824625782	0.000000000
90.000000000	39.690706123	-121.824637900	0.000000000
91.000000000	39.690714142	-121.824649872	0.000000000
92.000000000	39.690720070	-121.824659343	0.000000000
93.000000000	39.690724427	-121.824666543	0.000000000
94.000000000	39.690728392	-121.824671672	0.000000000
95.000000000	39.690740337	-121.824676170	0.000000000
96.000000000	39.690752690	-121.824671968	0.000000000
97.000000000	39.690761860	-121.824660883	0.000000000
98.000000000	39.690766057	-121.824645138	0.000000000
99.000000000	39.690765428	-121.824628512	0.000000000
100.000000000	39.690760720	-121.824613172	0.000000000
101.000000000	39.690756542	-121.824598200	0.000000000
102.000000000	39.690754162	-121.824583137	0.000000000
103.000000000	39.690754045	-121.824567875	0.000000000
104.000000000	39.690755245	-121.824552698	0.000000000
105.000000000	39.690757417	-121.824537662	0.000000000
106.000000000	39.690760692	-121.824522928	0.000000000
107.000000000	39.690764472	-121.824508288	0.000000000
108.000000000	39.690768773	-121.824493943	0.000000000
109.000000000	39.690773100	-121.824479382	0.000000000
110.000000000	39.690777538	-121.824464927	0.000000000
111.000000000	39.690781997	-121.824450307	0.000000000
112.000000000	39.690786640	-121.824435857	0.000000000
113.000000000	39.690791553	-121.824421580	0.000000000
114.000000000	39.690796952	-121.824407647	0.000000000
115.000000000	39.690802830	-121.824394080	0.000000000
116.000000000	39.690809122	-121.824381825	0.000000000
117.000000000	39.690814060	-121.824373225	0.000000000
118.000000000	39.690817207	-121.824367988	0.000000000
119.000000000	39.690819578	-121.824362865	0.000000000
120.000000000	39.690820868	-121.824347172	0.000000000
121.000000000	39.690816340	-121.824331887	0.000000000
122.000000000	39.690807483	-121.824320195	0.000000000
123.000000000	39.690796390	-121.824312828	0.000000000
124.000000000	39.690784180	-121.824309580	0.000000000
125.000000000	39.690771678	-121.824311055	0.000000000
126.000000000	39.690759755	-121.824310275	0.000000000
127.000000000	39.690748447	-121.824305908	0.000000000
128.000000000	39.690738000	-121.824299158	0.000000000
129.000000000	39.690728162	-121.824290842	0.000000000
130.000000000	39.690718848	-121.824281368	0.000000000
131.000000000	39.690709720	-121.824271085	0.000000000
132.000000000	39.690700603	-121.824260690	0.000000000
133.000000000	39.690691522	-121.824250228	0.000000000
134.000000000	39.690681600	-121.824240713	0.000000000
135.000000000	39.690672120	-121.824230675	0.000000000
136.000000000	39.690662688	-121.824221072	0.000000000
137.000000000	39.690653155	-121.824211792	0.000000000
138.000000000	39.690643450	-121.824202222	0.000000000
139.000000000	39.690633818	-121.824192777	0.000000000
140.000000000	39.690624127	-121.824183270	0.000000000
141.000000000	39.690614367	-121.824174057	0.000000000
142.000000000	39.690604523	-121.824165873	0.000000000
143.000000000	39.690597080	-121.824161990	0.000000000
144.000000000	39.690592362	-121.824160058	0.000000000
145.000000000	39.690590565	-121.824159505	0.000000000
146.000000000	39.690590573	-121.824159577	0.000000000
147.000000000	39.690590570	-121.824159585	0.000000000
148.000000000	39.690590907	-121.824158837	0.000000000
149.000000000	39.690590992	-121.824158768	0.000000000
150.000000000	39.690591027	-121.824158907	0.000000000
151.000000000	39.690590640	-121.824158973	0.000000000
152.000000000	39.690590893	-121.824158840	1.000000000
153.000000000	39.690590830	-121.824158850	1.000000000
154.000000000	39.690590985	-121.824158912	1.000000000
155.000000000	39.690591063	-121.824158917	1.000000000
156.000000000	39.690591127	-121.824159165	1.000000000
157.000000000	39.690590893	-121.824159200	1.000000000
