0.000000000	39.690500695	-121.824346250
1.000000000	39.690500417	-121.824347340
2.000000000	39.690499648	-121.824348452
3.000000000	39.690499348	-121.824348657
4.000000000	39.690498953	-121.824349412
5.000000000	39.690492792	-121.824359232
6.000000000	39.690478228	-121.824371343
7.000000000	39.690467537	-121.824370172
8.000000000	39.690453237	-121.824364608
9.000000000	39.690438608	-121.824347837
10.000000000	39.690423705	-121.824327245
11.000000000	39.690408487	-121.824306215
12.000000000	39.690403198	-121.824280780
13.000000000	39.690405595	-121.824253673
14.000000000	39.690401450	-121.824224110
15.000000000	39.690383760	-121.824203908
16.000000000	39.690360290	-121.824205863
17.000000000	39.690343738	-121.824227852
18.000000000	39.690342728	-121.824258307
19.000000000	39.690355552	-121.824282097
20.000000000	39.690366083	-121.824297082
21.000000000	39.690373813	-121.824307793
22.000000000	39.690381513	-121.824312217
23.000000000	39.690385717	-121.824313943
24.000000000	39.690387217	-121.824314963
25.000000000	39.690387195	-121.824314973
26.000000000	39.690387190	-121.824315007
27.000000000	39.690387177	-121.824314988
28.000000000	39.690387187	-121.824314957
29.000000000	39.690387222	-121.824314948
30.000000000	39.690387217	-121.824314917
31.000000000	39.690387223	-121.824314943
32.000000000	39.690387258	-121.824314928
33.000000000	39.690387288	-121.824314947
34.000000000	39.690387322	-121.824314958
35.000000000	39.690387367	-121.824314957
36.000000000	39.690387423	-121.824314968
37.000000000	39.690387480	-121.824314970
38.000000000	39.690387520	-121.824314942
39.000000000	39.690387525	-121.824314895
40.000000000	39.690387552	-121.824314837
41.000000000	39.690387612	-121.824314743
42.000000000	39.690387622	-121.824314728
43.000000000	39.690387598	-121.824314720
44.000000000	39.690387647	-121.824314793
45.000000000	39.690387603	-121.824314830
46.000000000	39.690387595	-121.824314905
47.000000000	39.690387817	-121.824315077
48.000000000	39.690389575	-121.824315783
49.000000000	39.690389420	-121.824315815
50.000000000	39.690389463	-121.824315858
51.000000000	39.690389485	-121.824315942
52.000000000	39.690389505	-121.824315997
53.000000000	39.690389603	-121.824316080
54.000000000	39.690389668	-121.824316105
55.000000000	39.690389723	-121.824316173
56.000000000	39.690389768	-121.824316210
57.000000000	39.690389967	-121.824316398
58.000000000	39.690391087	-121.824317422
59.000000000	39.690393753	-121.824318483
60.000000000	39.690395883	-121.824318863
61.000000000	39.690396163	-121.824319042
62.000000000	39.690396100	-121.824319003
63.000000000	39.690397538	-121.824319145
64.000000000	39.690397732	-121.824319263
65.000000000	39.690399665	-121.824320148
66.000000000	39.690399923	-121.824320378
67.000000000	39.690399443	-121.824320818
68.000000000	39.690404238	-121.824326338
69.000000000	39.690407312	-121.824330353
70.000000000	39.690408560	-121.824331532
71.000000000	39.690408133	-121.824331318
72.000000000	39.690408322	-121.824331305
73.000000000	39.690408182	-121.824331142
74.000000000	39.690408183	-121.824331140
75.000000000	39.690408207	-121.824331127
76.000000000	39.690408272	-121.824331073
77.000000000	39.690408260	-121.824331043
78.000000000	39.690408265	-121.824331028
79.000000000	39.690408212	-121.824331013
80.000000000	39.690408243	-121.824330987
81.000000000	39.690408268	-121.824330980
82.000000000	39.690408283	-121.824330987
83.000000000	39.690408227	-121.824331057
84.000000000	39.690408232	-121.824331152
85.000000000	39.690408365	-121.824331035
86.000000000	39.690408462	-121.824331262
87.000000000	39.690408497	-121.824331262
88.000000000	39.690409382	-121.824332583
89.000000000	39.690412653	-121.824336528
90.000000000	39.690417007	-121.824341713
91.000000000	39.690418157	-121.824341602
92.000000000	39.690420620	-121.824343982
93.000000000	39.690420892	-121.824344277
94.000000000	39.690424148	-121.824350915
95.000000000	39.690425737	-121.824357452
96.000000000	39.690426900	-121.824371122
97.000000000	39.690425385	-121.824382680
98.000000000	39.690421900	-121.824396322
99.000000000	39.690422120	-121.824412417
100.000000000	39.690426385	-121.824425678
101.000000000	39.690431152	-121.824433670
102.000000000	39.690441128	-121.824443160
103.000000000	39.690447310	-121.824450738
104.000000000	39.690451463	-121.824463477
105.000000000	39.690451742	-121.824472137
106.000000000	39.690452335	-121.824474842
107.000000000	39.690452458	-121.824475228
108.000000000	39.690453402	-121.824477317
109.000000000	39.690455007	-121.824479458
110.000000000	39.690455037	-121.824479507
111.000000000	39.690455040	-121.824479562
112.000000000	39.690455043	-121.824479630
113.000000000	39.690455067	-121.824479653
114.000000000	39.690456210	-121.824482955
115.000000000	39.690460408	-121.824493638
116.000000000	39.690463755	-121.824502837
117.000000000	39.690471453	-121.824515355
118.000000000	39.690479000	-121.824522570
119.000000000	39.690483917	-121.824527172
120.000000000	39.690488815	-121.824529267
121.000000000	39.690490625	-121.824530352
122.000000000	39.690490843	-121.824530505
123.000000000	39.690490837	-121.824530517
124.000000000	39.690490850	-121.824530492
125.000000000	39.690490822	-121.824530432
126.000000000	39.690492727	-121.824531650
127.000000000	39.690497320	-121.824532523
128.000000000	39.690507928	-121.824531892
129.000000000	39.690514433	-121.824532078
130.000000000	39.690517712	-121.824532350
131.000000000	39.690520565	-121.824532725
132.000000000	39.690520948	-121.824532700
133.000000000	39.690520938	-121.824532715
134.000000000	39.690520883	-121.824532807
135.000000000	39.690520817	-121.824532787
136.000000000	39.690520818	-121.824532748
137.000000000	39.690520913	-121.824532702
138.000000000	39.690520928	-121.824532750
139.000000000	39.690522802	-121.824532118
140.000000000	39.690527375	-121.824532485
141.000000000	39.690539432	-121.824532975
142.000000000	39.690551600	-121.824532877
143.000000000	39.690563675	-121.824532130
144.000000000	39.690575635	-121.824530875
145.000000000	39.690587523	-121.824529108
146.000000000	39.690599495	-121.824526747
147.000000000	39.690611360	-121.824523800
148.000000000	39.690623103	-121.824521390
149.000000000	39.690634072	-121.824524613
150.000000000	39.690643487	-121.824532255
151.000000000	39.690654957	-121.824537697
152.000000000	39.690666728	-121.824541380
153.000000000	39.690679568	-121.824537855
154.000000000	39.690690605	-121.824528812
155.000000000	39.690699312	-121.824516507
156.000000000	39.690707857	-121.824505375
157.000000000	39.690719180	-121.824499720
158.000000000	39.690730997	-121.824501362
159.000000000	39.690741528	-121.824507227
160.000000000	39.690750308	-121.824516185
161.000000000	39.690761048	-121.824523103
162.000000000	39.690773808	-121.824522712
163.000000000	39.690785272	-121.824515557
164.000000000	39.690794180	-121.824504082
165.000000000	39.690799102	-121.824488747
166.000000000	39.690800403	-121.824472468
167.000000000	39.690802770	-121.824457218
168.000000000	39.690808217	-121.824444265
169.000000000	39.690816920	-121.824436230
170.000000000	39.690827192	-121.824431820
171.000000000	39.690837913	-121.824430652
172.000000000	39.690849202	-121.824425920
173.000000000	39.690858220	-121.824414180
174.000000000	39.690863110	-121.824398842
175.000000000	39.690863168	-121.824382163
176.000000000	39.690858433	-121.824366595
177.000000000	39.690849672	-121.824354245
178.000000000	39.690838015	-121.824347052
179.000000000	39.690825118	-121.824345827
180.000000000	39.690812810	-121.824349877
181.000000000	39.690802413	-121.824359608
182.000000000	39.690794225	-121.824372625
183.000000000	39.690785678	-121.824383722
184.000000000	39.690775535	-121.824389202
185.000000000	39.690764935	-121.824388393
186.000000000	39.690754918	-121.824383520
187.000000000	39.690746145	-121.824375233
188.000000000	39.690739117	-121.824364247
189.000000000	39.690728987	-121.824355182
190.000000000	39.690716113	-121.824353177
191.000000000	39.690703797	-121.824357688
192.000000000	39.690692850	-121.824365542
193.000000000	39.690681758	-121.824371245
194.000000000	39.690670877	-121.824370982
195.000000000	39.690660788	-121.824366527
196.000000000	39.690652332	-121.824357653
197.000000000	39.690645183	-121.824346633
198.000000000	39.690635533	-121.824337433
199.000000000	39.690622878	-121.824335008
200.000000000	39.690610638	-121.824339297
201.000000000	39.690599983	-121.824348480
202.000000000	39.690591208	-121.824360853
203.000000000	39.690582372	-121.824371363
204.000000000	39.690572207	-121.824377973
205.000000000	39.690561525	-121.824380428
206.000000000	39.690550603	-121.824377873
207.000000000	39.690541535	-121.824370890
208.000000000	39.690533303	-121.824361497
209.000000000	39.690528018	-121.824349337
210.000000000	39.690525480	-121.824335768
211.000000000	39.690526465	-121.824321908
212.000000000	39.690530100	-121.824308740
213.000000000	39.690531458	-121.824293632
214.000000000	39.690527187	-121.824278145
215.000000000	39.690518195	-121.824266260
216.000000000	39.690506685	-121.824258925
217.000000000	39.690493823	-121.824257802
218.000000000	39.690481297	-121.824261125
219.000000000	39.690469275	-121.824262957
220.000000000	39.690458515	-121.824258920
221.000000000	39.690450520	-121.824249572
222.000000000	39.690445020	-121.824237855
223.000000000	39.690441885	-121.824224173
224.000000000	39.690442597	-121.824209930
225.000000000	39.690446175	-121.824196595
226.000000000	39.690453000	-121.824185365
227.000000000	39.690462058	-121.824177413
228.000000000	39.690472545	-121.824172815
229.000000000	39.690482762	-121.824164250
230.000000000	39.690488985	-121.824149735
231.000000000	39.690490880	-121.824133398
232.000000000	39.690493380	-121.824117928
233.000000000	39.690499312	-121.824105400
234.000000000	39.690508370	-121.824097922
235.000000000	39.690518938	-121.824094687
236.000000000	39.690531702	-121.824095868
237.000000000	39.690539612	-121.824101195
238.000000000	39.690548888	-121.824109465
239.000000000	39.690560180	-121.824115258
240.000000000	39.690572867	-121.824113597
241.000000000	39.690584210	-121.824105585
242.000000000	39.690593110	-121.824094085
243.000000000	39.690602532	-121.824084320
244.000000000	39.690612890	-121.824079187
245.000000000	39.690623897	-121.824079932
246.000000000	39.690634208	-121.824085368
247.000000000	39.690642605	-121.824094625
248.000000000	39.690649188	-121.824106208
249.000000000	39.690658410	-121.824116473
250.000000000	39.690670873	-121.824120525
251.000000000	39.690683662	-121.824117595
252.000000000	39.690695067	-121.824110280
253.000000000	39.690706358	-121.824104645
254.000000000	39.690717668	-121.824099585
255.000000000	39.690728558	-121.824101008
256.000000000	39.690738072	-121.824108033
257.000000000	39.690745590	-121.824118412
258.000000000	39.690751688	-121.824130695
259.000000000	39.690762683	-121.824141947
260.000000000	39.690774775	-121.824147460
261.000000000	39.690787185	-121.824145752
262.000000000	39.690798722	-121.824138432
263.000000000	39.690807620	-121.824126573
264.000000000	39.690813433	-121.824111898
265.000000000	39.690820172	-121.824099103
266.000000000	39.690829465	-121.824090178
267.000000000	39.690839813	-121.824087757
268.000000000	39.690850432	-121.824088770
269.000000000	39.690860172	-121.824094002
270.000000000	39.690869410	-121.824101558
271.000000000	39.690879948	-121.824107637
272.000000000	39.690891210	-121.824112040
273.000000000	39.690903235	-121.824109302
274.000000000	39.690913943	-121.824101875
275.000000000	39.690924592	-121.824096148
276.000000000	39.690934947	-121.824095213
277.000000000	39.690945920	-121.824094075
278.000000000	39.690956708	-121.824086677
279.000000000	39.690965862	-121.824072245
280.000000000	39.690968930	-121.824056640
281.000000000	39.690967635	-121.824040435
282.000000000	39.690962520	-121.824024838
283.000000000	39.690959337	-121.824010127
284.000000000	39.690960173	-121.823995977
285.000000000	39.690965173	-121.823984082
286.000000000	39.690973133	-121.823974253
287.000000000	39.690982232	-121.823968628
288.000000000	39.690991628	-121.823966917
289.000000000	39.690994625	-121.823967457
290.000000000	39.690993657	-121.823967208
291.000000000	39.690992700	-121.823967275
292.000000000	39.690990713	-121.823966925
293.000000000	39.690993197	-121.823966470
294.000000000	39.690988563	-121.823967308
295.000000000	39.690984873	-121.823968445
296.000000000	39.690981722	-121.823969738
297.000000000	39.690977690	-121.823972203
298.000000000	39.690976095	-121.823973488
299.000000000	39.690976535	-121.823973143
300.000000000	39.690976225	-121.823973153
301.000000000	39.690976270	-121.823973233
302.000000000	39.690976493	-121.823973437
303.000000000	39.690975908	-121.823973325
304.000000000	39.690975937	-121.823973338
305.000000000	39.690975892	-121.823973292
306.000000000	39.690975528	-121.823973325
307.000000000	39.690975382	-121.823973232
308.000000000	39.690975287	-121.823973182
309.000000000	39.690975270	-121.823973058
310.000000000	39.690975150	-121.823973045
311.000000000	39.690975287	-121.823972815
312.000000000	39.690975078	-121.823972625
313.000000000	39.690974918	-121.823972337
314.000000000	39.690974967	-121.823972528
315.000000000	39.690974902	-121.823972520
316.000000000	39.690974782	-121.823972525
317.000000000	39.690974895	-121.823972683
318.000000000	39.690975080	-121.823972657
319.000000000	39.690974970	-121.823973087
320.000000000	39.690975780	-121.823988475
321.000000000	39.690973318	-121.823987248
322.000000000	39.690971770	-121.823990427
323.000000000	39.690971097	-121.823996645
324.000000000	39.690970405	-121.824005730
325.000000000	39.690966710	-121.824014177
326.000000000	39.690960330	-121.824021593
327.000000000	39.690955567	-121.824026172
328.000000000	39.690954642	-121.824027663
329.000000000	39.690954620	-121.824028142
330.000000000	39.690953637	-121.824028557
331.000000000	39.690954563	-121.824027633
332.000000000	39.690953935	-121.824029688
333.000000000	39.690953963	-121.824030298
334.000000000	39.690953923	-121.824030672
335.000000000	39.690953747	-121.824030750
336.000000000	39.690953695	-121.824030812
337.000000000	39.690953387	-121.824030898
