0.000000000	39.690938692	-121.824181920
1.000000000	39.690940563	-121.824181475
2.000000000	39.690940583	-121.824181367
3.000000000	39.690940735	-121.824181283
4.000000000	39.690940685	-121.824181073
5.000000000	39.690940813	-121.824181065
6.000000000	39.690940923	-121.824181098
7.000000000	39.690940935	-121.824181015
8.000000000	39.690940987	-121.824180843
9.000000000	39.690940958	-121.824180843
10.000000000	39.690940992	-121.824180822
11.000000000	39.690940997	-121.824180760
12.000000000	39.690941033	-121.824180815
13.000000000	39.690940935	-121.824180928
14.000000000	39.690941083	-121.824180992
15.000000000	39.690941130	-121.824180957
16.000000000	39.690941235	-121.824180978
17.000000000	39.690941485	-121.824181760
18.000000000	39.690941587	-121.824181492
19.000000000	39.690941613	-121.824181370
20.000000000	39.690941870	-121.824182328
21.000000000	39.690941932	-121.824186175
22.000000000	39.690942187	-121.824187008
23.000000000	39.690946592	-121.824194693
24.000000000	39.690955552	-121.824205585
25.000000000	39.690962137	-121.824218332
26.000000000	39.690964342	-121.824233022
27.000000000	39.690966848	-121.824248038
28.000000000	39.690971343	-121.824261013
29.000000000	39.690972897	-121.824276027
30.000000000	39.690970407	-121.824290813
31.000000000	39.690969345	-121.824306315
32.000000000	39.690970560	-121.824322145
33.000000000	39.690967593	-121.824337143
34.000000000	39.690961183	-121.824349277
35.000000000	39.690953533	-121.824360372
36.000000000	39.690948355	-121.824372140
37.000000000	39.690944265	-121.824387255
38.000000000	39.690937252	-121.824399453
39.000000000	39.690930373	-121.824410658
40.000000000	39.690927728	-121.824422012
41.000000000	39.690928482	-121.824437232
42.000000000	39.690929502	-121.824447450
43.000000000	39.690929497	-121.824453697
44.000000000	39.690929920	-121.824456873
45.000000000	39.690931030	-121.824466110
46.000000000	39.690935517	-121.824475690
47.000000000	39.690935367	-121.824475413
48.000000000	39.690934237	-121.824472108
49.000000000	39.690933230	-121.824470258
50.000000000	39.690933412	-121.824470500
51.000000000	39.690933483	-121.824470597
52.000000000	39.690933438	-121.824470627
53.000000000	39.690933443	-121.824470710
54.000000000	39.690933493	-121.824470752
55.000000000	39.690933527	-121.824470820
56.000000000	39.690933540	-121.824470897
57.000000000	39.690933533	-121.824471010
58.000000000	39.690933553	-121.824471155
59.000000000	39.690933600	-121.824471280
60.000000000	39.690933672	-121.824471393
61.000000000	39.690933775	-121.824471487
62.000000000	39.690933810	-121.824471575
63.000000000	39.690933897	-121.824471685
64.000000000	39.690933982	-121.824471768
65.000000000	39.690934027	-121.824471900
66.000000000	39.690934100	-121.824471957
67.000000000	39.690934110	-121.824471983
68.000000000	39.690934238	-121.824472007
69.000000000	39.690934283	-121.824472085
70.000000000	39.690934333	-121.824472012
71.000000000	39.690934188	-121.824471998
72.000000000	39.690934182	-121.824471868
73.000000000	39.690933895	-121.824470140
74.000000000	39.690932857	-121.824460860
75.000000000	39.690928832	-121.824448087
76.000000000	39.690924463	-121.824432002
77.000000000	39.690919840	-121.824413452
78.000000000	39.690916830	-121.824394958
79.000000000	39.690913543	-121.824381265
80.000000000	39.690910643	-121.824371818
81.000000000	39.690908523	-121.824366997
82.000000000	39.690908597	-121.824367242
83.000000000	39.690909322	-121.824369688
84.000000000	39.690912962	-121.824380397
85.000000000	39.690915205	-121.824391830
86.000000000	39.690921125	-121.824402567
87.000000000	39.690928475	-121.824409302
88.000000000	39.690930402	-121.824412127
89.000000000	39.690930313	-121.824411925
90.000000000	39.690928677	-121.824409608
91.000000000	39.690925013	-121.824404442
92.000000000	39.690919632	-121.824396580
93.000000000	39.690913253	-121.824386940
94.000000000	39.690906420	-121.824376653
95.000000000	39.690897490	-121.824362408
96.000000000	39.690887238	-121.824348897
97.000000000	39.690880233	-121.824338572
98.000000000	39.690879962	-121.824338678
99.000000000	39.690879978	-121.824339833
100.000000000	39.690877542	-121.824351427
101.000000000	39.690875783	-121.824366360
102.000000000	39.690878762	-121.824381652
103.000000000	39.690883377	-121.824395977
104.000000000	39.690886158	-121.824410798
105.000000000	39.690890412	-121.824425243
106.000000000	39.690890368	-121.824438148
107.000000000	39.690886947	-121.824451888
108.000000000	39.690886015	-121.824467280
109.000000000	39.690884173	-121.824482353
110.000000000	39.690877307	-121.824493470
111.000000000	39.690866940	-121.824497203
112.000000000	39.690856357	-121.824494473
113.000000000	39.690847673	-121.824486727
114.000000000	39.690842268	-121.824474935
115.000000000	39.690841712	-121.824461417
116.000000000	39.690845778	-121.824449150
117.000000000	39.690853643	-121.824440325
118.000000000	39.690863860	-121.824437132
119.000000000	39.690874088	-121.824439792
120.000000000	39.690882277	-121.824448302
121.000000000	39.690886750	-121.824460773
122.000000000	39.690886322	-121.824474418
123.000000000	39.690881150	-121.824486395
124.000000000	39.690872737	-121.824494912
125.000000000	39.690861962	-121.824496642
126.000000000	39.690851787	-121.824492447
127.000000000	39.690843460	-121.824484317
128.000000000	39.690839427	-121.824471887
129.000000000	39.690840068	-121.824458583
130.000000000	39.690845338	-121.824446847
131.000000000	39.690854082	-121.824439622
132.000000000	39.690864518	-121.824437872
133.000000000	39.690874237	-121.824442482
134.000000000	39.690881505	-121.824452197
135.000000000	39.690884988	-121.824463685
136.000000000	39.690885995	-121.824475642
137.000000000	39.690881778	-121.824488282
138.000000000	39.690873412	-121.824496550
139.000000000	39.690862883	-121.824499447
140.000000000	39.690852517	-121.824495713
141.000000000	39.690846043	-121.824489258
142.000000000	39.690845127	-121.824488000
143.000000000	39.690845348	-121.824488237
144.000000000	39.690845458	-121.824487997
145.000000000	39.690845452	-121.824488022
146.000000000	39.690845653	-121.824488060
147.000000000	39.690845553	-121.824488125
148.000000000	39.690845553	-121.824488217
149.000000000	39.690845595	-121.824488313
150.000000000	39.690845652	-121.824488205
151.000000000	39.690838840	-121.824488802
152.000000000	39.690839022	-121.824488780
153.000000000	39.690845787	-121.824488422
154.000000000	39.690845803	-121.824488412
155.000000000	39.690845797	-121.824488437
156.000000000	39.690845820	-121.824488397
157.000000000	39.690845785	-121.824488455
158.000000000	39.690845780	-121.824488412
159.000000000	39.690845812	-121.824488158
160.000000000	39.690845887	-121.824487978
161.000000000	39.690845877	-121.824488067
162.000000000	39.690845825	-121.824488182
163.000000000	39.690845875	-121.824488062
164.000000000	39.690845840	-121.824488158
165.000000000	39.690845850	-121.824488058
166.000000000	39.690845820	-121.824488040
167.000000000	39.690845792	-121.824488115
168.000000000	39.690845857	-121.824488118
169.000000000	39.690845812	-121.824488095
170.000000000	39.690839895	-121.824488708
171.000000000	39.690845715	-121.824488257
172.000000000	39.690845727	-121.824488260
173.000000000	39.690843727	-121.824486255
174.000000000	39.690839378	-121.824473388
175.000000000	39.690840193	-121.824460013
176.000000000	39.690845790	-121.824448753
177.000000000	39.690854723	-121.824441533
178.000000000	39.690865258	-121.824440607
179.000000000	39.690874995	-121.824445208
180.000000000	39.690882492	-121.824454633
181.000000000	39.690886160	-121.824467343
182.000000000	39.690885482	-121.824480952
183.000000000	39.690879785	-121.824492488
184.000000000	39.690870608	-121.824499793
185.000000000	39.690859910	-121.824500573
186.000000000	39.690849945	-121.824495222
187.000000000	39.690842900	-121.824485165
188.000000000	39.690840578	-121.824471968
189.000000000	39.690843222	-121.824459092
190.000000000	39.690848583	-121.824449875
191.000000000	39.690849760	-121.824448863
192.000000000	39.690849532	-121.824449040
193.000000000	39.690849502	-121.824449110
194.000000000	39.690849498	-121.824449067
195.000000000	39.690849360	-121.824449180
196.000000000	39.690848318	-121.824450077
197.000000000	39.690874502	-121.824425092
198.000000000	39.690865180	-121.824441625
199.000000000	39.690866538	-121.824448555
200.000000000	39.690866075	-121.824450655
201.000000000	39.690862922	-121.824453257
202.000000000	39.690862757	-121.824453505
203.000000000	39.690862652	-121.824453647
204.000000000	39.690862567	-121.824453770
205.000000000	39.690862417	-121.824454037
206.000000000	39.690862363	-121.824454023
207.000000000	39.690862212	-121.824454225
208.000000000	39.690862138	-121.824454370
209.000000000	39.690862117	-121.824454407
210.000000000	39.690862052	-121.824454423
211.000000000	39.690861957	-121.824454527
212.000000000	39.690861723	-121.824454738
213.000000000	39.690861630	-121.824454812
214.000000000	39.690860775	-121.824454653
215.000000000	39.690857870	-121.824454528
216.000000000	39.690852857	-121.824455220
217.000000000	39.690847068	-121.824457300
218.000000000	39.690843042	-121.824460255
219.000000000	39.690842072	-121.824461073
220.000000000	39.690842047	-121.824461117
221.000000000	39.690841977	-121.824461218
222.000000000	39.690841822	-121.824461377
223.000000000	39.690841715	-121.824461502
224.000000000	39.690834717	-121.824462935
225.000000000	39.690834642	-121.824463083
226.000000000	39.690834292	-121.824463243
227.000000000	39.690834275	-121.824463285
228.000000000	39.690834897	-121.824463173
229.000000000	39.690834967	-121.824463145
230.000000000	39.690835075	-121.824463138
231.000000000	39.690835042	-121.824463247
232.000000000	39.690835035	-121.824463315
233.000000000	39.690835028	-121.824463413
234.000000000	39.690834905	-121.824463600
235.000000000	39.690834820	-121.824463753
236.000000000	39.690834822	-121.824463750
237.000000000	39.690834457	-121.824463935
238.000000000	39.690834255	-121.824464072
239.000000000	39.690832280	-121.824464438
240.000000000	39.690820378	-121.824470428
241.000000000	39.690811615	-121.824482643
242.000000000	39.690803340	-121.824494720
243.000000000	39.690793387	-121.824502585
244.000000000	39.690782530	-121.824501985
245.000000000	39.690773382	-121.824495190
246.000000000	39.690767473	-121.824484053
247.000000000	39.690765835	-121.824470707
248.000000000	39.690768873	-121.824457992
249.000000000	39.690776100	-121.824448730
250.000000000	39.690785932	-121.824444392
251.000000000	39.690796227	-121.824446427
252.000000000	39.690804937	-121.824454432
253.000000000	39.690810790	-121.824465933
254.000000000	39.690811882	-121.824479510
255.000000000	39.690810000	-121.824487605
256.000000000	39.690809817	-121.824487772
257.000000000	39.690809447	-121.824488010
258.000000000	39.690809170	-121.824488250
259.000000000	39.690808557	-121.824488532
260.000000000	39.690808373	-121.824488778
261.000000000	39.690808078	-121.824489007
262.000000000	39.690807780	-121.824489208
263.000000000	39.690807542	-121.824489377
264.000000000	39.690807145	-121.824489637
265.000000000	39.690806897	-121.824489810
266.000000000	39.690806600	-121.824490038
267.000000000	39.690806600	-121.824490038
268.000000000	39.690806600	-121.824490038
269.000000000	39.690806600	-121.824490038
270.000000000	39.690806600	-121.824490038
271.000000000	39.690806600	-121.824490038
272.000000000	39.690806600	-121.824490038
273.000000000	39.690806600	-121.824490038
