0.000000000	39.690446185	-121.824397992	1.000000000
1.000000000	39.690446185	-121.824397992	0.000000000
2.000000000	39.690441342	-121.824388705	0.000000000
3.000000000	39.690441575	-121.824388867	0.000000000
4.000000000	39.690441858	-121.824389072	0.000000000
5.000000000	39.690442118	-121.824389493	0.000000000
6.000000000	39.690442325	-121.824389820	0.000000000
7.000000000	39.690442615	-121.824390432	0.000000000
8.000000000	39.690445230	-121.824395800	1.000000000
9.000000000	39.690442943	-121.824391017	1.000000000
10.000000000	39.690443170	-121.824391363	1.000000000
11.000000000	39.690443250	-121.824391487	1.000000000
12.000000000	39.690443460	-121.824391787	1.000000000
13.000000000	39.690443635	-121.824391990	0.000000000
14.000000000	39.690443722	-121.824392292	0.000000000
15.000000000	39.690443763	-121.824392382	0.000000000
16.000000000	39.690443922	-121.824392777	0.000000000
17.000000000	39.690444003	-121.824393047	0.000000000
18.000000000	39.690444435	-121.824393427	0.000000000
19.000000000	39.690444717	-121.824393535	0.000000000
20.000000000	39.690444790	-121.824393595	0.000000000
21.000000000	39.690444855	-121.824393688	0.000000000
22.000000000	39.690445038	-121.824393615	1.000000000
23.000000000	39.690445193	-121.824393842	1.000000000
24.000000000	39.690445237	-121.824393865	1.000000000
25.000000000	39.690445287	-121.824393990	1.000000000
26.000000000	39.690445328	-121.824394092	1.000000000
27.000000000	39.690445422	-121.824394153	0.000000000
28.000000000	39.690445700	-121.824394343	1.000000000
29.000000000	39.690445943	-121.824394508	1.000000000
30.000000000	39.690446138	-121.824394712	0.000000000
31.000000000	39.690446282	-121.824394820	0.000000000
32.000000000	39.690446228	-121.824394842	0.000000000
33.000000000	39.690446223	-121.824394865	1.000000000
34.000000000	39.690446222	-121.824394863	1.000000000
35.000000000	39.690446285	-121.824394740	1.000000000
36.000000000	39.690446287	-121.824394815	1.000000000
37.000000000	39.690446362	-121.824394738	0.000000000
38.000000000	39.690446377	-121.824394725	1.000000000
39.000000000	39.690446365	-121.824394488	1.000000000
40.000000000	39.690446383	-121.824394487	1.000000000
41.000000000	39.690446335	-121.824394307	1.000000000
42.000000000	39.690446285	-121.824394133	0.000000000
43.000000000	39.690446240	-121.824394028	0.000000000
44.000000000	39.690446222	-121.824393930	0.000000000
45.000000000	39.690446220	-121.824393880	0.000000000
46.000000000	39.690446323	-121.824393910	0.000000000
47.000000000	39.690446355	-121.824393947	0.000000000
48.000000000	39.690446443	-121.824393960	0.000000000
49.000000000	39.690446508	-121.824393917	0.000000000
50.000000000	39.690446643	-121.824393980	0.000000000
51.000000000	39.690446762	-121.824393937	1.000000000
52.000000000	39.690446812	-121.824393847	1.000000000
53.000000000	39.690446868	-121.824393695	1.000000000
54.000000000	39.690446843	-121.824393600	1.000000000
55.000000000	39.690446862	-121.824393480	1.000000000
56.000000000	39.690446887	-121.824393360	1.000000000
57.000000000	39.690446933	-121.824393223	1.000000000
58.000000000	39.690446993	-121.824393237	1.000000000
59.000000000	39.690446388	-121.824393272	1.000000000
60.000000000	39.690446773	-121.824393338	1.000000000
61.000000000	39.690446153	-121.824393162	1.000000000
62.000000000	39.690446322	-121.824393090	1.000000000
63.000000000	39.690446787	-121.824393263	1.000000000
64.000000000	39.690447132	-121.824393447	1.000000000
65.000000000	39.690447102	-121.824393522	1.000000000
66.000000000	39.690446448	-121.824393325	1.000000000
67.000000000	39.690446468	-121.824393538	1.000000000
68.000000000	39.690446603	-121.824393757	1.000000000
69.000000000	39.690446715	-121.824393992	1.000000000
70.000000000	39.690446798	-121.824394247	1.000000000
71.000000000	39.690446887	-121.824394560	1.000000000
72.000000000	39.690447020	-121.824394820	1.000000000
73.000000000	39.690447085	-121.824395075	1.000000000
74.000000000	39.690446867	-121.824394422	1.000000000
75.000000000	39.690446903	-121.824394550	1.000000000
76.000000000	39.690446915	-121.824394655	0.000000000
77.000000000	39.690446892	-121.824394732	0.000000000
78.000000000	39.690447022	-121.824394933	0.000000000
79.000000000	39.690447067	-121.824395120	0.000000000
80.000000000	39.690447098	-121.824395125	1.000000000
81.000000000	39.690447283	-121.824395417	0.000000000
82.000000000	39.690447322	-121.824395430	0.000000000
83.000000000	39.690447418	-121.824395782	1.000000000
84.000000000	39.690447435	-121.824395715	1.000000000
85.000000000	39.690447445	-121.824395747	1.000000000
86.000000000	39.690447275	-121.824395620	0.000000000
87.000000000	39.690447168	-121.824395433	0.000000000
88.000000000	39.690447132	-121.824395177	0.000000000
89.000000000	39.690447082	-121.824395117	0.000000000
90.000000000	39.690447133	-121.824395037	0.000000000
91.000000000	39.690447095	-121.824394930	0.000000000
92.000000000	39.690447128	-121.824394577	0.000000000
93.000000000	39.690446380	-121.824393087	1.000000000
94.000000000	39.690446572	-121.824393482	0.000000000
95.000000000	39.690446385	-121.824393008	0.000000000
96.000000000	39.690446470	-121.824392835	0.000000000
97.000000000	39.690446420	-121.824392503	1.000000000
98.000000000	39.690446490	-121.824392608	1.000000000
99.000000000	39.690447560	-121.824393178	0.000000000
100.000000000	39.690447547	-121.824393072	0.000000000
101.000000000	39.690447148	-121.824392138	0.000000000
102.000000000	39.690447180	-121.824392203	0.000000000
103.000000000	39.690447235	-121.824392267	0.000000000
104.000000000	39.690447583	-121.824392255	0.000000000
105.000000000	39.690447413	-121.824392205	0.000000000
106.000000000	39.690447423	-121.824392008	0.000000000
107.000000000	39.690446362	-121.824391243	0.000000000
108.000000000	39.690446467	-121.824391528	0.000000000
109.000000000	39.690446452	-121.824391427	0.000000000
110.000000000	39.690446455	-121.824391347	0.000000000
111.000000000	39.690446597	-121.824391663	0.000000000
112.000000000	39.690446353	-121.824391690	0.000000000
113.000000000	39.690446590	-121.824392102	0.000000000
114.000000000	39.690446463	-121.824391912	0.000000000
115.000000000	39.690446585	-121.824391995	1.000000000
116.000000000	39.690446703	-121.824392133	1.000000000
117.000000000	39.690446808	-121.824392237	0.000000000
118.000000000	39.690446865	-121.824392412	1.000000000
119.000000000	39.690446917	-121.824392498	1.000000000
120.000000000	39.690446943	-121.824392670	1.000000000
121.000000000	39.690446953	-121.824392742	1.000000000
122.000000000	39.690446962	-121.824392715	1.000000000
123.000000000	39.690446962	-121.824392723	1.000000000
124.000000000	39.690447028	-121.824392738	0.000000000
125.000000000	39.690446965	-121.824392777	0.000000000
126.000000000	39.690447047	-121.824393067	1.000000000
127.000000000	39.690445547	-121.824392933	1.000000000
128.000000000	39.690444380	-121.824392053	1.000000000
129.000000000	39.690444710	-121.824392240	1.000000000
130.000000000	39.690445130	-121.824392560	1.000000000
131.000000000	39.690444557	-121.824392598	1.000000000
132.000000000	39.690444588	-121.824392627	1.000000000
133.000000000	39.690444720	-121.824392555	1.000000000
134.000000000	39.690444387	-121.824391777	1.000000000
135.000000000	39.690444673	-121.824391578	1.000000000
136.000000000	39.690445185	-121.824391698	1.000000000
137.000000000	39.690443030	-121.824390777	1.000000000
138.000000000	39.690443955	-121.824391098	1.000000000
139.000000000	39.690443442	-121.824391100	1.000000000
140.000000000	39.690443560	-121.824391307	1.000000000
141.000000000	39.690443853	-121.824391608	1.000000000
142.000000000	39.690444900	-121.824392225	1.000000000
143.000000000	39.690445087	-121.824392490	1.000000000
144.000000000	39.690445028	-121.824392552	1.000000000
145.000000000	39.690445125	-121.824392655	1.000000000
146.000000000	39.690445273	-121.824392825	1.000000000
147.000000000	39.690445247	-121.824392925	1.000000000
148.000000000	39.690445303	-121.824392953	1.000000000
149.000000000	39.690445202	-121.824392948	1.000000000
150.000000000	39.690446928	-121.824393770	1.000000000
151.000000000	39.690444940	-121.824393103	1.000000000
152.000000000	39.690445317	-121.824393315	1.000000000
153.000000000	39.690444568	-121.824393063	1.000000000
154.000000000	39.690444312	-121.824392947	1.000000000
155.000000000	39.690444312	-121.824392947	1.000000000
156.000000000	39.690444312	-121.824392947	1.000000000
157.000000000	39.690444312	-121.824392947	1.000000000
