0.000000000	39.689363623	-121.823885245	1.000000000
1.000000000	39.689393198	-121.823875220	1.000000000
2.000000000	39.689394018	-121.823876647	1.000000000
3.000000000	39.689395458	-121.823877938	1.000000000
4.000000000	39.689397582	-121.823878653	1.000000000
5.000000000	39.689398577	-121.823878380	1.000000000
6.000000000	39.689399052	-121.823877457	1.000000000
7.000000000	39.689399507	-121.823875685	0.000000000
8.000000000	39.689399123	-121.823875433	0.000000000
9.000000000	39.689398188	-121.823875640	1.000000000
10.000000000	39.689397457	-121.823875297	1.000000000
11.000000000	39.689396713	-121.823874903	0.000000000
12.000000000	39.689394897	-121.823874298	0.000000000
13.000000000	39.689379887	-121.823870372	0.000000000
14.000000000	39.689377730	-121.823868763	0.000000000
15.000000000	39.689375463	-121.823867635	0.000000000
16.000000000	39.689374480	-121.823866822	0.000000000
17.000000000	39.689374237	-121.823866363	0.000000000
18.000000000	39.689374293	-121.823866103	0.000000000
19.000000000	39.689374207	-121.823865862	0.000000000
20.000000000	39.689373897	-121.823865562	0.000000000
21.000000000	39.689372040	-121.823865853	0.000000000
22.000000000	39.689371090	-121.823865857	1.000000000
23.000000000	39.689393383	-121.823871038	1.000000000
24.000000000	39.689392147	-121.823871715	1.000000000
25.000000000	39.689371685	-121.823865493	1.000000000
26.000000000	39.689363718	-121.823869443	1.000000000
27.000000000	39.689384165	-121.823873350	1.000000000
28.000000000	39.689377250	-121.823885925	0.000000000
29.000000000	39.689374822	-121.823882307	0.000000000
30.000000000	39.689383888	-121.823892932	0.000000000
31.000000000	39.689383602	-121.823891265	0.000000000
32.000000000	39.689383762	-121.823889335	0.000000000
33.000000000	39.689384508	-121.823886767	0.000000000
34.000000000	39.689385768	-121.823881662	0.000000000
35.000000000	39.689386792	-121.823884098	0.000000000
36.000000000	39.689386997	-121.823883042	0.000000000
37.000000000	39.689386833	-121.823882760	0.000000000
38.000000000	39.689387060	-121.823881440	0.000000000
39.000000000	39.689387362	-121.823879508	0.000000000
40.000000000	39.689387778	-121.823877007	0.000000000
41.000000000	39.689388178	-121.823874340	0.000000000
42.000000000	39.689388120	-121.823872217	0.000000000
43.000000000	39.689388492	-121.823870867	0.000000000
44.000000000	39.689389158	-121.823868932	0.000000000
45.000000000	39.689389678	-121.823866587	0.000000000
46.000000000	39.689390175	-121.823864843	0.000000000
47.000000000	39.689390527	-121.823863305	0.000000000
48.000000000	39.689391002	-121.823862017	0.000000000
49.000000000	39.689391035	-121.823860635	1.000000000
50.000000000	39.689393148	-121.823860863	0.000000000
51.000000000	39.689392687	-121.823859628	0.000000000
52.000000000	39.689393090	-121.823859420	0.000000000
53.000000000	39.689392733	-121.823858817	0.000000000
54.000000000	39.689392497	-121.823858845	0.000000000
55.000000000	39.689392650	-121.823858658	0.000000000
56.000000000	39.689392817	-121.823858798	0.000000000
57.000000000	39.689392987	-121.823858600	0.000000000
58.000000000	39.689392758	-121.823858677	0.000000000
59.000000000	39.689394202	-121.823860190	0.000000000
60.000000000	39.689393608	-121.823859982	0.000000000
61.000000000	39.689392648	-121.823859570	0.000000000
62.000000000	39.689392190	-121.823859882	0.000000000
63.000000000	39.689393272	-121.823861767	0.000000000
64.000000000	39.689393032	-121.823862455	0.000000000
65.000000000	39.689392603	-121.823863342	0.000000000
66.000000000	39.689392102	-121.823863612	0.000000000
67.000000000	39.689390987	-121.823862193	0.000000000
68.000000000	39.689390672	-121.823862960	0.000000000
69.000000000	39.689390340	-121.823863458	0.000000000
70.000000000	39.689390128	-121.823863622	0.000000000
71.000000000	39.689389923	-121.823863632	0.000000000
72.000000000	39.689389245	-121.823863137	0.000000000
73.000000000	39.689389135	-121.823863897	0.000000000
74.000000000	39.689388307	-121.823863698	0.000000000
75.000000000	39.689387765	-121.823864130	0.000000000
76.000000000	39.689387085	-121.823864362	0.000000000
77.000000000	39.689387338	-121.823865547	0.000000000
78.000000000	39.689379935	-121.823859190	0.000000000
79.000000000	39.689384448	-121.823855163	0.000000000
80.000000000	39.689391497	-121.823848475	0.000000000
81.000000000	39.689400197	-121.823840522	0.000000000
82.000000000	39.689413203	-121.823816678	0.000000000
83.000000000	39.689410965	-121.823784988	0.000000000
84.000000000	39.689411650	-121.823762507	0.000000000
85.000000000	39.689415163	-121.823743143	0.000000000
86.000000000	39.689427717	-121.823725495	0.000000000
87.000000000	39.689447373	-121.823720710	0.000000000
88.000000000	39.689466275	-121.823732545	0.000000000
89.000000000	39.689475895	-121.823755837	0.000000000
90.000000000	39.689474407	-121.823779372	0.000000000
91.000000000	39.689472755	-121.823796127	0.000000000
92.000000000	39.689472068	-121.823808093	0.000000000
93.000000000	39.689469625	-121.823813657	0.000000000
94.000000000	39.689469902	-121.823816942	0.000000000
95.000000000	39.689469578	-121.823817117	1.000000000
96.000000000	39.689469643	-121.823817000	1.000000000
97.000000000	39.689469697	-121.823816758	1.000000000
98.000000000	39.689470092	-121.823816580	1.000000000
99.000000000	39.689470435	-121.823816363	1.000000000
100.000000000	39.689470352	-121.823815447	1.000000000
101.000000000	39.689470258	-121.823814720	1.000000000
102.000000000	39.689470262	-121.823814350	1.000000000
103.000000000	39.689470768	-121.823815180	1.000000000
104.000000000	39.689470762	-121.823815152	1.000000000
105.000000000	39.689470775	-121.823815022	1.000000000
106.000000000	39.689470833	-121.823814833	1.000000000
107.000000000	39.689470962	-121.823814620	0.000000000
108.000000000	39.689470560	-121.823813325	0.000000000
109.000000000	39.689470663	-121.823813112	0.000000000
110.000000000	39.689471260	-121.823815050	1.000000000
111.000000000	39.689465628	-121.823825107	1.000000000
112.000000000	39.689465655	-121.823825145	1.000000000
113.000000000	39.689466402	-121.823821237	1.000000000
114.000000000	39.689467237	-121.823817037	1.000000000
115.000000000	39.689467033	-121.823823033	1.000000000
116.000000000	39.689467125	-121.823828422	0.000000000
117.000000000	39.689467868	-121.823827105	0.000000000
118.000000000	39.689468530	-121.823826222	0.000000000
119.000000000	39.689469363	-121.823824245	1.000000000
120.000000000	39.689469952	-121.823823315	0.000000000
121.000000000	39.689470372	-121.823822980	0.000000000
122.000000000	39.689470777	-121.823822503	1.000000000
123.000000000	39.689471135	-121.823822303	1.000000000
124.000000000	39.689471537	-121.823821955	1.000000000
125.000000000	39.689471790	-121.823822225	1.000000000
126.000000000	39.689472178	-121.823822138	0.000000000
127.000000000	39.689470555	-121.823827607	0.000000000
128.000000000	39.689466527	-121.823836668	0.000000000
129.000000000	39.689460938	-121.823843902	1.000000000
130.000000000	39.689454797	-121.823851385	0.000000000
131.000000000	39.689450915	-121.823861147	0.000000000
132.000000000	39.689450852	-121.823871103	0.000000000
133.000000000	39.689443913	-121.823877148	1.000000000
134.000000000	39.689438853	-121.823882758	0.000000000
135.000000000	39.689434857	-121.823886280	0.000000000
136.000000000	39.689426277	-121.823890460	0.000000000
137.000000000	39.689417758	-121.823894030	0.000000000
138.000000000	39.689410088	-121.823900612	0.000000000
139.000000000	39.689403057	-121.823908732	0.000000000
140.000000000	39.689396840	-121.823917767	0.000000000
141.000000000	39.689390300	-121.823926967	0.000000000
142.000000000	39.689382920	-121.823935527	0.000000000
143.000000000	39.689375390	-121.823941353	0.000000000
144.000000000	39.689367390	-121.823945617	0.000000000
145.000000000	39.689360003	-121.823952745	0.000000000
146.000000000	39.689354112	-121.823962792	0.000000000
147.000000000	39.689349257	-121.823973700	0.000000000
148.000000000	39.689346358	-121.823986467	0.000000000
149.000000000	39.689344423	-121.823999015	0.000000000
150.000000000	39.689343552	-121.824011588	0.000000000
151.000000000	39.689343693	-121.824023842	0.000000000
152.000000000	39.689344755	-121.824035693	0.000000000
153.000000000	39.689346377	-121.824047227	0.000000000
154.000000000	39.689345945	-121.824057433	0.000000000
155.000000000	39.689346335	-121.824068830	0.000000000
156.000000000	39.689347152	-121.824080137	0.000000000
157.000000000	39.689350557	-121.824091293	0.000000000
158.000000000	39.689354928	-121.824102142	0.000000000
159.000000000	39.689359657	-121.824111758	0.000000000
160.000000000	39.689365532	-121.824121702	0.000000000
161.000000000	39.689368587	-121.824132735	0.000000000
162.000000000	39.689372282	-121.824143890	0.000000000
163.000000000	39.689376558	-121.824154298	0.000000000
164.000000000	39.689382935	-121.824163672	0.000000000
165.000000000	39.689389238	-121.824172310	0.000000000
166.000000000	39.689394800	-121.824181985	0.000000000
167.000000000	39.689400177	-121.824191455	0.000000000
168.000000000	39.689405672	-121.824200870	0.000000000
169.000000000	39.689411685	-121.824209712	0.000000000
170.000000000	39.689418852	-121.824217492	0.000000000
171.000000000	39.689426120	-121.824224843	0.000000000
172.000000000	39.689432645	-121.824232812	0.000000000
173.000000000	39.689436708	-121.824242578	0.000000000
174.000000000	39.689438707	-121.824253467	0.000000000
175.000000000	39.689439332	-121.824264623	0.000000000
176.000000000	39.689438832	-121.824275683	0.000000000
177.000000000	39.689437425	-121.824286993	0.000000000
178.000000000	39.689435800	-121.824298172	0.000000000
179.000000000	39.689434137	-121.824309487	1.000000000
180.000000000	39.689433922	-121.824321325	1.000000000
181.000000000	39.689430305	-121.824331863	0.000000000
182.000000000	39.689424503	-121.824339080	1.000000000
183.000000000	39.689421902	-121.824343945	1.000000000
184.000000000	39.689420518	-121.824349355	1.000000000
185.000000000	39.689419928	-121.824361742	0.000000000
186.000000000	39.689420112	-121.824373792	0.000000000
187.000000000	39.689421180	-121.824385805	0.000000000
188.000000000	39.689422948	-121.824397477	0.000000000
189.000000000	39.689421715	-121.824408863	0.000000000
190.000000000	39.689420430	-121.824420008	0.000000000
191.000000000	39.689419825	-121.824431670	0.000000000
192.000000000	39.689419022	-121.824443312	0.000000000
193.000000000	39.689418840	-121.824455198	0.000000000
194.000000000	39.689419077	-121.824466862	0.000000000
195.000000000	39.689418857	-121.824478600	0.000000000
196.000000000	39.689418775	-121.824490180	0.000000000
197.000000000	39.689417975	-121.824501770	0.000000000
198.000000000	39.689414412	-121.824511698	0.000000000
199.000000000	39.689409073	-121.824520135	0.000000000
200.000000000	39.689402493	-121.824527305	0.000000000
201.000000000	39.689395133	-121.824532855	0.000000000
202.000000000	39.689387158	-121.824536710	0.000000000
203.000000000	39.689378698	-121.824538983	0.000000000
204.000000000	39.689370777	-121.824540872	0.000000000
205.000000000	39.689362012	-121.824541318	0.000000000
206.000000000	39.689353047	-121.824541562	0.000000000
207.000000000	39.689344042	-121.824542617	0.000000000
208.000000000	39.689335052	-121.824544312	0.000000000
209.000000000	39.689326248	-121.824548058	0.000000000
210.000000000	39.689317517	-121.824551982	0.000000000
211.000000000	39.689308670	-121.824551838	0.000000000
212.000000000	39.689300005	-121.824549228	0.000000000
213.000000000	39.689293132	-121.824543658	0.000000000
214.000000000	39.689286385	-121.824536895	0.000000000
215.000000000	39.689279973	-121.824529395	0.000000000
216.000000000	39.689273645	-121.824521400	1.000000000
217.000000000	39.689265327	-121.824516267	1.000000000
218.000000000	39.689259077	-121.824514055	1.000000000
219.000000000	39.689251438	-121.824512305	0.000000000
220.000000000	39.689242050	-121.824511677	0.000000000
221.000000000	39.689233615	-121.824507343	0.000000000
222.000000000	39.689226825	-121.824500408	0.000000000
223.000000000	39.689221310	-121.824492042	0.000000000
224.000000000	39.689217757	-121.824481848	0.000000000
225.000000000	39.689215907	-121.824471378	0.000000000
226.000000000	39.689215480	-121.824460750	0.000000000
227.000000000	39.689216482	-121.824450125	0.000000000
228.000000000	39.689218933	-121.824440013	0.000000000
229.000000000	39.689222800	-121.824430267	0.000000000
230.000000000	39.689227350	-121.824421162	0.000000000
231.000000000	39.689232998	-121.824412603	0.000000000
232.000000000	39.689239342	-121.824404573	0.000000000
233.000000000	39.689245088	-121.824395060	0.000000000
234.000000000	39.689250718	-121.824385752	0.000000000
235.000000000	39.689256482	-121.824376558	0.000000000
236.000000000	39.689262198	-121.824367353	0.000000000
237.000000000	39.689267662	-121.824358223	0.000000000
238.000000000	39.689273162	-121.824349018	0.000000000
239.000000000	39.689278890	-121.824340158	0.000000000
240.000000000	39.689285747	-121.824332642	0.000000000
241.000000000	39.689293142	-121.824326565	1.000000000
242.000000000	39.689298297	-121.824316535	1.000000000
243.000000000	39.689304647	-121.824310577	0.000000000
244.000000000	39.689308183	-121.824307392	0.000000000
245.000000000	39.689312273	-121.824303933	1.000000000
246.000000000	39.689317017	-121.824298733	1.000000000
247.000000000	39.689324157	-121.824291463	1.000000000
248.000000000	39.689329967	-121.824288123	1.000000000
249.000000000	39.689335305	-121.824281563	0.000000000
250.000000000	39.689340960	-121.824271547	0.000000000
251.000000000	39.689344988	-121.824260445	0.000000000
252.000000000	39.689347622	-121.824248712	0.000000000
253.000000000	39.689349208	-121.824236638	0.000000000
254.000000000	39.689349448	-121.824224547	0.000000000
255.000000000	39.689348965	-121.824212468	0.000000000
256.000000000	39.689348095	-121.824200535	0.000000000
257.000000000	39.689347118	-121.824188877	0.000000000
258.000000000	39.689346995	-121.824177173	0.000000000
259.000000000	39.689347752	-121.824165628	0.000000000
260.000000000	39.689348058	-121.824154028	0.000000000
261.000000000	39.689348372	-121.824142367	0.000000000
262.000000000	39.689348667	-121.824130688	0.000000000
263.000000000	39.689349072	-121.824118982	0.000000000
264.000000000	39.689349505	-121.824107248	1.000000000
265.000000000	39.689350248	-121.824095508	0.000000000
266.000000000	39.689352837	-121.824084655	0.000000000
267.000000000	39.689357320	-121.824075262	0.000000000
268.000000000	39.689359910	-121.824063885	0.000000000
269.000000000	39.689361257	-121.824051985	0.000000000
270.000000000	39.689365350	-121.824041492	0.000000000
271.000000000	39.689368613	-121.824030717	0.000000000
272.000000000	39.689368587	-121.824018368	0.000000000
273.000000000	39.689367030	-121.824006137	0.000000000
274.000000000	39.689364188	-121.823994463	0.000000000
275.000000000	39.689360700	-121.823983388	0.000000000
276.000000000	39.689356462	-121.823973025	0.000000000
277.000000000	39.689354265	-121.823961735	0.000000000
278.000000000	39.689354838	-121.823950717	0.000000000
279.000000000	39.689357118	-121.823939903	0.000000000
280.000000000	39.689360753	-121.823929542	0.000000000
281.000000000	39.689365802	-121.823919597	0.000000000
282.000000000	39.689370373	-121.823910372	0.000000000
283.000000000	39.689376125	-121.823902297	0.000000000
284.000000000	39.689382587	-121.823895037	0.000000000
285.000000000	39.689388895	-121.823887968	0.000000000
286.000000000	39.689395490	-121.823879497	0.000000000
287.000000000	39.689405162	-121.823874258	0.000000000
288.000000000	39.689411717	-121.823867613	0.000000000
289.000000000	39.689416037	-121.823863443	0.000000000
290.000000000	39.689418662	-121.823861443	0.000000000
291.000000000	39.689419188	-121.823861085	0.000000000
292.000000000	39.689419213	-121.823861232	0.000000000
293.000000000	39.689419248	-121.823861435	1.000000000
294.000000000	39.689419220	-121.823861645	0.000000000
295.000000000	39.689419172	-121.823861860	0.000000000
296.000000000	39.689419050	-121.823862180	0.000000000
297.000000000	39.689418953	-121.823862463	0.000000000
298.000000000	39.689418852	-121.823862702	0.000000000
299.000000000	39.689418698	-121.823862873	1.000000000
300.000000000	39.689418467	-121.823863055	1.000000000
301.000000000	39.689418308	-121.823863232	1.000000000
302.000000000	39.689418127	-121.823863350	1.000000000
303.000000000	39.689418318	-121.823863460	0.000000000
304.000000000	39.689418353	-121.823863558	0.000000000
305.000000000	39.689418040	-121.823863750	1.000000000
306.000000000	39.689417177	-121.823863925	1.000000000
307.000000000	39.689416945	-121.823863960	0.000000000
308.000000000	39.689416813	-121.823864028	1.000000000
309.000000000	39.689416295	-121.823864517	1.000000000
310.000000000	39.689410858	-121.823866938	0.000000000
