0.000000000	39.690908512	-121.824117980
1.000000000	39.690908382	-121.824118857
2.000000000	39.690908418	-121.824118837
3.000000000	39.690908440	-121.824118842
4.000000000	39.690908455	-121.824118857
5.000000000	39.690908447	-121.824118893
6.000000000	39.690908473	-121.824118922
7.000000000	39.690908412	-121.824118910
8.000000000	39.690908392	-121.824118885
9.000000000	39.690908380	-121.824118893
10.000000000	39.690908398	-121.824118837
11.000000000	39.690908405	-121.824118808
12.000000000	39.690908398	-121.824118778
13.000000000	39.690908400	-121.824118753
14.000000000	39.690908380	-121.824118712
15.000000000	39.690908428	-121.824118662
16.000000000	39.690908422	-121.824118622
17.000000000	39.690908385	-121.824118763
18.000000000	39.690908367	-121.824118735
19.000000000	39.690908358	-121.824118765
20.000000000	39.690908285	-121.824118825
21.000000000	39.690908272	-121.824118878
22.000000000	39.690908230	-121.824118935
23.000000000	39.690908195	-121.824119025
24.000000000	39.690908130	-121.824119097
25.000000000	39.690908097	-121.824119157
26.000000000	39.690908032	-121.824119218
27.000000000	39.690907993	-121.824119300
28.000000000	39.690907947	-121.824119325
29.000000000	39.690907828	-121.824119403
30.000000000	39.690907753	-121.824119388
31.000000000	39.690907768	-121.824119382
32.000000000	39.690907775	-121.824119425
33.000000000	39.690907763	-121.824119430
34.000000000	39.690907730	-121.824119457
35.000000000	39.690907752	-121.824119458
36.000000000	39.690907753	-121.824119435
37.000000000	39.690907690	-121.824119427
38.000000000	39.690907700	-121.824119465
39.000000000	39.690907722	-121.824119467
40.000000000	39.690907722	-121.824119493
41.000000000	39.690907705	-121.824119560
42.000000000	39.690907688	-121.824119627
43.000000000	39.690907683	-121.824119625
44.000000000	39.690907653	-121.824119682
45.000000000	39.690907668	-121.824119692
46.000000000	39.690907640	-121.824119743
47.000000000	39.690907650	-121.824119797
48.000000000	39.690907615	-121.824119768
49.000000000	39.690907625	-121.824119813
50.000000000	39.690907600	-121.824119830
51.000000000	39.690907595	-121.824119863
52.000000000	39.690907623	-121.824119865
53.000000000	39.690907610	-121.824119997
54.000000000	39.690907593	-121.824120117
55.000000000	39.690907588	-121.824120132
56.000000000	39.690907558	-121.824120222
57.000000000	39.690907593	-121.824120128
58.000000000	39.690907630	-121.824120142
59.000000000	39.690907643	-121.824120098
60.000000000	39.690907660	-121.824120137
61.000000000	39.690907683	-121.824120107
62.000000000	39.690907677	-121.824120105
63.000000000	39.690907923	-121.824119955
64.000000000	39.690908148	-121.824120288
65.000000000	39.690908197	-121.824120258
66.000000000	39.690908188	-121.824120228
67.000000000	39.690908222	-121.824120232
68.000000000	39.690908225	-121.824120227
69.000000000	39.690908235	-121.824120243
70.000000000	39.690908267	-121.824120222
71.000000000	39.690908247	-121.824120242
72.000000000	39.690908303	-121.824120210
73.000000000	39.690908300	-121.824120190
74.000000000	39.690908318	-121.824120192
75.000000000	39.690908345	-121.824120147
76.000000000	39.690908400	-121.824120092
77.000000000	39.690908430	-121.824120122
78.000000000	39.690908455	-121.824120130
79.000000000	39.690908475	-121.824120160
80.000000000	39.690908517	-121.824120180
81.000000000	39.690908550	-121.824120162
82.000000000	39.690908582	-121.824120143
83.000000000	39.690908645	-121.824120113
84.000000000	39.690908637	-121.824120143
85.000000000	39.690908652	-121.824120152
86.000000000	39.690908473	-121.824121588
87.000000000	39.690908945	-121.824120428
88.000000000	39.690908930	-121.824120523
89.000000000	39.690908998	-121.824120467
90.000000000	39.690908912	-121.824120427
91.000000000	39.690908963	-121.824120525
92.000000000	39.690908987	-121.824120560
93.000000000	39.690909003	-121.824120570
94.000000000	39.690909043	-121.824120602
95.000000000	39.690909072	-121.824120630
96.000000000	39.690909067	-121.824120672
97.000000000	39.690909062	-121.824120673
98.000000000	39.690908908	-121.824120468
99.000000000	39.690908890	-121.824120453
100.000000000	39.690908867	-121.824120468
101.000000000	39.690910807	-121.824121478
102.000000000	39.690920665	-121.824121302
103.000000000	39.690931155	-121.824119717
104.000000000	39.690941402	-121.824120698
105.000000000	39.690949502	-121.824126125
106.000000000	39.690956695	-121.824133350
107.000000000	39.690963065	-121.824142693
108.000000000	39.690969155	-121.824153373
109.000000000	39.690973555	-121.824165187
110.000000000	39.690976898	-121.824178023
111.000000000	39.690978713	-121.824191050
112.000000000	39.690979185	-121.824205063
113.000000000	39.690978310	-121.824219185
114.000000000	39.690976385	-121.824233133
115.000000000	39.690973343	-121.824247028
116.000000000	39.690969312	-121.824260790
117.000000000	39.690964490	-121.824273825
118.000000000	39.690958802	-121.824286313
119.000000000	39.690952682	-121.824298547
120.000000000	39.690945938	-121.824310163
121.000000000	39.690938510	-121.824321243
122.000000000	39.690929645	-121.824329777
123.000000000	39.690919540	-121.824332037
124.000000000	39.690909003	-121.824336027
125.000000000	39.690898503	-121.824341043
126.000000000	39.690888100	-121.824346360
127.000000000	39.690877905	-121.824351733
128.000000000	39.690867813	-121.824357207
129.000000000	39.690857800	-121.824362733
130.000000000	39.690847847	-121.824368277
131.000000000	39.690837977	-121.824373913
132.000000000	39.690828098	-121.824379802
133.000000000	39.690818485	-121.824385862
134.000000000	39.690808708	-121.824391915
135.000000000	39.690798945	-121.824397948
136.000000000	39.690789027	-121.824401563
137.000000000	39.690779517	-121.824400272
138.000000000	39.690769223	-121.824400433
139.000000000	39.690758538	-121.824402342
140.000000000	39.690747880	-121.824404153
141.000000000	39.690737660	-121.824402315
142.000000000	39.690726957	-121.824401702
143.000000000	39.690716280	-121.824402422
144.000000000	39.690705962	-121.824403848
145.000000000	39.690695697	-121.824406413
146.000000000	39.690685442	-121.824409345
147.000000000	39.690675253	-121.824412748
148.000000000	39.690665363	-121.824416750
149.000000000	39.690655595	-121.824421073
150.000000000	39.690645928	-121.824425930
151.000000000	39.690636460	-121.824431477
152.000000000	39.690627100	-121.824437382
153.000000000	39.690617887	-121.824443508
154.000000000	39.690608915	-121.824449973
155.000000000	39.690599940	-121.824456955
156.000000000	39.690591135	-121.824463952
157.000000000	39.690582430	-121.824471378
158.000000000	39.690573832	-121.824479032
159.000000000	39.690565475	-121.824486975
160.000000000	39.690557138	-121.824495043
161.000000000	39.690548942	-121.824503172
162.000000000	39.690540748	-121.824511318
163.000000000	39.690532713	-121.824519547
164.000000000	39.690524788	-121.824527882
165.000000000	39.690516895	-121.824536125
166.000000000	39.690509312	-121.824545000
167.000000000	39.690504190	-121.824557275
168.000000000	39.690500862	-121.824570395
169.000000000	39.690499672	-121.824584097
170.000000000	39.690499950	-121.824597640
171.000000000	39.690501768	-121.824610998
172.000000000	39.690504790	-121.824623983
173.000000000	39.690509228	-121.824636273
174.000000000	39.690514738	-121.824647692
175.000000000	39.690521213	-121.824658408
176.000000000	39.690528488	-121.824668077
177.000000000	39.690536687	-121.824676782
178.000000000	39.690545515	-121.824684528
179.000000000	39.690554883	-121.824691115
180.000000000	39.690564670	-121.824696842
181.000000000	39.690574848	-121.824701355
182.000000000	39.690585193	-121.824704840
183.000000000	39.690595765	-121.824707155
184.000000000	39.690606277	-121.824708610
185.000000000	39.690616812	-121.824709210
186.000000000	39.690627513	-121.824708713
187.000000000	39.690638160	-121.824707515
188.000000000	39.690648683	-121.824705423
189.000000000	39.690659090	-121.824702763
190.000000000	39.690669332	-121.824699423
191.000000000	39.690679510	-121.824695433
192.000000000	39.690689405	-121.824690757
193.000000000	39.690699077	-121.824685843
194.000000000	39.690708523	-121.824680240
195.000000000	39.690717752	-121.824674180
196.000000000	39.690726758	-121.824667725
197.000000000	39.690735490	-121.824660875
198.000000000	39.690744158	-121.824653532
199.000000000	39.690752495	-121.824645798
200.000000000	39.690760603	-121.824637717
201.000000000	39.690768277	-121.824629255
202.000000000	39.690775667	-121.824620358
203.000000000	39.690782593	-121.824610958
204.000000000	39.690788887	-121.824600763
205.000000000	39.690794695	-121.824590108
206.000000000	39.690800160	-121.824579175
207.000000000	39.690805057	-121.824567938
208.000000000	39.690809520	-121.824556337
209.000000000	39.690813468	-121.824544513
210.000000000	39.690817098	-121.824532553
211.000000000	39.690820262	-121.824520387
212.000000000	39.690823077	-121.824508307
213.000000000	39.690825457	-121.824496030
214.000000000	39.690827502	-121.824483587
215.000000000	39.690829070	-121.824471033
216.000000000	39.690830208	-121.824458238
217.000000000	39.690830803	-121.824445378
218.000000000	39.690831008	-121.824432508
219.000000000	39.690830807	-121.824419702
220.000000000	39.690829502	-121.824407007
221.000000000	39.690826655	-121.824394380
222.000000000	39.690822868	-121.824382342
223.000000000	39.690818118	-121.824370993
224.000000000	39.690812717	-121.824360160
225.000000000	39.690806487	-121.824349922
226.000000000	39.690799672	-121.824340535
227.000000000	39.690792200	-121.824332008
228.000000000	39.690784307	-121.824324095
229.000000000	39.690776083	-121.824317005
230.000000000	39.690767472	-121.824310662
231.000000000	39.690760128	-121.824303047
232.000000000	39.690756337	-121.824293347
233.000000000	39.690752348	-121.824282673
234.000000000	39.690745605	-121.824273637
235.000000000	39.690737512	-121.824265800
236.000000000	39.690729315	-121.824258740
237.000000000	39.690720510	-121.824252570
238.000000000	39.690711372	-121.824247567
239.000000000	39.690701987	-121.824243397
240.000000000	39.690692483	-121.824240210
241.000000000	39.690682430	-121.824237757
242.000000000	39.690672538	-121.824236715
243.000000000	39.690663200	-121.824236742
244.000000000	39.690653923	-121.824236740
245.000000000	39.690644198	-121.824238152
246.000000000	39.690634963	-121.824239758
247.000000000	39.690625615	-121.824242112
248.000000000	39.690616443	-121.824244710
249.000000000	39.690607640	-121.824244763
250.000000000	39.690598808	-121.824244618
251.000000000	39.690589592	-121.824246663
252.000000000	39.690580460	-121.824249288
253.000000000	39.690571580	-121.824253067
254.000000000	39.690562922	-121.824257323
255.000000000	39.690554413	-121.824262290
256.000000000	39.690546213	-121.824267708
257.000000000	39.690538248	-121.824273933
258.000000000	39.690530405	-121.824280730
259.000000000	39.690522845	-121.824288118
260.000000000	39.690515632	-121.824296073
261.000000000	39.690508790	-121.824304535
262.000000000	39.690502052	-121.824312928
263.000000000	39.690494213	-121.824317467
264.000000000	39.690486065	-121.824319417
265.000000000	39.690477793	-121.824320308
266.000000000	39.690469613	-121.824319115
267.000000000	39.690461385	-121.824316388
268.000000000	39.690453672	-121.824312365
269.000000000	39.690446267	-121.824307050
270.000000000	39.690439377	-121.824300765
271.000000000	39.690432910	-121.824293652
272.000000000	39.690427503	-121.824285617
273.000000000	39.690422713	-121.824276435
274.000000000	39.690418753	-121.824266818
275.000000000	39.690415420	-121.824256867
276.000000000	39.690412960	-121.824246432
277.000000000	39.690411407	-121.824235725
278.000000000	39.690410567	-121.824224912
279.000000000	39.690410667	-121.824213873
280.000000000	39.690411555	-121.824202893
281.000000000	39.690413350	-121.824192225
282.000000000	39.690415853	-121.824181812
283.000000000	39.690419330	-121.824171760
284.000000000	39.690423482	-121.824162335
285.000000000	39.690428432	-121.824153412
286.000000000	39.690434055	-121.824145392
287.000000000	39.690440320	-121.824138152
288.000000000	39.690447235	-121.824131910
289.000000000	39.690454578	-121.824126692
290.000000000	39.690462172	-121.824121820
291.000000000	39.690469942	-121.824117012
292.000000000	39.690477825	-121.824112752
293.000000000	39.690485815	-121.824108695
294.000000000	39.690493932	-121.824105270
295.000000000	39.690502137	-121.824102242
296.000000000	39.690510382	-121.824099362
297.000000000	39.690518793	-121.824096847
298.000000000	39.690527068	-121.824094622
299.000000000	39.690535487	-121.824092613
300.000000000	39.690543957	-121.824091053
301.000000000	39.690552380	-121.824089753
302.000000000	39.690560978	-121.824088547
303.000000000	39.690569457	-121.824087557
304.000000000	39.690578047	-121.824087077
305.000000000	39.690586515	-121.824086778
306.000000000	39.690595100	-121.824086578
307.000000000	39.690603843	-121.824086160
308.000000000	39.690612393	-121.824086292
309.000000000	39.690620962	-121.824086617
310.000000000	39.690629455	-121.824087177
311.000000000	39.690638048	-121.824087853
312.000000000	39.690646627	-121.824088817
313.000000000	39.690655113	-121.824090003
314.000000000	39.690663542	-121.824091112
315.000000000	39.690671997	-121.824092108
316.000000000	39.690680495	-121.824093525
317.000000000	39.690688917	-121.824095082
318.000000000	39.690697412	-121.824096703
319.000000000	39.690705823	-121.824098367
320.000000000	39.690713202	-121.824098587
321.000000000	39.690717338	-121.824098817
322.000000000	39.690719288	-121.824098933
323.000000000	39.690725827	-121.824096937
324.000000000	39.690734458	-121.824095717
325.000000000	39.690743072	-121.824095703
326.000000000	39.690751602	-121.824095937
327.000000000	39.690760080	-121.824096528
328.000000000	39.690768472	-121.824097297
329.000000000	39.690776738	-121.824098380
330.000000000	39.690785132	-121.824099645
331.000000000	39.690793330	-121.824101008
332.000000000	39.690801685	-121.824102713
333.000000000	39.690809945	-121.824104650
334.000000000	39.690818143	-121.824106878
335.000000000	39.690826383	-121.824109367
336.000000000	39.690834563	-121.824111952
337.000000000	39.690842512	-121.824114742
338.000000000	39.690850382	-121.824117612
339.000000000	39.690858095	-121.824120608
340.000000000	39.690865877	-121.824123688
341.000000000	39.690873438	-121.824126903
342.000000000	39.690880787	-121.824130082
343.000000000	39.690888055	-121.824133407
344.000000000	39.690895282	-121.824136835
345.000000000	39.690902202	-121.824140405
346.000000000	39.690908075	-121.824143445
347.000000000	39.690909725	-121.824144232
348.000000000	39.690909348	-121.824144047
349.000000000	39.690909167	-121.824143898
350.000000000	39.690909118	-121.824143803
351.000000000	39.690909117	-121.824143838
352.000000000	39.690909072	-121.824143855
353.000000000	39.690909103	-121.824143857
354.000000000	39.690909077	-121.824143885
355.000000000	39.690909123	-121.824144017
356.000000000	39.690909147	-121.824143955
357.000000000	39.690909137	-121.824143878
358.000000000	39.690908830	-121.824144188
359.000000000	39.690911947	-121.824141312
360.000000000	39.690911798	-121.824141478
361.000000000	39.690911608	-121.824141712
362.000000000	39.690911583	-121.824141780
363.000000000	39.690911512	-121.824141920
364.000000000	39.690911793	-121.824141645
365.000000000	39.690912002	-121.824141537
366.000000000	39.690912220	-121.824141363
367.000000000	39.690912408	-121.824141283
368.000000000	39.690912558	-121.824141267
369.000000000	39.690912743	-121.824140908
