0.000000000	39.689446160	-121.823834447	1.000000000
1.000000000	39.689452123	-121.823849747	1.000000000
2.000000000	39.689453482	-121.823849742	1.000000000
3.000000000	39.689453860	-121.823849792	1.000000000
4.000000000	39.689454758	-121.823849945	1.000000000
5.000000000	39.689454385	-121.823849735	1.000000000
6.000000000	39.689474015	-121.823848865	1.000000000
7.000000000	39.689470725	-121.823848965	1.000000000
8.000000000	39.689474510	-121.823848698	1.000000000
9.000000000	39.689471052	-121.823848737	1.000000000
10.000000000	39.689469278	-121.823848800	1.000000000
11.000000000	39.689469020	-121.823848485	1.000000000
12.000000000	39.689475037	-121.823847528	1.000000000
13.000000000	39.689474277	-121.823847288	1.000000000
14.000000000	39.689469817	-121.823847447	1.000000000
15.000000000	39.689466657	-121.823847500	1.000000000
16.000000000	39.689478953	-121.823846240	1.000000000
17.000000000	39.689479535	-121.823845950	1.000000000
18.000000000	39.689479172	-121.823845722	1.000000000
19.000000000	39.689478602	-121.823845493	1.000000000
20.000000000	39.689472840	-121.823845847	1.000000000
21.000000000	39.689471288	-121.823845613	1.000000000
22.000000000	39.689470295	-121.823845700	1.000000000
23.000000000	39.689472058	-121.823845798	1.000000000
24.000000000	39.689472510	-121.823845628	1.000000000
25.000000000	39.689471402	-121.823845298	1.000000000
26.000000000	39.689474358	-121.823844947	1.000000000
27.000000000	39.689471830	-121.823845118	1.000000000
28.000000000	39.689470258	-121.823845767	1.000000000
29.000000000	39.689467398	-121.823845807	1.000000000
30.000000000	39.689472798	-121.823844873	1.000000000
31.000000000	39.689470942	-121.823844893	1.000000000
32.000000000	39.689469578	-121.823845408	1.000000000
33.000000000	39.689443418	-121.823832323	1.000000000
34.000000000	39.689443095	-121.823831825	1.000000000
35.000000000	39.689445830	-121.823833260	1.000000000
36.000000000	39.689454083	-121.823838358	1.000000000
37.000000000	39.689455233	-121.823838810	1.000000000
38.000000000	39.689464728	-121.823887533	1.000000000
39.000000000	39.689468915	-121.823842553	1.000000000
40.000000000	39.689469910	-121.823842377	1.000000000
41.000000000	39.689469573	-121.823841710	1.000000000
42.000000000	39.689469933	-121.823841183	1.000000000
43.000000000	39.689459563	-121.823842137	1.000000000
44.000000000	39.689459012	-121.823842367	1.000000000
45.000000000	39.689458123	-121.823842060	1.000000000
46.000000000	39.689455812	-121.823842608	1.000000000
47.000000000	39.689449707	-121.823843575	1.000000000
48.000000000	39.689442937	-121.823843797	1.000000000
49.000000000	39.689445067	-121.823843690	1.000000000
50.000000000	39.689444155	-121.823843647	1.000000000
51.000000000	39.689445282	-121.823843343	1.000000000
52.000000000	39.689446200	-121.823843038	1.000000000
53.000000000	39.689447300	-121.823842740	1.000000000
54.000000000	39.689452718	-121.823841428	1.000000000
55.000000000	39.689462962	-121.823839165	1.000000000
56.000000000	39.689463145	-121.823839238	1.000000000
57.000000000	39.689463635	-121.823839207	1.000000000
58.000000000	39.689464185	-121.823839167	1.000000000
59.000000000	39.689464043	-121.823839073	1.000000000
60.000000000	39.689464043	-121.823839073	1.000000000
61.000000000	39.689464043	-121.823839073	1.000000000
62.000000000	39.689464043	-121.823839073	1.000000000
63.000000000	39.689464043	-121.823839073	1.000000000
64.000000000	39.689464043	-121.823839073	1.000000000
65.000000000	39.689464043	-121.823839073	1.000000000
66.000000000	39.689464043	-121.823839073	1.000000000
67.000000000	39.689464043	-121.823839073	1.000000000
68.000000000	39.689464043	-121.823839073	1.000000000
