0.000000000	39.690627215	-121.824299652	0.000000000
1.000000000	39.690638943	-121.824280568	1.000000000
2.000000000	39.690638860	-121.824280618	1.000000000
3.000000000	39.690638677	-121.824280850	1.000000000
4.000000000	39.690638428	-121.824281160	1.000000000
5.000000000	39.690638215	-121.824281453	1.000000000
6.000000000	39.690637960	-121.824281877	1.000000000
7.000000000	39.690637667	-121.824282317	1.000000000
8.000000000	39.690637338	-121.824282822	1.000000000
9.000000000	39.690637020	-121.824283282	1.000000000
10.000000000	39.690636738	-121.824283713	1.000000000
11.000000000	39.690636357	-121.824284248	1.000000000
12.000000000	39.690636167	-121.824284690	1.000000000
13.000000000	39.690635758	-121.824285365	1.000000000
14.000000000	39.690635262	-121.824285927	1.000000000
15.000000000	39.690635760	-121.824286167	1.000000000
16.000000000	39.690639502	-121.824281878	1.000000000
17.000000000	39.690643440	-121.824276065	1.000000000
18.000000000	39.690640548	-121.824280340	1.000000000
19.000000000	39.690639933	-121.824281655	1.000000000
20.000000000	39.690640575	-121.824280385	1.000000000
21.000000000	39.690641347	-121.824279248	1.000000000
22.000000000	39.690640687	-121.824280412	1.000000000
23.000000000	39.690640103	-121.824281415	1.000000000
24.000000000	39.690638503	-121.824284132	1.000000000
25.000000000	39.690638233	-121.824284547	1.000000000
26.000000000	39.690639090	-121.824284275	1.000000000
27.000000000	39.690635940	-121.824286940	1.000000000
28.000000000	39.690639590	-121.824282537	1.000000000
29.000000000	39.690647308	-121.824273897	1.000000000
30.000000000	39.690653037	-121.824277040	1.000000000
31.000000000	39.690643782	-121.824278177	1.000000000
32.000000000	39.690638702	-121.824283318	1.000000000
33.000000000	39.690638867	-121.824283412	1.000000000
34.000000000	39.690640035	-121.824282177	1.000000000
35.000000000	39.690638165	-121.824284490	1.000000000
36.000000000	39.690638017	-121.824284762	1.000000000
37.000000000	39.690637620	-121.824284813	1.000000000
38.000000000	39.690637432	-121.824284898	0.000000000
39.000000000	39.690637227	-121.824285013	0.000000000
40.000000000	39.690637163	-121.824285063	0.000000000
41.000000000	39.690637123	-121.824285020	0.000000000
42.000000000	39.690637082	-121.824285020	1.000000000
43.000000000	39.690637028	-121.824285045	1.000000000
44.000000000	39.690636823	-121.824285098	1.000000000
45.000000000	39.690637070	-121.824284633	0.000000000
46.000000000	39.690636430	-121.824285068	0.000000000
47.000000000	39.690635638	-121.824285745	0.000000000
48.000000000	39.690635162	-121.824286562	0.000000000
49.000000000	39.690634970	-121.824286670	0.000000000
50.000000000	39.690634877	-121.824286852	0.000000000
51.000000000	39.690634773	-121.824286983	0.000000000
52.000000000	39.690635075	-121.824286713	0.000000000
53.000000000	39.690635110	-121.824286900	0.000000000
54.000000000	39.690634968	-121.824287190	0.000000000
55.000000000	39.690634783	-121.824287437	0.000000000
56.000000000	39.690639910	-121.824281913	0.000000000
57.000000000	39.690634663	-121.824287870	0.000000000
58.000000000	39.690634813	-121.824287923	0.000000000
59.000000000	39.690634153	-121.824288985	0.000000000
60.000000000	39.690633822	-121.824289450	0.000000000
61.000000000	39.690633065	-121.824290532	0.000000000
62.000000000	39.690632658	-121.824291115	0.000000000
63.000000000	39.690632143	-121.824291738	0.000000000
64.000000000	39.690631770	-121.824292223	0.000000000
65.000000000	39.690631520	-121.824292598	0.000000000
66.000000000	39.690631405	-121.824292827	0.000000000
67.000000000	39.690631395	-121.824292958	0.000000000
68.000000000	39.690630725	-121.824294383	0.000000000
69.000000000	39.690631922	-121.824292340	0.000000000
70.000000000	39.690641703	-121.824281743	0.000000000
71.000000000	39.690639098	-121.824284525	0.000000000
72.000000000	39.690634597	-121.824289733	0.000000000
73.000000000	39.690633522	-121.824290850	0.000000000
74.000000000	39.690633058	-121.824291435	0.000000000
75.000000000	39.690633175	-121.824291527	0.000000000
76.000000000	39.690633463	-121.824291318	0.000000000
77.000000000	39.690633738	-121.824291175	0.000000000
78.000000000	39.690633817	-121.824290852	0.000000000
79.000000000	39.690635547	-121.824288725	0.000000000
80.000000000	39.690659657	-121.824274685	0.000000000
81.000000000	39.690660045	-121.824274242	0.000000000
82.000000000	39.690659755	-121.824273508	0.000000000
83.000000000	39.690661430	-121.824273252	0.000000000
84.000000000	39.690652098	-121.824280458	0.000000000
85.000000000	39.690651072	-121.824280985	0.000000000
86.000000000	39.690650525	-121.824281322	0.000000000
87.000000000	39.690643502	-121.824287738	0.000000000
88.000000000	39.690643365	-121.824288340	0.000000000
89.000000000	39.690643250	-121.824288277	0.000000000
90.000000000	39.690643447	-121.824288008	0.000000000
91.000000000	39.690643595	-121.824287747	0.000000000
92.000000000	39.690643747	-121.824287500	0.000000000
93.000000000	39.690643747	-121.824287500	0.000000000
94.000000000	39.690643747	-121.824287500	0.000000000
95.000000000	39.690643747	-121.824287500	0.000000000
96.000000000	39.690643747	-121.824287500	0.000000000
97.000000000	39.690643747	-121.824287500	0.000000000
98.000000000	39.690643747	-121.824287500	0.000000000
99.000000000	39.690643747	-121.824287500	0.000000000
100.000000000	39.690643747	-121.824287500	0.000000000
101.000000000	39.690643747	-121.824287500	0.000000000
102.000000000	39.690643747	-121.824287500	0.000000000
103.000000000	39.690643747	-121.824287500	0.000000000
104.000000000	39.690643747	-121.824287500	0.000000000
105.000000000	39.690643747	-121.824287500	0.000000000
106.000000000	39.690643747	-121.824287500	0.000000000
107.000000000	39.690643747	-121.824287500	0.000000000
