0.000000000	39.690906632	-121.824175477
1.000000000	39.690906197	-121.824173778
2.000000000	39.690906192	-121.824173790
3.000000000	39.690906168	-121.824173793
4.000000000	39.690906168	-121.824173825
5.000000000	39.690906280	-121.824173888
6.000000000	39.690906505	-121.824173983
7.000000000	39.690906993	-121.824174147
8.000000000	39.690912725	-121.824178927
9.000000000	39.690919573	-121.824188247
10.000000000	39.690925188	-121.824199470
11.000000000	39.690929122	-121.824211737
12.000000000	39.690931883	-121.824225313
13.000000000	39.690933337	-121.824239287
14.000000000	39.690933353	-121.824253450
15.000000000	39.690931977	-121.824268012
16.000000000	39.690929338	-121.824282648
17.000000000	39.690925390	-121.824296645
18.000000000	39.690920555	-121.824309918
19.000000000	39.690914787	-121.824322723
20.000000000	39.690908543	-121.824335043
21.000000000	39.690901678	-121.824346598
22.000000000	39.690894068	-121.824357735
23.000000000	39.690886318	-121.824368212
24.000000000	39.690878283	-121.824378135
25.000000000	39.690869912	-121.824387725
26.000000000	39.690861233	-121.824396940
27.000000000	39.690852252	-121.824405767
28.000000000	39.690842937	-121.824414222
29.000000000	39.690833485	-121.824422343
30.000000000	39.690823865	-121.824430100
31.000000000	39.690814065	-121.824437467
32.000000000	39.690804335	-121.824444527
33.000000000	39.690794582	-121.824451313
34.000000000	39.690784910	-121.824457992
35.000000000	39.690775073	-121.824464463
36.000000000	39.690764987	-121.824470742
37.000000000	39.690754792	-121.824476930
38.000000000	39.690744728	-121.824482992
39.000000000	39.690734608	-121.824489047
40.000000000	39.690724858	-121.824494842
41.000000000	39.690714930	-121.824500447
42.000000000	39.690705052	-121.824506045
43.000000000	39.690695160	-121.824511997
44.000000000	39.690685317	-121.824517750
45.000000000	39.690675380	-121.824523210
46.000000000	39.690665265	-121.824528472
47.000000000	39.690655210	-121.824533887
48.000000000	39.690644910	-121.824539022
49.000000000	39.690634612	-121.824544268
50.000000000	39.690624428	-121.824549288
51.000000000	39.690613993	-121.824553650
52.000000000	39.690603612	-121.824558275
53.000000000	39.690593237	-121.824562607
54.000000000	39.690582878	-121.824566825
55.000000000	39.690572372	-121.824570623
56.000000000	39.690561832	-121.824574043
57.000000000	39.690551197	-121.824577122
58.000000000	39.690540630	-121.824579857
59.000000000	39.690530018	-121.824582160
60.000000000	39.690519238	-121.824584052
61.000000000	39.690508483	-121.824585775
62.000000000	39.690498187	-121.824592523
63.000000000	39.690490653	-121.824603598
64.000000000	39.690484998	-121.824616202
65.000000000	39.690482168	-121.824629962
66.000000000	39.690481142	-121.824644388
67.000000000	39.690482142	-121.824658975
68.000000000	39.690484807	-121.824673363
69.000000000	39.690489388	-121.824687162
70.000000000	39.690495198	-121.824700007
71.000000000	39.690502362	-121.824711815
72.000000000	39.690510807	-121.824722190
73.000000000	39.690520108	-121.824731155
74.000000000	39.690530045	-121.824738755
75.000000000	39.690540557	-121.824744747
76.000000000	39.690551557	-121.824749292
77.000000000	39.690562822	-121.824752595
78.000000000	39.690574383	-121.824754663
79.000000000	39.690585975	-121.824755393
80.000000000	39.690597710	-121.824754853
81.000000000	39.690609573	-121.824753085
82.000000000	39.690621480	-121.824750397
83.000000000	39.690632970	-121.824746768
84.000000000	39.690644045	-121.824742570
85.000000000	39.690654992	-121.824737493
86.000000000	39.690665658	-121.824731568
87.000000000	39.690675972	-121.824725042
88.000000000	39.690686027	-121.824718082
89.000000000	39.690695797	-121.824710657
90.000000000	39.690705297	-121.824702775
91.000000000	39.690714625	-121.824694558
92.000000000	39.690723542	-121.824685772
93.000000000	39.690732298	-121.824676885
94.000000000	39.690740670	-121.824667612
95.000000000	39.690748887	-121.824657988
96.000000000	39.690756793	-121.824648133
97.000000000	39.690764573	-121.824637898
98.000000000	39.690771937	-121.824627480
99.000000000	39.690779185	-121.824616758
100.000000000	39.690785873	-121.824605603
101.000000000	39.690792123	-121.824593612
102.000000000	39.690797483	-121.824581360
103.000000000	39.690802392	-121.824568695
104.000000000	39.690806962	-121.824555815
105.000000000	39.690810920	-121.824542843
106.000000000	39.690814415	-121.824529678
107.000000000	39.690817403	-121.824516233
108.000000000	39.690819873	-121.824502692
109.000000000	39.690821775	-121.824489057
110.000000000	39.690823493	-121.824475267
111.000000000	39.690824618	-121.824461358
112.000000000	39.690825512	-121.824447387
113.000000000	39.690825938	-121.824433437
114.000000000	39.690825852	-121.824419515
115.000000000	39.690824685	-121.824405500
116.000000000	39.690821542	-121.824391865
117.000000000	39.690817065	-121.824378672
118.000000000	39.690811685	-121.824366353
119.000000000	39.690805295	-121.824354730
120.000000000	39.690798122	-121.824343832
121.000000000	39.690790078	-121.824333818
122.000000000	39.690781360	-121.824324925
123.000000000	39.690772227	-121.824316943
124.000000000	39.690762828	-121.824309797
125.000000000	39.690752947	-121.824303662
126.000000000	39.690742862	-121.824298380
127.000000000	39.690732560	-121.824294217
128.000000000	39.690722047	-121.824290758
129.000000000	39.690711172	-121.824288047
130.000000000	39.690700177	-121.824286228
131.000000000	39.690689000	-121.824285347
132.000000000	39.690678363	-121.824284985
133.000000000	39.690667462	-121.824285067
134.000000000	39.690656692	-121.824286018
135.000000000	39.690645853	-121.824287717
136.000000000	39.690635088	-121.824289780
137.000000000	39.690624425	-121.824292583
138.000000000	39.690613765	-121.824296062
139.000000000	39.690603330	-121.824300095
140.000000000	39.690593087	-121.824304467
141.000000000	39.690583112	-121.824309168
142.000000000	39.690573463	-121.824314147
143.000000000	39.690563800	-121.824319690
144.000000000	39.690554280	-121.824325488
145.000000000	39.690544780	-121.824331712
146.000000000	39.690535397	-121.824337740
147.000000000	39.690525462	-121.824339672
148.000000000	39.690515147	-121.824339240
149.000000000	39.690505253	-121.824336685
150.000000000	39.690495803	-121.824332577
151.000000000	39.690486630	-121.824326917
152.000000000	39.690478205	-121.824319767
153.000000000	39.690470590	-121.824311295
154.000000000	39.690463777	-121.824301637
155.000000000	39.690457862	-121.824291187
156.000000000	39.690452778	-121.824279928
157.000000000	39.690448773	-121.824267803
158.000000000	39.690445363	-121.824255197
159.000000000	39.690442925	-121.824242480
160.000000000	39.690441595	-121.824229738
161.000000000	39.690441313	-121.824216835
162.000000000	39.690442020	-121.824203778
163.000000000	39.690443765	-121.824190907
164.000000000	39.690446630	-121.824178438
165.000000000	39.690450648	-121.824166740
166.000000000	39.690455918	-121.824155883
167.000000000	39.690462072	-121.824145413
168.000000000	39.690468977	-121.824136213
169.000000000	39.690476487	-121.824127488
170.000000000	39.690484533	-121.824119360
171.000000000	39.690493233	-121.824112068
172.000000000	39.690501993	-121.824105693
173.000000000	39.690511138	-121.824100082
174.000000000	39.690520518	-121.824095257
175.000000000	39.690530108	-121.824090967
176.000000000	39.690539975	-121.824087433
177.000000000	39.690549890	-121.824084465
178.000000000	39.690559745	-121.824082098
179.000000000	39.690569845	-121.824079967
180.000000000	39.690579955	-121.824078537
181.000000000	39.690590167	-121.824077985
182.000000000	39.690600598	-121.824077147
183.000000000	39.690610682	-121.824076802
184.000000000	39.690620872	-121.824076845
185.000000000	39.690631177	-121.824077000
186.000000000	39.690641320	-121.824077835
187.000000000	39.690651485	-121.824078722
188.000000000	39.690661632	-121.824079745
189.000000000	39.690671922	-121.824080905
190.000000000	39.690681937	-121.824082333
191.000000000	39.690692115	-121.824084092
192.000000000	39.690702335	-121.824086102
193.000000000	39.690712603	-121.824088150
194.000000000	39.690722863	-121.824090572
195.000000000	39.690733088	-121.824092895
196.000000000	39.690743293	-121.824095728
197.000000000	39.690753397	-121.824098638
198.000000000	39.690763390	-121.824101665
199.000000000	39.690773318	-121.824104992
200.000000000	39.690783138	-121.824108357
201.000000000	39.690793007	-121.824111950
202.000000000	39.690802915	-121.824115435
203.000000000	39.690812772	-121.824118958
204.000000000	39.690822592	-121.824122792
205.000000000	39.690832500	-121.824126567
206.000000000	39.690842243	-121.824130535
207.000000000	39.690851902	-121.824134473
208.000000000	39.690861515	-121.824138438
209.000000000	39.690870992	-121.824142418
210.000000000	39.690880467	-121.824146238
211.000000000	39.690889813	-121.824150078
212.000000000	39.690899050	-121.824154100
213.000000000	39.690908322	-121.824157832
214.000000000	39.690916203	-121.824161220
215.000000000	39.690919672	-121.824162743
216.000000000	39.690919837	-121.824162865
217.000000000	39.690919765	-121.824162877
218.000000000	39.690919743	-121.824162908
219.000000000	39.690919770	-121.824162922
220.000000000	39.690919787	-121.824162932
221.000000000	39.690919800	-121.824162923
222.000000000	39.690919753	-121.824162895
223.000000000	39.690919810	-121.824162908
224.000000000	39.690919780	-121.824162875
225.000000000	39.690919800	-121.824162862
226.000000000	39.690919788	-121.824162830
227.000000000	39.690919787	-121.824162833
228.000000000	39.690919808	-121.824162797
229.000000000	39.690919762	-121.824162792
230.000000000	39.690919735	-121.824162805
231.000000000	39.690919782	-121.824162788
232.000000000	39.690919810	-121.824162825
233.000000000	39.690919818	-121.824162825
234.000000000	39.690919882	-121.824162837
235.000000000	39.690919890	-121.824162840
236.000000000	39.690919935	-121.824162893
237.000000000	39.690919987	-121.824162930
238.000000000	39.690920027	-121.824162977
239.000000000	39.690920057	-121.824162960
240.000000000	39.690920078	-121.824162947
241.000000000	39.690920070	-121.824162928
242.000000000	39.690920080	-121.824162897
243.000000000	39.690920088	-121.824162885
244.000000000	39.690920055	-121.824162845
245.000000000	39.690920072	-121.824162820
246.000000000	39.690920075	-121.824162777
247.000000000	39.690920082	-121.824162780
248.000000000	39.690920077	-121.824162735
249.000000000	39.690920060	-121.824162732
250.000000000	39.690920057	-121.824162717
251.000000000	39.690920062	-121.824162673
252.000000000	39.690920068	-121.824162640
253.000000000	39.690920062	-121.824162617
254.000000000	39.690920072	-121.824162553
255.000000000	39.690920125	-121.824162523
256.000000000	39.690920150	-121.824162505
257.000000000	39.690920247	-121.824162525
258.000000000	39.690919688	-121.824162275
259.000000000	39.690918838	-121.824161878
260.000000000	39.690918773	-121.824161877
261.000000000	39.690918828	-121.824161842
262.000000000	39.690918885	-121.824161783
263.000000000	39.690918920	-121.824161820
264.000000000	39.690918887	-121.824161795
265.000000000	39.690918887	-121.824161737
266.000000000	39.690918875	-121.824161752
267.000000000	39.690918837	-121.824161727
268.000000000	39.690919083	-121.824161568
269.000000000	39.690919028	-121.824161510
270.000000000	39.690919005	-121.824161528
271.000000000	39.690918968	-121.824161497
272.000000000	39.690918945	-121.824161478
273.000000000	39.690918923	-121.824161495
274.000000000	39.690918933	-121.824161465
275.000000000	39.690918887	-121.824161585
276.000000000	39.690918872	-121.824161458
277.000000000	39.690918870	-121.824161458
