0.000000000	39.690792435	-121.824496958
1.000000000	39.690797698	-121.824509212
2.000000000	39.690797552	-121.824508735
3.000000000	39.690797367	-121.824508207
4.000000000	39.690797360	-121.824508090
5.000000000	39.690797457	-121.824508297
6.000000000	39.690797577	-121.824508500
7.000000000	39.690797693	-121.824508710
8.000000000	39.690797685	-121.824508710
9.000000000	39.690797692	-121.824508752
10.000000000	39.690797740	-121.824508902
11.000000000	39.690797925	-121.824509358
12.000000000	39.690797845	-121.824509560
13.000000000	39.690798020	-121.824509323
14.000000000	39.690797808	-121.824509103
15.000000000	39.690797633	-121.824508947
16.000000000	39.690797852	-121.824516187
17.000000000	39.690794172	-121.824533858
18.000000000	39.690786707	-121.824549343
19.000000000	39.690776037	-121.824561552
20.000000000	39.690763482	-121.824570165
21.000000000	39.690749863	-121.824575138
22.000000000	39.690735457	-121.824576892
23.000000000	39.690721115	-121.824576613
24.000000000	39.690706883	-121.824575082
25.000000000	39.690692700	-121.824572467
26.000000000	39.690679783	-121.824565443
27.000000000	39.690664765	-121.824563458
28.000000000	39.690649802	-121.824565635
29.000000000	39.690635112	-121.824568465
30.000000000	39.690620358	-121.824569222
31.000000000	39.690605948	-121.824567937
32.000000000	39.690591243	-121.824568458
33.000000000	39.690576680	-121.824570700
34.000000000	39.690562105	-121.824570608
35.000000000	39.690547637	-121.824568882
36.000000000	39.690532885	-121.824568552
37.000000000	39.690517847	-121.824571875
38.000000000	39.690503255	-121.824575640
39.000000000	39.690489002	-121.824574080
40.000000000	39.690475403	-121.824569160
41.000000000	39.690464668	-121.824558420
42.000000000	39.690458070	-121.824543057
43.000000000	39.690456095	-121.824525163
44.000000000	39.690458602	-121.824506925
45.000000000	39.690465305	-121.824490243
46.000000000	39.690475672	-121.824477507
47.000000000	39.690488385	-121.824468885
48.000000000	39.690502338	-121.824464825
49.000000000	39.690516852	-121.824465503
50.000000000	39.690531188	-121.824470753
51.000000000	39.690545013	-121.824477630
52.000000000	39.690558927	-121.824484940
53.000000000	39.690573110	-121.824491223
54.000000000	39.690587493	-121.824497838
55.000000000	39.690601878	-121.824504580
56.000000000	39.690616240	-121.824511177
57.000000000	39.690630668	-121.824517922
58.000000000	39.690645103	-121.824524372
59.000000000	39.690659505	-121.824531122
60.000000000	39.690673943	-121.824537745
61.000000000	39.690688270	-121.824544570
62.000000000	39.690702957	-121.824549985
63.000000000	39.690717943	-121.824554553
64.000000000	39.690732918	-121.824559743
65.000000000	39.690747833	-121.824564948
66.000000000	39.690762623	-121.824568097
67.000000000	39.690777758	-121.824569810
68.000000000	39.690792767	-121.824571735
69.000000000	39.690807837	-121.824567293
70.000000000	39.690820957	-121.824557298
71.000000000	39.690831525	-121.824543368
72.000000000	39.690838802	-121.824525948
73.000000000	39.690841250	-121.824506200
74.000000000	39.690842620	-121.824486785
75.000000000	39.690842392	-121.824467178
76.000000000	39.690838072	-121.824446952
77.000000000	39.690831598	-121.824429100
78.000000000	39.690824087	-121.824412048
79.000000000	39.690817603	-121.824394422
80.000000000	39.690810065	-121.824377435
81.000000000	39.690798088	-121.824365422
82.000000000	39.690784567	-121.824356888
83.000000000	39.690769617	-121.824352262
84.000000000	39.690754200	-121.824350985
85.000000000	39.690741460	-121.824350487
86.000000000	39.690733380	-121.824347125
87.000000000	39.690728317	-121.824344665
88.000000000	39.690725005	-121.824343588
89.000000000	39.690723432	-121.824343157
90.000000000	39.690723527	-121.824343333
91.000000000	39.690723565	-121.824343528
92.000000000	39.690723563	-121.824343710
93.000000000	39.690723595	-121.824343895
94.000000000	39.690723608	-121.824344110
95.000000000	39.690723618	-121.824344368
96.000000000	39.690724087	-121.824344430
97.000000000	39.690724005	-121.824344708
98.000000000	39.690723282	-121.824345713
99.000000000	39.690723217	-121.824346227
100.000000000	39.690723325	-121.824346860
101.000000000	39.690735310	-121.824330515
102.000000000	39.690735472	-121.824330520
103.000000000	39.690729610	-121.824338787
104.000000000	39.690731482	-121.824336348
105.000000000	39.690735958	-121.824330247
106.000000000	39.690735530	-121.824330570
107.000000000	39.690735768	-121.824330548
108.000000000	39.690735110	-121.824330915
109.000000000	39.690735273	-121.824330707
110.000000000	39.690738157	-121.824322367
111.000000000	39.690737927	-121.824322477
112.000000000	39.690734833	-121.824330848
113.000000000	39.690734777	-121.824330712
114.000000000	39.690734572	-121.824330922
115.000000000	39.690734465	-121.824331043
116.000000000	39.690732422	-121.824333702
117.000000000	39.690731040	-121.824334657
118.000000000	39.690716600	-121.824336470
119.000000000	39.690702472	-121.824343373
120.000000000	39.690687732	-121.824346810
121.000000000	39.690674108	-121.824343133
122.000000000	39.690662315	-121.824333743
123.000000000	39.690648817	-121.824326178
124.000000000	39.690633453	-121.824325825
125.000000000	39.690618562	-121.824329327
126.000000000	39.690603885	-121.824330995
127.000000000	39.690589847	-121.824326953
128.000000000	39.690575017	-121.824325987
129.000000000	39.690561347	-121.824320318
130.000000000	39.690547540	-121.824315108
131.000000000	39.690532420	-121.824316712
132.000000000	39.690517773	-121.824317233
133.000000000	39.690503438	-121.824314042
134.000000000	39.690488750	-121.824317188
135.000000000	39.690475842	-121.824327185
136.000000000	39.690465287	-121.824341287
137.000000000	39.690458118	-121.824358435
138.000000000	39.690455022	-121.824377568
139.000000000	39.690455782	-121.824397110
140.000000000	39.690456548	-121.824416393
141.000000000	39.690453760	-121.824434980
142.000000000	39.690454720	-121.824454650
143.000000000	39.690461642	-121.824472375
144.000000000	39.690472160	-121.824486627
145.000000000	39.690483758	-121.824498173
146.000000000	39.690497718	-121.824505727
147.000000000	39.690513010	-121.824506928
148.000000000	39.690528075	-121.824503315
149.000000000	39.690541857	-121.824495463
150.000000000	39.690553765	-121.824483460
151.000000000	39.690562977	-121.824468143
152.000000000	39.690569468	-121.824450970
153.000000000	39.690572968	-121.824432233
154.000000000	39.690573502	-121.824413218
155.000000000	39.690570457	-121.824394482
156.000000000	39.690563657	-121.824376955
157.000000000	39.690555122	-121.824361112
158.000000000	39.690549958	-121.824343585
159.000000000	39.690545513	-121.824325683
160.000000000	39.690535402	-121.824311042
161.000000000	39.690522352	-121.824301240
162.000000000	39.690507475	-121.824296603
163.000000000	39.690492408	-121.824297918
164.000000000	39.690477938	-121.824302653
165.000000000	39.690463448	-121.824303107
166.000000000	39.690449022	-121.824303200
167.000000000	39.690435122	-121.824310930
168.000000000	39.690423827	-121.824324335
169.000000000	39.690415605	-121.824340417
170.000000000	39.690411618	-121.824359137
171.000000000	39.690411712	-121.824378855
172.000000000	39.690415192	-121.824397728
173.000000000	39.690416668	-121.824416555
174.000000000	39.690411965	-121.824433032
175.000000000	39.690406278	-121.824449403
176.000000000	39.690405647	-121.824468290
177.000000000	39.690410487	-121.824486292
178.000000000	39.690419430	-121.824501587
179.000000000	39.690431993	-121.824512460
180.000000000	39.690446548	-121.824518493
181.000000000	39.690460408	-121.824525657
182.000000000	39.690472962	-121.824535795
183.000000000	39.690488022	-121.824539675
184.000000000	39.690503422	-121.824536610
185.000000000	39.690517130	-121.824527997
186.000000000	39.690528710	-121.824515587
187.000000000	39.690537793	-121.824500048
188.000000000	39.690543282	-121.824482305
189.000000000	39.690545608	-121.824463225
190.000000000	39.690544980	-121.824444120
191.000000000	39.690541132	-121.824425422
192.000000000	39.690534580	-121.824408315
193.000000000	39.690525937	-121.824392530
194.000000000	39.690515873	-121.824378618
195.000000000	39.690508867	-121.824362750
196.000000000	39.690505580	-121.824345498
197.000000000	39.690505040	-121.824327842
198.000000000	39.690506105	-121.824309867
199.000000000	39.690507548	-121.824291590
200.000000000	39.690506200	-121.824272655
201.000000000	39.690508533	-121.824254710
202.000000000	39.690513838	-121.824238203
203.000000000	39.690514918	-121.824219090
204.000000000	39.690514757	-121.824200297
205.000000000	39.690517725	-121.824184587
206.000000000	39.690519470	-121.824173068
207.000000000	39.690524198	-121.824161742
208.000000000	39.690533275	-121.824148923
209.000000000	39.690545105	-121.824139898
210.000000000	39.690558410	-121.824134348
211.000000000	39.690572295	-121.824132472
212.000000000	39.690585813	-121.824136757
213.000000000	39.690596760	-121.824146840
214.000000000	39.690604307	-121.824161305
215.000000000	39.690613843	-121.824175392
216.000000000	39.690627292	-121.824184718
217.000000000	39.690641967	-121.824189697
218.000000000	39.690656962	-121.824191132
219.000000000	39.690671793	-121.824189712
220.000000000	39.690686810	-121.824188717
221.000000000	39.690699692	-121.824194002
222.000000000	39.690712543	-121.824200595
223.000000000	39.690726457	-121.824205450
224.000000000	39.690741345	-121.824205003
225.000000000	39.690755913	-121.824201798
226.000000000	39.690770208	-121.824198402
227.000000000	39.690784548	-121.824195952
228.000000000	39.690798917	-121.824193343
229.000000000	39.690813228	-121.824191235
230.000000000	39.690826560	-121.824195650
231.000000000	39.690836720	-121.824206602
232.000000000	39.690846153	-121.824219663
233.000000000	39.690859090	-121.824228533
234.000000000	39.690873660	-121.824231220
235.000000000	39.690888022	-121.824229210
236.000000000	39.690901715	-121.824223748
237.000000000	39.690913665	-121.824214977
238.000000000	39.690924475	-121.824203940
239.000000000	39.690933527	-121.824190650
240.000000000	39.690942183	-121.824177573
241.000000000	39.690951540	-121.824169743
242.000000000	39.690955730	-121.824166030
243.000000000	39.690956233	-121.824165523
244.000000000	39.690955927	-121.824165680
245.000000000	39.690955632	-121.824165932
246.000000000	39.690955295	-121.824166205
247.000000000	39.690954887	-121.824166542
248.000000000	39.690954535	-121.824166755
249.000000000	39.690954247	-121.824166880
250.000000000	39.690954127	-121.824166917
251.000000000	39.690954108	-121.824166867
252.000000000	39.690954108	-121.824166812
253.000000000	39.690954093	-121.824166800
254.000000000	39.690954098	-121.824166797
255.000000000	39.690954112	-121.824166800
256.000000000	39.690954108	-121.824166872
257.000000000	39.690954128	-121.824166832
258.000000000	39.690954147	-121.824166822
259.000000000	39.690954138	-121.824166685
260.000000000	39.690954125	-121.824166657
261.000000000	39.690954130	-121.824166527
262.000000000	39.690954107	-121.824166427
263.000000000	39.690954083	-121.824166268
264.000000000	39.690954055	-121.824166168
265.000000000	39.690954025	-121.824166033
266.000000000	39.690954048	-121.824165882
267.000000000	39.690954090	-121.824165793
268.000000000	39.690954030	-121.824165728
269.000000000	39.690953920	-121.824165922
270.000000000	39.690953800	-121.824166143
271.000000000	39.690953678	-121.824166265
272.000000000	39.690953570	-121.824166415
273.000000000	39.690953650	-121.824166237
274.000000000	39.690953642	-121.824166383
275.000000000	39.690953537	-121.824166470
276.000000000	39.690953462	-121.824166582
277.000000000	39.690953410	-121.824166673
278.000000000	39.690953385	-121.824166792
279.000000000	39.690953292	-121.824166722
280.000000000	39.690953252	-121.824166730
281.000000000	39.690953238	-121.824166757
282.000000000	39.690953202	-121.824166778
283.000000000	39.690953233	-121.824166720
284.000000000	39.690953187	-121.824166708
285.000000000	39.690953612	-121.824166863
286.000000000	39.690955302	-121.824182477
287.000000000	39.690939690	-121.824148837
