0.000000000	39.690485622	-121.824196460
1.000000000	39.690485622	-121.824196460
2.000000000	39.690490342	-121.824195093
3.000000000	39.690490620	-121.824194935
4.000000000	39.690490618	-121.824195037
5.000000000	39.690490735	-121.824194960
6.000000000	39.690490845	-121.824195038
7.000000000	39.690490773	-121.824195110
8.000000000	39.690490973	-121.824195002
9.000000000	39.690491220	-121.824194953
10.000000000	39.690491482	-121.824194923
11.000000000	39.690491472	-121.824195215
12.000000000	39.690491575	-121.824195242
13.000000000	39.690491212	-121.824195363
14.000000000	39.690491322	-121.824195448
15.000000000	39.690491355	-121.824195692
16.000000000	39.690491558	-121.824195573
17.000000000	39.690491793	-121.824195397
18.000000000	39.690492708	-121.824195328
19.000000000	39.690493020	-121.824195155
20.000000000	39.690493192	-121.824195020
21.000000000	39.690493377	-121.824195030
22.000000000	39.690493398	-121.824195048
23.000000000	39.690493517	-121.824195043
24.000000000	39.690493522	-121.824195122
25.000000000	39.690493550	-121.824195010
26.000000000	39.690493565	-121.824195015
27.000000000	39.690493565	-121.824194982
28.000000000	39.690493537	-121.824195013
29.000000000	39.690493467	-121.824195093
30.000000000	39.690493447	-121.824195102
31.000000000	39.690493405	-121.824195147
32.000000000	39.690493352	-121.824195215
33.000000000	39.690493290	-121.824195260
34.000000000	39.690493185	-121.824195335
35.000000000	39.690493142	-121.824195350
36.000000000	39.690493108	-121.824195318
37.000000000	39.690493078	-121.824195190
38.000000000	39.690493037	-121.824195102
39.000000000	39.690492903	-121.824195030
40.000000000	39.690492777	-121.824194937
41.000000000	39.690492608	-121.824194840
42.000000000	39.690492440	-121.824194800
43.000000000	39.690492318	-121.824194738
44.000000000	39.690492243	-121.824194617
45.000000000	39.690492138	-121.824194648
46.000000000	39.690492115	-121.824194673
47.000000000	39.690492020	-121.824194712
48.000000000	39.690491965	-121.824194610
49.000000000	39.690491892	-121.824194618
50.000000000	39.690491833	-121.824194608
51.000000000	39.690491877	-121.824194470
52.000000000	39.690491885	-121.824194378
53.000000000	39.690491878	-121.824194208
54.000000000	39.690491885	-121.824194110
55.000000000	39.690491857	-121.824194040
56.000000000	39.690491857	-121.824193978
57.000000000	39.690491885	-121.824193852
58.000000000	39.690493223	-121.824190112
59.000000000	39.690500207	-121.824183115
60.000000000	39.690508508	-121.824180182
61.000000000	39.690517015	-121.824181128
62.000000000	39.690524872	-121.824185465
63.000000000	39.690530972	-121.824192943
64.000000000	39.690534287	-121.824203002
65.000000000	39.690534803	-121.824213990
66.000000000	39.690532927	-121.824224590
67.000000000	39.690528228	-121.824233412
68.000000000	39.690521193	-121.824239442
69.000000000	39.690512872	-121.824241837
70.000000000	39.690504465	-121.824240597
71.000000000	39.690496978	-121.824235622
72.000000000	39.690491303	-121.824227498
73.000000000	39.690488180	-121.824217333
74.000000000	39.690487878	-121.824213003
75.000000000	39.690487987	-121.824213815
76.000000000	39.690488008	-121.824213740
77.000000000	39.690488072	-121.824213713
78.000000000	39.690488433	-121.824213672
79.000000000	39.690487793	-121.824214102
80.000000000	39.690487772	-121.824214097
81.000000000	39.690487580	-121.824214152
82.000000000	39.690487582	-121.824214158
83.000000000	39.690487567	-121.824214190
