0.000000000	39.690927590	-121.824279693
1.000000000	39.690927590	-121.824279693
2.000000000	39.690924462	-121.824279018
3.000000000	39.690924462	-121.824279018
4.000000000	39.690924462	-121.824279018
5.000000000	39.690924462	-121.824279018
6.000000000	39.690924462	-121.824279018
7.000000000	39.690924462	-121.824279018
8.000000000	39.690924462	-121.824279018
0.000000000	39.690924462	-121.824279018
1.000000000	39.690925633	-121.824281812
2.000000000	39.690925695	-121.824281853
3.000000000	39.690925745	-121.824281842
4.000000000	39.690925790	-121.824281842
5.000000000	39.690925857	-121.824281863
6.000000000	39.690925760	-121.824281618
7.000000000	39.690925783	-121.824281537
8.000000000	39.690925852	-121.824281605
9.000000000	39.690925708	-121.824280808
10.000000000	39.690925655	-121.824280710
11.000000000	39.690925532	-121.824280432
12.000000000	39.690925437	-121.824280287
13.000000000	39.690925528	-121.824279783
14.000000000	39.690925383	-121.824279728
15.000000000	39.690925453	-121.824279687
16.000000000	39.690925528	-121.824279652
17.000000000	39.690925468	-121.824279532
18.000000000	39.690925212	-121.824279870
19.000000000	39.690924517	-121.824280350
20.000000000	39.690925147	-121.824280580
21.000000000	39.690923988	-121.824284733
22.000000000	39.690918655	-121.824294602
23.000000000	39.690911737	-121.824302803
24.000000000	39.690903953	-121.824309315
25.000000000	39.690895503	-121.824314280
26.000000000	39.690887130	-121.824319143
27.000000000	39.690879218	-121.824325845
28.000000000	39.690871378	-121.824332617
29.000000000	39.690863637	-121.824339430
30.000000000	39.690855992	-121.824346285
31.000000000	39.690848337	-121.824353175
32.000000000	39.690840837	-121.824360242
33.000000000	39.690833293	-121.824367397
34.000000000	39.690825558	-121.824373875
35.000000000	39.690817188	-121.824378758
36.000000000	39.690808805	-121.824383713
37.000000000	39.690800760	-121.824389457
38.000000000	39.690792723	-121.824395413
39.000000000	39.690784645	-121.824401443
40.000000000	39.690776643	-121.824407598
41.000000000	39.690768653	-121.824413853
42.000000000	39.690760748	-121.824420415
43.000000000	39.690752913	-121.824426890
44.000000000	39.690744760	-121.824432667
45.000000000	39.690736303	-121.824437030
46.000000000	39.690728092	-121.824441452
47.000000000	39.690719940	-121.824446605
48.000000000	39.690711687	-121.824451843
49.000000000	39.690703438	-121.824457253
50.000000000	39.690695207	-121.824462748
51.000000000	39.690687088	-121.824468277
52.000000000	39.690678960	-121.824473950
53.000000000	39.690670982	-121.824479737
54.000000000	39.690662970	-121.824485663
55.000000000	39.690654927	-121.824491767
56.000000000	39.690646618	-121.824496878
57.000000000	39.690637947	-121.824500880
58.000000000	39.690629312	-121.824504840
59.000000000	39.690620960	-121.824509943
60.000000000	39.690612495	-121.824514697
61.000000000	39.690603868	-121.824518837
62.000000000	39.690595137	-121.824519955
63.000000000	39.690586262	-121.824522738
64.000000000	39.690577335	-121.824526800
65.000000000	39.690569315	-121.824533462
66.000000000	39.690561542	-121.824540463
67.000000000	39.690553502	-121.824545718
68.000000000	39.690544830	-121.824549213
69.000000000	39.690536138	-121.824551315
70.000000000	39.690527055	-121.824552932
71.000000000	39.690518188	-121.824556713
72.000000000	39.690509735	-121.824562110
73.000000000	39.690501573	-121.824567857
74.000000000	39.690493242	-121.824572122
75.000000000	39.690484563	-121.824573813
76.000000000	39.690476182	-121.824578247
77.000000000	39.690470193	-121.824586977
78.000000000	39.690465942	-121.824597638
79.000000000	39.690463555	-121.824609640
80.000000000	39.690463145	-121.824622495
81.000000000	39.690464833	-121.824634800
82.000000000	39.690468538	-121.824646388
83.000000000	39.690474420	-121.824656587
84.000000000	39.690481888	-121.824665047
85.000000000	39.690490568	-121.824671298
86.000000000	39.690499755	-121.824675222
87.000000000	39.690509535	-121.824676395
88.000000000	39.690519358	-121.824675475
89.000000000	39.690528943	-121.824672503
90.000000000	39.690538022	-121.824668042
91.000000000	39.690547028	-121.824661848
92.000000000	39.690555747	-121.824655442
93.000000000	39.690565123	-121.824652097
94.000000000	39.690574515	-121.824648923
95.000000000	39.690583498	-121.824644877
96.000000000	39.690592553	-121.824640533
97.000000000	39.690601665	-121.824635940
98.000000000	39.690610737	-121.824631293
99.000000000	39.690619773	-121.824626508
100.000000000	39.690628758	-121.824622838
101.000000000	39.690637755	-121.824620672
102.000000000	39.690646763	-121.824618485
103.000000000	39.690655553	-121.824615467
104.000000000	39.690664428	-121.824612322
105.000000000	39.690673317	-121.824609060
106.000000000	39.690682193	-121.824605617
107.000000000	39.690691142	-121.824601893
108.000000000	39.690700057	-121.824598138
109.000000000	39.690708988	-121.824594500
110.000000000	39.690717130	-121.824591438
111.000000000	39.690722925	-121.824588877
112.000000000	39.690727062	-121.824587092
113.000000000	39.690729747	-121.824585930
114.000000000	39.690731198	-121.824585297
115.000000000	39.690731585	-121.824585015
116.000000000	39.690731498	-121.824584933
117.000000000	39.690731390	-121.824584917
118.000000000	39.690731333	-121.824584875
119.000000000	39.690731265	-121.824584852
120.000000000	39.690731210	-121.824584852
121.000000000	39.690735392	-121.824581303
122.000000000	39.690743018	-121.824574138
123.000000000	39.690751693	-121.824570448
124.000000000	39.690760450	-121.824569465
125.000000000	39.690769412	-121.824570265
126.000000000	39.690778410	-121.824572005
127.000000000	39.690787182	-121.824573728
128.000000000	39.690795502	-121.824577735
129.000000000	39.690804013	-121.824581037
130.000000000	39.690813323	-121.824580088
131.000000000	39.690822008	-121.824575757
132.000000000	39.690829815	-121.824568992
133.000000000	39.690836288	-121.824559920
134.000000000	39.690841155	-121.824549458
135.000000000	39.690844343	-121.824537620
136.000000000	39.690845687	-121.824525503
137.000000000	39.690845522	-121.824513142
138.000000000	39.690843940	-121.824501040
139.000000000	39.690840918	-121.824489398
140.000000000	39.690837058	-121.824478397
141.000000000	39.690832822	-121.824467563
142.000000000	39.690828590	-121.824456885
143.000000000	39.690826278	-121.824445590
144.000000000	39.690824007	-121.824434218
145.000000000	39.690821005	-121.824423060
146.000000000	39.690817208	-121.824412025
147.000000000	39.690812162	-121.824401922
148.000000000	39.690806692	-121.824392403
149.000000000	39.690799215	-121.824384835
150.000000000	39.690790755	-121.824379177
151.000000000	39.690781615	-121.824375652
152.000000000	39.690771960	-121.824374090
153.000000000	39.690762362	-121.824374382
154.000000000	39.690752868	-121.824375723
155.000000000	39.690743493	-121.824375827
156.000000000	39.690734075	-121.824376127
157.000000000	39.690724835	-121.824376640
158.000000000	39.690715907	-121.824377010
159.000000000	39.690706867	-121.824377507
160.000000000	39.690697807	-121.824378308
161.000000000	39.690688500	-121.824379287
162.000000000	39.690679412	-121.824379358
163.000000000	39.690670673	-121.824377935
164.000000000	39.690661628	-121.824376543
165.000000000	39.690652652	-121.824376022
166.000000000	39.690643515	-121.824375462
167.000000000	39.690634333	-121.824375103
168.000000000	39.690625237	-121.824374752
169.000000000	39.690616078	-121.824374560
170.000000000	39.690606787	-121.824374602
171.000000000	39.690597550	-121.824374670
172.000000000	39.690588367	-121.824374822
173.000000000	39.690579097	-121.824375132
174.000000000	39.690569822	-121.824375323
175.000000000	39.690560555	-121.824375893
176.000000000	39.690551282	-121.824376638
177.000000000	39.690542075	-121.824376715
178.000000000	39.690533172	-121.824374993
179.000000000	39.690524273	-121.824372553
180.000000000	39.690515377	-121.824369717
181.000000000	39.690507733	-121.824364132
182.000000000	39.690501343	-121.824356385
183.000000000	39.690496417	-121.824347068
184.000000000	39.690492440	-121.824337010
185.000000000	39.690489910	-121.824326077
186.000000000	39.690488635	-121.824314955
187.000000000	39.690488443	-121.824303430
188.000000000	39.690489088	-121.824291970
189.000000000	39.690490343	-121.824280447
190.000000000	39.690491867	-121.824268963
191.000000000	39.690492387	-121.824257063
192.000000000	39.690492900	-121.824245197
193.000000000	39.690493402	-121.824233252
194.000000000	39.690493777	-121.824221345
195.000000000	39.690494163	-121.824209352
196.000000000	39.690495083	-121.824197442
197.000000000	39.690497760	-121.824186325
198.000000000	39.690501958	-121.824176748
199.000000000	39.690508025	-121.824168728
200.000000000	39.690515252	-121.824162418
201.000000000	39.690524327	-121.824157883
202.000000000	39.690532768	-121.824154710
203.000000000	39.690541573	-121.824153133
204.000000000	39.690550527	-121.824152758
205.000000000	39.690559453	-121.824153505
206.000000000	39.690568473	-121.824154488
207.000000000	39.690577805	-121.824154073
208.000000000	39.690587090	-121.824153935
209.000000000	39.690596503	-121.824153483
210.000000000	39.690604995	-121.824152735
211.000000000	39.690614268	-121.824152202
212.000000000	39.690624268	-121.824153337
213.000000000	39.690632580	-121.824157263
214.000000000	39.690641362	-121.824160650
215.000000000	39.690650883	-121.824161335
216.000000000	39.690660222	-121.824160248
217.000000000	39.690669445	-121.824158070
218.000000000	39.690678500	-121.824155620
219.000000000	39.690687388	-121.824156143
220.000000000	39.690696330	-121.824157815
221.000000000	39.690704975	-121.824160448
222.000000000	39.690713850	-121.824163403
223.000000000	39.690723343	-121.824163203
224.000000000	39.690732170	-121.824165103
225.000000000	39.690741028	-121.824168040
226.000000000	39.690750183	-121.824169438
227.000000000	39.690759553	-121.824168262
228.000000000	39.690768863	-121.824166595
229.000000000	39.690777962	-121.824165703
230.000000000	39.690786978	-121.824165687
231.000000000	39.690795920	-121.824167448
232.000000000	39.690804763	-121.824169495
233.000000000	39.690813897	-121.824170395
234.000000000	39.690823248	-121.824170465
235.000000000	39.690832497	-121.824168735
236.000000000	39.690841642	-121.824166598
237.000000000	39.690850670	-121.824167298
238.000000000	39.690859532	-121.824169068
239.000000000	39.690867137	-121.824174502
240.000000000	39.690875547	-121.824178688
241.000000000	39.690884848	-121.824178883
242.000000000	39.690899363	-121.824173705
243.000000000	39.690908313	-121.824172323
244.000000000	39.690917138	-121.824173752
245.000000000	39.690925263	-121.824176760
246.000000000	39.690932903	-121.824177505
247.000000000	39.690935372	-121.824178303
248.000000000	39.690935225	-121.824178397
249.000000000	39.690934938	-121.824178327
250.000000000	39.690934488	-121.824178310
251.000000000	39.690934110	-121.824178218
252.000000000	39.690933812	-121.824178158
253.000000000	39.690933468	-121.824178043
254.000000000	39.690933037	-121.824177962
255.000000000	39.690932618	-121.824177822
256.000000000	39.690932237	-121.824177697
257.000000000	39.690931930	-121.824177635
258.000000000	39.690931583	-121.824177580
259.000000000	39.690931277	-121.824177530
260.000000000	39.690931167	-121.824177535
261.000000000	39.690931080	-121.824177537
262.000000000	39.690931348	-121.824177968
263.000000000	39.690930865	-121.824177650
264.000000000	39.690928123	-121.824175655
265.000000000	39.690928085	-121.824175415
266.000000000	39.690927988	-121.824175375
