0.000000000	39.690395103	-121.824393378
1.000000000	39.690394733	-121.824390387
2.000000000	39.690394625	-121.824390345
3.000000000	39.690394532	-121.824390338
4.000000000	39.690394440	-121.824390343
5.000000000	39.690394318	-121.824390325
6.000000000	39.690394288	-121.824390425
7.000000000	39.690394133	-121.824390413
8.000000000	39.690394038	-121.824390412
9.000000000	39.690393915	-121.824390385
10.000000000	39.690393783	-121.824390413
11.000000000	39.690393708	-121.824390397
12.000000000	39.690393573	-121.824390330
13.000000000	39.690393578	-121.824390272
14.000000000	39.690393555	-121.824390177
15.000000000	39.690393493	-121.824389997
16.000000000	39.690393450	-121.824389797
17.000000000	39.690393443	-121.824389667
18.000000000	39.690393407	-121.824389497
19.000000000	39.690393383	-121.824389370
20.000000000	39.690393403	-121.824389203
21.000000000	39.690393445	-121.824389033
22.000000000	39.690393445	-121.824388847
23.000000000	39.690393452	-121.824388658
24.000000000	39.690393452	-121.824388523
25.000000000	39.690393412	-121.824388373
26.000000000	39.690393438	-121.824388213
27.000000000	39.690393423	-121.824388108
28.000000000	39.690393482	-121.824387963
29.000000000	39.690393502	-121.824387825
30.000000000	39.690393530	-121.824387700
31.000000000	39.690393513	-121.824387623
32.000000000	39.690393518	-121.824387488
33.000000000	39.690393482	-121.824387302
34.000000000	39.690393415	-121.824387262
35.000000000	39.690392717	-121.824386353
36.000000000	39.690389250	-121.824381738
37.000000000	39.690383632	-121.824375105
38.000000000	39.690376135	-121.824367857
39.000000000	39.690365515	-121.824362022
40.000000000	39.690355267	-121.824354118
41.000000000	39.690348258	-121.824343523
42.000000000	39.690345040	-121.824336335
43.000000000	39.690344622	-121.824335237
44.000000000	39.690342782	-121.824334042
45.000000000	39.690342872	-121.824334088
46.000000000	39.690342885	-121.824334205
47.000000000	39.690342880	-121.824334223
48.000000000	39.690342817	-121.824334147
49.000000000	39.690342860	-121.824334237
50.000000000	39.690343002	-121.824334280
51.000000000	39.690343157	-121.824334290
52.000000000	39.690343242	-121.824334337
53.000000000	39.690346262	-121.824332375
54.000000000	39.690346342	-121.824332355
55.000000000	39.690346468	-121.824332355
56.000000000	39.690346572	-121.824332392
57.000000000	39.690346790	-121.824332490
58.000000000	39.690347072	-121.824332522
59.000000000	39.690350152	-121.824328965
60.000000000	39.690349873	-121.824328888
61.000000000	39.690349622	-121.824328840
62.000000000	39.690349400	-121.824328873
63.000000000	39.690349133	-121.824328923
64.000000000	39.690348820	-121.824328885
65.000000000	39.690348612	-121.824328878
66.000000000	39.690348322	-121.824328975
67.000000000	39.690348093	-121.824328990
68.000000000	39.690347823	-121.824329092
69.000000000	39.690347565	-121.824329137
70.000000000	39.690347398	-121.824329072
71.000000000	39.690347075	-121.824329065
72.000000000	39.690346895	-121.824329102
73.000000000	39.690346692	-121.824329142
74.000000000	39.690346550	-121.824329050
75.000000000	39.690346425	-121.824328962
76.000000000	39.690346317	-121.824328915
77.000000000	39.690346192	-121.824328867
78.000000000	39.690346127	-121.824328730
79.000000000	39.690346085	-121.824328728
80.000000000	39.690346003	-121.824328712
81.000000000	39.690345953	-121.824328683
82.000000000	39.690345893	-121.824328635
83.000000000	39.690345855	-121.824328642
84.000000000	39.690345755	-121.824328625
85.000000000	39.690345743	-121.824328625
86.000000000	39.690345160	-121.824329007
87.000000000	39.690345108	-121.824329117
88.000000000	39.690345115	-121.824329120
89.000000000	39.690345078	-121.824329103
90.000000000	39.690345087	-121.824329143
91.000000000	39.690345605	-121.824328677
92.000000000	39.690345565	-121.824328695
93.000000000	39.690345530	-121.824328735
94.000000000	39.690345487	-121.824328762
95.000000000	39.690345425	-121.824328802
96.000000000	39.690345393	-121.824328762
97.000000000	39.690345360	-121.824328740
98.000000000	39.690345367	-121.824328712
99.000000000	39.690345340	-121.824328633
100.000000000	39.690345288	-121.824328570
101.000000000	39.690345280	-121.824328550
102.000000000	39.690345223	-121.824328480
103.000000000	39.690345180	-121.824328397
104.000000000	39.690345138	-121.824328353
105.000000000	39.690345020	-121.824328353
106.000000000	39.690344880	-121.824328338
107.000000000	39.690344845	-121.824328368
108.000000000	39.690344828	-121.824328360
109.000000000	39.690344718	-121.824328372
110.000000000	39.690344635	-121.824328402
111.000000000	39.690344567	-121.824328425
112.000000000	39.690344497	-121.824328472
113.000000000	39.690344428	-121.824328463
114.000000000	39.690344447	-121.824328475
115.000000000	39.690344562	-121.824328325
116.000000000	39.690344512	-121.824328283
117.000000000	39.690344423	-121.824328253
118.000000000	39.690344183	-121.824328217
119.000000000	39.690343850	-121.824328193
120.000000000	39.690343568	-121.824328135
121.000000000	39.690343135	-121.824328117
122.000000000	39.690342747	-121.824328055
123.000000000	39.690342400	-121.824328063
124.000000000	39.690342005	-121.824327922
125.000000000	39.690341863	-121.824328003
126.000000000	39.690341642	-121.824327800
127.000000000	39.690343260	-121.824333135
128.000000000	39.690349300	-121.824342827
129.000000000	39.690356523	-121.824350882
130.000000000	39.690362542	-121.824359067
131.000000000	39.690368573	-121.824367565
132.000000000	39.690374505	-121.824376133
133.000000000	39.690380475	-121.824384593
134.000000000	39.690386553	-121.824392992
135.000000000	39.690392800	-121.824401392
136.000000000	39.690399000	-121.824409567
137.000000000	39.690405432	-121.824417643
138.000000000	39.690411673	-121.824425595
139.000000000	39.690418208	-121.824433557
140.000000000	39.690424620	-121.824441333
141.000000000	39.690430983	-121.824449077
142.000000000	39.690437462	-121.824456902
143.000000000	39.690443877	-121.824464795
144.000000000	39.690450103	-121.824472823
145.000000000	39.690456380	-121.824480922
146.000000000	39.690462580	-121.824489118
147.000000000	39.690468642	-121.824497398
148.000000000	39.690474432	-121.824505752
149.000000000	39.690479933	-121.824514343
150.000000000	39.690485453	-121.824523363
151.000000000	39.690490985	-121.824532283
152.000000000	39.690497867	-121.824539795
153.000000000	39.690505388	-121.824546450
154.000000000	39.690513232	-121.824552417
155.000000000	39.690521373	-121.824557575
156.000000000	39.690529725	-121.824562127
157.000000000	39.690538313	-121.824565975
158.000000000	39.690547108	-121.824569165
159.000000000	39.690556345	-121.824571288
160.000000000	39.690565283	-121.824573080
161.000000000	39.690574098	-121.824574553
162.000000000	39.690582550	-121.824575733
163.000000000	39.690591533	-121.824576117
164.000000000	39.690600465	-121.824576017
165.000000000	39.690609382	-121.824575562
166.000000000	39.690618247	-121.824575018
167.000000000	39.690626973	-121.824573615
168.000000000	39.690635737	-121.824572190
169.000000000	39.690644428	-121.824570400
170.000000000	39.690653145	-121.824568352
171.000000000	39.690661817	-121.824566005
172.000000000	39.690670548	-121.824563740
173.000000000	39.690679215	-121.824561058
174.000000000	39.690687747	-121.824558452
175.000000000	39.690696362	-121.824555807
176.000000000	39.690704825	-121.824552992
177.000000000	39.690713377	-121.824550175
178.000000000	39.690721992	-121.824547358
179.000000000	39.690730683	-121.824544707
180.000000000	39.690739410	-121.824542282
181.000000000	39.690748163	-121.824540108
182.000000000	39.690756915	-121.824538358
183.000000000	39.690765820	-121.824536355
184.000000000	39.690774305	-121.824532682
185.000000000	39.690782442	-121.824528260
186.000000000	39.690790408	-121.824523083
187.000000000	39.690798210	-121.824517475
188.000000000	39.690805645	-121.824511200
189.000000000	39.690812593	-121.824504143
190.000000000	39.690818633	-121.824495638
191.000000000	39.690824067	-121.824486395
192.000000000	39.690828610	-121.824476385
193.000000000	39.690832453	-121.824465807
194.000000000	39.690835508	-121.824454813
195.000000000	39.690837723	-121.824443405
196.000000000	39.690839037	-121.824431803
197.000000000	39.690839663	-121.824420355
198.000000000	39.690838650	-121.824408535
199.000000000	39.690836280	-121.824397090
200.000000000	39.690832683	-121.824386183
201.000000000	39.690828278	-121.824376022
202.000000000	39.690822895	-121.824366420
203.000000000	39.690816932	-121.824357755
204.000000000	39.690810240	-121.824349923
205.000000000	39.690803153	-121.824342812
206.000000000	39.690795505	-121.824336543
207.000000000	39.690787483	-121.824331383
208.000000000	39.690779203	-121.824327010
209.000000000	39.690770765	-121.824323518
210.000000000	39.690762007	-121.824320880
211.000000000	39.690753173	-121.824318973
212.000000000	39.690744268	-121.824318005
213.000000000	39.690735315	-121.824317568
214.000000000	39.690726335	-121.824317877
215.000000000	39.690717355	-121.824318723
216.000000000	39.690708477	-121.824320255
217.000000000	39.690699832	-121.824322235
218.000000000	39.690691102	-121.824324632
219.000000000	39.690682568	-121.824327598
220.000000000	39.690674120	-121.824331025
221.000000000	39.690665778	-121.824334800
222.000000000	39.690657620	-121.824338930
223.000000000	39.690649490	-121.824343435
224.000000000	39.690641473	-121.824348008
225.000000000	39.690633505	-121.824352762
226.000000000	39.690625615	-121.824357780
227.000000000	39.690617843	-121.824362990
228.000000000	39.690610157	-121.824368232
229.000000000	39.690602275	-121.824373468
230.000000000	39.690594548	-121.824378812
231.000000000	39.690586665	-121.824384123
232.000000000	39.690578810	-121.824389427
233.000000000	39.690570788	-121.824394250
234.000000000	39.690562947	-121.824398768
235.000000000	39.690554987	-121.824403237
236.000000000	39.690546798	-121.824407275
237.000000000	39.690538488	-121.824410422
238.000000000	39.690530055	-121.824412305
239.000000000	39.690521740	-121.824413800
240.000000000	39.690513333	-121.824414432
241.000000000	39.690504798	-121.824414400
242.000000000	39.690496412	-121.824413692
243.000000000	39.690487907	-121.824412372
244.000000000	39.690479548	-121.824410393
245.000000000	39.690471175	-121.824407823
246.000000000	39.690462918	-121.824404597
247.000000000	39.690454902	-121.824400718
248.000000000	39.690447127	-121.824396247
249.000000000	39.690439547	-121.824391148
250.000000000	39.690432402	-121.824385360
251.000000000	39.690425250	-121.824378995
252.000000000	39.690418607	-121.824372110
253.000000000	39.690412313	-121.824364752
254.000000000	39.690406240	-121.824356797
255.000000000	39.690400597	-121.824348445
256.000000000	39.690395278	-121.824339477
257.000000000	39.690390628	-121.824329948
258.000000000	39.690386637	-121.824319968
259.000000000	39.690383510	-121.824309928
260.000000000	39.690381015	-121.824299322
261.000000000	39.690379227	-121.824288548
262.000000000	39.690378387	-121.824277480
263.000000000	39.690378213	-121.824265637
264.000000000	39.690379408	-121.824254790
265.000000000	39.690381370	-121.824244238
266.000000000	39.690384325	-121.824233707
267.000000000	39.690387992	-121.824223652
268.000000000	39.690392747	-121.824214630
269.000000000	39.690398220	-121.824206360
270.000000000	39.690404785	-121.824198870
271.000000000	39.690411677	-121.824192635
272.000000000	39.690419097	-121.824187258
273.000000000	39.690426837	-121.824182865
274.000000000	39.690434993	-121.824179388
275.000000000	39.690443367	-121.824177410
276.000000000	39.690451830	-121.824176642
277.000000000	39.690460332	-121.824176890
278.000000000	39.690468622	-121.824178545
279.000000000	39.690476847	-121.824181175
280.000000000	39.690484808	-121.824184927
281.000000000	39.690492633	-121.824189583
282.000000000	39.690500062	-121.824195317
283.000000000	39.690507080	-121.824201913
284.000000000	39.690513453	-121.824209088
285.000000000	39.690519360	-121.824217147
286.000000000	39.690524373	-121.824225832
287.000000000	39.690528827	-121.824235030
288.000000000	39.690532503	-121.824245127
289.000000000	39.690535195	-121.824255713
290.000000000	39.690536825	-121.824266465
291.000000000	39.690537895	-121.824277352
292.000000000	39.690537987	-121.824288262
293.000000000	39.690537125	-121.824298952
294.000000000	39.690535397	-121.824309777
295.000000000	39.690532603	-121.824320387
296.000000000	39.690528960	-121.824330523
297.000000000	39.690524393	-121.824339907
298.000000000	39.690518945	-121.824348807
299.000000000	39.690512912	-121.824356712
300.000000000	39.690506375	-121.824363233
301.000000000	39.690499253	-121.824369130
302.000000000	39.690491925	-121.824373785
303.000000000	39.690484125	-121.824378010
304.000000000	39.690476482	-121.824386427
305.000000000	39.690468078	-121.824388117
306.000000000	39.690459830	-121.824388333
307.000000000	39.690451483	-121.824387705
308.000000000	39.690443255	-121.824386212
309.000000000	39.690435037	-121.824383783
310.000000000	39.690426930	-121.824379810
311.000000000	39.690419068	-121.824375415
312.000000000	39.690411797	-121.824370182
313.000000000	39.690404530	-121.824364222
314.000000000	39.690397712	-121.824357622
315.000000000	39.690391493	-121.824350317
316.000000000	39.690385860	-121.824342342
317.000000000	39.690380597	-121.824333528
318.000000000	39.690376070	-121.824324175
319.000000000	39.690372245	-121.824314297
320.000000000	39.690369213	-121.824303917
321.000000000	39.690366968	-121.824293340
322.000000000	39.690365855	-121.824282427
323.000000000	39.690365410	-121.824271525
324.000000000	39.690365757	-121.824260903
325.000000000	39.690367115	-121.824250177
326.000000000	39.690369355	-121.824239617
327.000000000	39.690372525	-121.824229662
328.000000000	39.690376662	-121.824220077
329.000000000	39.690381648	-121.824210968
330.000000000	39.690387137	-121.824202802
331.000000000	39.690393452	-121.824195315
332.000000000	39.690408870	-121.824196255
333.000000000	39.690416187	-121.824190215
334.000000000	39.690423575	-121.824184717
335.000000000	39.690431343	-121.824180505
336.000000000	39.690439592	-121.824177632
337.000000000	39.690447932	-121.824176075
338.000000000	39.690456608	-121.824174810
339.000000000	39.690464923	-121.824175632
340.000000000	39.690473082	-121.824177595
341.000000000	39.690480907	-121.824180797
342.000000000	39.690488815	-121.824184537
343.000000000	39.690496420	-121.824189163
344.000000000	39.690503438	-121.824194913
345.000000000	39.690509712	-121.824202585
346.000000000	39.690515885	-121.824209812
347.000000000	39.690521550	-121.824217718
348.000000000	39.690526492	-121.824226398
349.000000000	39.690531027	-121.824235457
350.000000000	39.690534927	-121.824244935
351.000000000	39.690537682	-121.824255145
352.000000000	39.690539633	-121.824265697
353.000000000	39.690540713	-121.824276097
354.000000000	39.690540887	-121.824286638
355.000000000	39.690540445	-121.824297547
356.000000000	39.690538995	-121.824308262
357.000000000	39.690536830	-121.824318848
358.000000000	39.690533497	-121.824328635
359.000000000	39.690529285	-121.824338323
360.000000000	39.690524295	-121.824347062
361.000000000	39.690518618	-121.824355105
362.000000000	39.690512377	-121.824362390
363.000000000	39.690505697	-121.824368728
364.000000000	39.690498463	-121.824374125
365.000000000	39.690490908	-121.824378617
366.000000000	39.690483095	-121.824381917
367.000000000	39.690474947	-121.824384390
368.000000000	39.690466497	-121.824385818
369.000000000	39.690458150	-121.824386223
370.000000000	39.690450190	-121.824385345
371.000000000	39.690441947	-121.824383997
372.000000000	39.690433780	-121.824381612
373.000000000	39.690425805	-121.824378320
374.000000000	39.690418413	-121.824374130
375.000000000	39.690410670	-121.824369445
376.000000000	39.690403392	-121.824364082
377.000000000	39.690400678	-121.824354868
378.000000000	39.690394652	-121.824348750
379.000000000	39.690391112	-121.824345692
380.000000000	39.690390212	-121.824344627
381.000000000	39.690390267	-121.824344490
382.000000000	39.690390022	-121.824344593
383.000000000	39.690387118	-121.824341328
384.000000000	39.690380983	-121.824332645
385.000000000	39.690376217	-121.824321803
386.000000000	39.690373080	-121.824305195
387.000000000	39.690375063	-121.824288545
388.000000000	39.690379225	-121.824274963
389.000000000	39.690383297	-121.824264158
390.000000000	39.690391282	-121.824254782
391.000000000	39.690398812	-121.824248573
392.000000000	39.690402683	-121.824244000
393.000000000	39.690404155	-121.824241883
394.000000000	39.690404888	-121.824240582
395.000000000	39.690404815	-121.824240637
396.000000000	39.690404768	-121.824240583
397.000000000	39.690406488	-121.824238320
398.000000000	39.690408760	-121.824235227
399.000000000	39.690409288	-121.824234432
400.000000000	39.690410735	-121.824232040
401.000000000	39.690416375	-121.824223580
402.000000000	39.690422037	-121.824214685
403.000000000	39.690427628	-121.824205887
404.000000000	39.690433257	-121.824197083
405.000000000	39.690438860	-121.824188357
406.000000000	39.690444412	-121.824179863
407.000000000	39.690450297	-121.824171542
408.000000000	39.690456305	-121.824163610
409.000000000	39.690462593	-121.824155928
410.000000000	39.690468947	-121.824148520
411.000000000	39.690475528	-121.824141307
412.000000000	39.690482148	-121.824134212
413.000000000	39.690488902	-121.824127298
414.000000000	39.690495823	-121.824120603
415.000000000	39.690502802	-121.824114040
416.000000000	39.690509847	-121.824107768
417.000000000	39.690517015	-121.824101597
418.000000000	39.690524125	-121.824095763
419.000000000	39.690531410	-121.824089990
420.000000000	39.690538648	-121.824084343
421.000000000	39.690546105	-121.824079222
422.000000000	39.690554383	-121.824072427
423.000000000	39.690562152	-121.824067500
424.000000000	39.690569727	-121.824062848
425.000000000	39.690577793	-121.824058032
426.000000000	39.690585648	-121.824053917
427.000000000	39.690592358	-121.824050762
428.000000000	39.690594967	-121.824049200
429.000000000	39.690594638	-121.824049102
430.000000000	39.690593872	-121.824049458
431.000000000	39.690592982	-121.824050368
432.000000000	39.690589327	-121.824054293
433.000000000	39.690585477	-121.824058350
434.000000000	39.690579323	-121.824061892
435.000000000	39.690573245	-121.824061340
436.000000000	39.690571318	-121.824060430
437.000000000	39.690571278	-121.824060273
438.000000000	39.690573360	-121.824059752
439.000000000	39.690582372	-121.824056947
440.000000000	39.690590317	-121.824052015
441.000000000	39.690594570	-121.824048717
442.000000000	39.690601682	-121.824029205
443.000000000	39.690600903	-121.824031427
444.000000000	39.690599935	-121.824034045
445.000000000	39.690599045	-121.824035293
446.000000000	39.690596752	-121.824031910
447.000000000	39.690591768	-121.824028517
448.000000000	39.690582025	-121.824038013
449.000000000	39.690574093	-121.824044503
450.000000000	39.690566637	-121.824053818
451.000000000	39.690560598	-121.824056327
452.000000000	39.690551595	-121.824060152
453.000000000	39.690542370	-121.824061990
454.000000000	39.690535418	-121.824061263
455.000000000	39.690534185	-121.824060932
456.000000000	39.690534430	-121.824061128
457.000000000	39.690534268	-121.824061233
458.000000000	39.690534527	-121.824061212
459.000000000	39.690544192	-121.824061070
460.000000000	39.690553577	-121.824057048
461.000000000	39.690561753	-121.824052178
462.000000000	39.690569958	-121.824049152
463.000000000	39.690578145	-121.824046697
464.000000000	39.690585068	-121.824048030
465.000000000	39.690593328	-121.824045562
466.000000000	39.690601422	-121.824043218
467.000000000	39.690609795	-121.824040613
468.000000000	39.690618117	-121.824038337
469.000000000	39.690626418	-121.824035968
470.000000000	39.690634590	-121.824033255
471.000000000	39.690641875	-121.824031577
472.000000000	39.690650367	-121.824030758
473.000000000	39.690658882	-121.824027695
474.000000000	39.690667363	-121.824025465
475.000000000	39.690675618	-121.824023457
476.000000000	39.690684182	-121.824022318
477.000000000	39.690692652	-121.824020948
478.000000000	39.690701137	-121.824019793
479.000000000	39.690709672	-121.824018755
480.000000000	39.690718102	-121.824017512
481.000000000	39.690726553	-121.824016630
482.000000000	39.690735015	-121.824016308
483.000000000	39.690743547	-121.824016110
484.000000000	39.690752035	-121.824016055
485.000000000	39.690760578	-121.824016092
486.000000000	39.690769207	-121.824016305
487.000000000	39.690777995	-121.824016568
488.000000000	39.690786617	-121.824017128
489.000000000	39.690796755	-121.824013877
490.000000000	39.690805325	-121.824014925
491.000000000	39.690813748	-121.824016577
492.000000000	39.690822248	-121.824018685
493.000000000	39.690830855	-121.824020768
494.000000000	39.690838663	-121.824024913
495.000000000	39.690847040	-121.824027420
496.000000000	39.690856130	-121.824027998
497.000000000	39.690864367	-121.824031135
498.000000000	39.690872322	-121.824034578
499.000000000	39.690879442	-121.824040190
500.000000000	39.690887422	-121.824043912
501.000000000	39.690895727	-121.824046090
502.000000000	39.690903545	-121.824049938
503.000000000	39.690910890	-121.824054682
504.000000000	39.690918197	-121.824059883
505.000000000	39.690925423	-121.824065088
506.000000000	39.690932397	-121.824070708
507.000000000	39.690939258	-121.824076667
508.000000000	39.690945783	-121.824082953
509.000000000	39.690952180	-121.824089628
510.000000000	39.690958683	-121.824096343
511.000000000	39.690964387	-121.824104658
512.000000000	39.690970108	-121.824112393
513.000000000	39.690975748	-121.824120407
514.000000000	39.690981243	-121.824128832
515.000000000	39.690985500	-121.824136913
516.000000000	39.690987920	-121.824140655
517.000000000	39.690988548	-121.824142017
518.000000000	39.690988335	-121.824142410
519.000000000	39.690988105	-121.824142967
520.000000000	39.690987858	-121.824143558
521.000000000	39.690987627	-121.824144143
522.000000000	39.690987355	-121.824144753
523.000000000	39.690987072	-121.824145343
524.000000000	39.690986848	-121.824145812
525.000000000	39.690986645	-121.824146192
526.000000000	39.690986472	-121.824146573
527.000000000	39.690986345	-121.824146820
528.000000000	39.690986400	-121.824146802
529.000000000	39.690986187	-121.824146967
530.000000000	39.690986165	-121.824147032
531.000000000	39.690986148	-121.824147047
532.000000000	39.690986130	-121.824147032
