0.000000000	39.690327000	-121.824280000
1.000000000	39.690327000	-121.824280000
2.000000000	39.690327000	-121.824280000
3.000000000	39.690327000	-121.824280000
4.000000000	39.690327000	-121.824280000
5.000000000	39.690327000	-121.824280000
6.000000000	39.690327000	-121.824280000
7.000000000	39.690327000	-121.824280000
8.000000000	39.690327000	-121.824280000
9.000000000	39.690327000	-121.824280000
10.000000000	39.690327000	-121.824280000
11.000000000	39.690327000	-121.824280000
12.000000000	39.690327000	-121.824280000
13.000000000	39.690327000	-121.824280000
14.000000000	39.690327000	-121.824280000
15.000000000	39.690327000	-121.824280000
16.000000000	39.690327000	-121.824280000
17.000000000	39.690327000	-121.824280000
18.000000000	39.690327000	-121.824280000
19.000000000	39.690327000	-121.824280000
20.000000000	39.690327000	-121.824280000
21.000000000	39.690327000	-121.824280000
22.000000000	39.690327000	-121.824280000
23.000000000	39.690327000	-121.824280000
24.000000000	39.690327000	-121.824280000
25.000000000	39.690327000	-121.824280000
26.000000000	39.690327000	-121.824280000
27.000000000	39.690327000	-121.824280000
28.000000000	39.690327000	-121.824280000
29.000000000	39.690327000	-121.824280000
30.000000000	39.690327000	-121.824280000
31.000000000	39.690327000	-121.824280000
32.000000000	39.690327000	-121.824280000
33.000000000	39.690327000	-121.824280000
34.000000000	39.690327000	-121.824280000
35.000000000	39.690327000	-121.824280000
36.000000000	39.690327000	-121.824280000
37.000000000	39.690327000	-121.824280000
38.000000000	39.690327000	-121.824280000
39.000000000	39.690327000	-121.824280000
40.000000000	39.690327000	-121.824280000
41.000000000	39.690327000	-121.824280000
42.000000000	39.690327000	-121.824280000
43.000000000	39.690327000	-121.824280000
44.000000000	39.690327000	-121.824280000
45.000000000	39.690327000	-121.824280000
46.000000000	39.690327000	-121.824280000
47.000000000	39.690327000	-121.824280000
48.000000000	39.690327000	-121.824280000
49.000000000	39.690327000	-121.824280000
50.000000000	39.690327000	-121.824280000
51.000000000	39.690327000	-121.824280000
52.000000000	39.690327000	-121.824280000
53.000000000	39.690327000	-121.824280000
54.000000000	39.690327000	-121.824280000
55.000000000	39.690327000	-121.824280000
56.000000000	39.690327000	-121.824280000
57.000000000	39.690327000	-121.824280000
58.000000000	39.690327000	-121.824280000
59.000000000	39.690327000	-121.824280000
60.000000000	39.690327000	-121.824280000
61.000000000	39.690327000	-121.824280000
62.000000000	39.690327000	-121.824280000
63.000000000	39.690327000	-121.824280000
64.000000000	39.690327000	-121.824280000
65.000000000	39.690327000	-121.824280000
66.000000000	39.690327000	-121.824280000
67.000000000	39.690327000	-121.824280000
68.000000000	39.690327000	-121.824280000
69.000000000	39.690327000	-121.824280000
70.000000000	39.690327000	-121.824280000
71.000000000	39.690327000	-121.824280000
72.000000000	39.690327000	-121.824280000
73.000000000	39.690327000	-121.824280000
74.000000000	39.690327000	-121.824280000
75.000000000	39.690327000	-121.824280000
76.000000000	39.690327000	-121.824280000
77.000000000	39.690327000	-121.824280000
78.000000000	39.690327000	-121.824280000
79.000000000	39.690327000	-121.824280000
80.000000000	39.690327000	-121.824280000
81.000000000	39.690327000	-121.824280000
82.000000000	39.690327000	-121.824280000
83.000000000	39.690327000	-121.824280000
84.000000000	39.690327000	-121.824280000
85.000000000	39.690327000	-121.824280000
86.000000000	39.690327000	-121.824280000
87.000000000	39.690327000	-121.824280000
88.000000000	39.690327000	-121.824280000
89.000000000	39.690327000	-121.824280000
90.000000000	39.690327000	-121.824280000
91.000000000	39.690327000	-121.824280000
92.000000000	39.690327000	-121.824280000
93.000000000	39.690327000	-121.824280000
94.000000000	39.690327000	-121.824280000
95.000000000	39.690327000	-121.824280000
96.000000000	39.690327000	-121.824280000
97.000000000	39.690327000	-121.824280000
98.000000000	39.690327000	-121.824280000
99.000000000	39.690327000	-121.824280000
100.000000000	39.690327000	-121.824280000
101.000000000	39.690327000	-121.824280000
102.000000000	39.690327000	-121.824280000
103.000000000	39.690327000	-121.824280000
104.000000000	39.690327000	-121.824280000
105.000000000	39.690327000	-121.824280000
106.000000000	39.690327000	-121.824280000
107.000000000	39.690327000	-121.824280000
108.000000000	39.690327000	-121.824280000
109.000000000	39.690327000	-121.824280000
110.000000000	39.690327000	-121.824280000
111.000000000	39.690327000	-121.824280000
112.000000000	39.690327000	-121.824280000
113.000000000	39.689419345	-121.823874048
114.000000000	39.689417005	-121.823873022
115.000000000	39.689414463	-121.823871728
116.000000000	39.689412228	-121.823864343
117.000000000	39.689398783	-121.823870927
118.000000000	39.689412837	-121.823831230
119.000000000	39.689400690	-121.823832302
120.000000000	39.689403500	-121.823835827
121.000000000	39.689407808	-121.823839982
122.000000000	39.689412213	-121.823844682
123.000000000	39.689417145	-121.823848908
124.000000000	39.689420962	-121.823852378
125.000000000	39.689423530	-121.823855080
126.000000000	39.689425105	-121.823856972
127.000000000	39.689426668	-121.823858313
128.000000000	39.689428427	-121.823859355
129.000000000	39.689430093	-121.823860160
130.000000000	39.689430188	-121.823861370
131.000000000	39.689429293	-121.823862927
132.000000000	39.689427103	-121.823864932
133.000000000	39.689424510	-121.823866880
134.000000000	39.689422342	-121.823868850
135.000000000	39.689421632	-121.823870960
136.000000000	39.689421222	-121.823872615
137.000000000	39.689421322	-121.823873998
138.000000000	39.689421510	-121.823874798
139.000000000	39.689422060	-121.823875378
140.000000000	39.689421012	-121.823874942
141.000000000	39.689419265	-121.823874240
142.000000000	39.689417717	-121.823873182
143.000000000	39.689416648	-121.823872210
144.000000000	39.689415568	-121.823871268
145.000000000	39.689414530	-121.823870252
146.000000000	39.689413808	-121.823869755
147.000000000	39.689414370	-121.823869290
148.000000000	39.689414410	-121.823869115
149.000000000	39.689416248	-121.823868988
150.000000000	39.689416005	-121.823868987
151.000000000	39.689415973	-121.823868740
152.000000000	39.689415922	-121.823868298
153.000000000	39.689415942	-121.823867737
154.000000000	39.689415918	-121.823867130
155.000000000	39.689415973	-121.823866600
156.000000000	39.689415997	-121.823866203
157.000000000	39.689416152	-121.823865972
158.000000000	39.689416333	-121.823865640
159.000000000	39.689416340	-121.823865165
160.000000000	39.689416493	-121.823864832
161.000000000	39.689416683	-121.823864600
162.000000000	39.689416278	-121.823864150
163.000000000	39.689422832	-121.823830895
164.000000000	39.689417610	-121.823864225
165.000000000	39.689419328	-121.823864033
166.000000000	39.689419927	-121.823864423
167.000000000	39.689420882	-121.823864720
168.000000000	39.689420998	-121.823864998
169.000000000	39.689427527	-121.823866395
170.000000000	39.689426450	-121.823866665
171.000000000	39.689426723	-121.823867013
172.000000000	39.689427772	-121.823867502
173.000000000	39.689429058	-121.823867948
174.000000000	39.689429900	-121.823868412
175.000000000	39.689430190	-121.823868708
176.000000000	39.689430192	-121.823868992
177.000000000	39.689429743	-121.823869423
178.000000000	39.689429160	-121.823869662
179.000000000	39.689428713	-121.823870018
180.000000000	39.689428128	-121.823870133
181.000000000	39.689427483	-121.823870255
182.000000000	39.689427158	-121.823870423
183.000000000	39.689426823	-121.823870427
184.000000000	39.689426130	-121.823870077
185.000000000	39.689425477	-121.823869570
186.000000000	39.689425015	-121.823869185
187.000000000	39.689424110	-121.823868842
188.000000000	39.689423405	-121.823868712
189.000000000	39.689422573	-121.823868542
190.000000000	39.689421847	-121.823868453
191.000000000	39.689421408	-121.823868360
192.000000000	39.689421288	-121.823868177
193.000000000	39.689421218	-121.823868005
194.000000000	39.689421610	-121.823867827
195.000000000	39.689422592	-121.823867728
196.000000000	39.689423692	-121.823867772
197.000000000	39.689424627	-121.823867782
198.000000000	39.689425367	-121.823867847
199.000000000	39.689425865	-121.823867792
200.000000000	39.689426298	-121.823867845
201.000000000	39.689426710	-121.823867895
202.000000000	39.689427003	-121.823867980
203.000000000	39.689427298	-121.823868250
204.000000000	39.689427903	-121.823868483
205.000000000	39.689428448	-121.823868780
206.000000000	39.689428977	-121.823869210
207.000000000	39.689429492	-121.823869732
208.000000000	39.689429850	-121.823870212
209.000000000	39.689429955	-121.823870642
210.000000000	39.689429878	-121.823871170
211.000000000	39.689429712	-121.823871707
212.000000000	39.689429497	-121.823872318
213.000000000	39.689429173	-121.823872873
214.000000000	39.689428775	-121.823873368
215.000000000	39.689428460	-121.823873850
216.000000000	39.689428220	-121.823874185
217.000000000	39.689428082	-121.823874510
218.000000000	39.689427915	-121.823874822
219.000000000	39.689427728	-121.823874975
220.000000000	39.689427710	-121.823875097
221.000000000	39.689427680	-121.823875108
222.000000000	39.689427715	-121.823875100
223.000000000	39.689427718	-121.823875033
224.000000000	39.689427660	-121.823874945
225.000000000	39.689427518	-121.823874767
226.000000000	39.689427340	-121.823874707
227.000000000	39.689427122	-121.823874573
228.000000000	39.689426935	-121.823874493
229.000000000	39.689426825	-121.823874335
230.000000000	39.689426690	-121.823874230
231.000000000	39.689426442	-121.823874073
232.000000000	39.689426132	-121.823873912
233.000000000	39.689425947	-121.823873773
234.000000000	39.689425728	-121.823873562
235.000000000	39.689425467	-121.823873455
236.000000000	39.689425122	-121.823873257
237.000000000	39.689424797	-121.823873085
238.000000000	39.689424357	-121.823872938
239.000000000	39.689423852	-121.823872862
240.000000000	39.689423443	-121.823872767
241.000000000	39.689423018	-121.823872753
242.000000000	39.689422548	-121.823872713
243.000000000	39.689422152	-121.823872708
244.000000000	39.689421710	-121.823872725
245.000000000	39.689421300	-121.823872823
246.000000000	39.689420882	-121.823872888
247.000000000	39.689420440	-121.823872990
248.000000000	39.689420027	-121.823872992
249.000000000	39.689419692	-121.823873165
250.000000000	39.689419330	-121.823873215
251.000000000	39.689418912	-121.823873327
252.000000000	39.689418627	-121.823873475
253.000000000	39.689418333	-121.823873492
254.000000000	39.689419055	-121.823873775
255.000000000	39.689415225	-121.823872343
256.000000000	39.689414773	-121.823872120
257.000000000	39.689414187	-121.823871965
258.000000000	39.689413375	-121.823871528
259.000000000	39.689412490	-121.823871065
260.000000000	39.689411542	-121.823870503
261.000000000	39.689410692	-121.823870013
262.000000000	39.689410023	-121.823869538
263.000000000	39.689409398	-121.823869053
264.000000000	39.689408898	-121.823868443
265.000000000	39.689408863	-121.823868112
266.000000000	39.689409122	-121.823867828
267.000000000	39.689409533	-121.823867548
268.000000000	39.689410013	-121.823867222
269.000000000	39.689410508	-121.823867012
270.000000000	39.689411118	-121.823866928
271.000000000	39.689411622	-121.823866863
272.000000000	39.689411607	-121.823866552
273.000000000	39.689409420	-121.823865653
274.000000000	39.689409068	-121.823864877
275.000000000	39.689408613	-121.823864792
276.000000000	39.689408382	-121.823864513
277.000000000	39.689409102	-121.823864438
278.000000000	39.689408302	-121.823863923
279.000000000	39.689407833	-121.823863728
280.000000000	39.689407543	-121.823863743
281.000000000	39.689407433	-121.823863622
282.000000000	39.689407165	-121.823863523
283.000000000	39.689407103	-121.823863472
284.000000000	39.689407177	-121.823863462
285.000000000	39.689407138	-121.823863462
286.000000000	39.689407077	-121.823863400
287.000000000	39.689406875	-121.823863472
288.000000000	39.689407053	-121.823863652
289.000000000	39.689410552	-121.823867207
290.000000000	39.689411997	-121.823868515
291.000000000	39.689412478	-121.823868707
292.000000000	39.689413120	-121.823869015
293.000000000	39.689413820	-121.823869335
294.000000000	39.689414465	-121.823869633
295.000000000	39.689415105	-121.823869813
296.000000000	39.689415673	-121.823869947
297.000000000	39.689416285	-121.823870055
298.000000000	39.689416735	-121.823870110
299.000000000	39.689417127	-121.823870118
300.000000000	39.689417380	-121.823870088
301.000000000	39.689417603	-121.823870040
302.000000000	39.689417845	-121.823869977
303.000000000	39.689418242	-121.823869917
304.000000000	39.689418677	-121.823869868
305.000000000	39.689419183	-121.823869803
306.000000000	39.689419652	-121.823869710
307.000000000	39.689419945	-121.823869697
308.000000000	39.689420250	-121.823869662
309.000000000	39.689420025	-121.823870407
310.000000000	39.689420223	-121.823870712
311.000000000	39.689420558	-121.823870717
312.000000000	39.689420822	-121.823870898
313.000000000	39.689421178	-121.823870850
314.000000000	39.689421553	-121.823870883
315.000000000	39.689421745	-121.823870882
316.000000000	39.689421952	-121.823870927
317.000000000	39.689422125	-121.823870988
318.000000000	39.689422252	-121.823870957
319.000000000	39.689422428	-121.823871058
320.000000000	39.689422530	-121.823871048
321.000000000	39.689422622	-121.823871113
322.000000000	39.689422825	-121.823871217
323.000000000	39.689423162	-121.823871530
324.000000000	39.689423370	-121.823871443
325.000000000	39.689423523	-121.823872085
326.000000000	39.689423743	-121.823872337
327.000000000	39.689424055	-121.823872410
328.000000000	39.689424307	-121.823872570
329.000000000	39.689424710	-121.823872880
330.000000000	39.689424987	-121.823873312
331.000000000	39.689425140	-121.823873668
332.000000000	39.689425327	-121.823874048
333.000000000	39.689425493	-121.823874417
334.000000000	39.689425748	-121.823874817
335.000000000	39.689425978	-121.823875217
336.000000000	39.689426167	-121.823875580
337.000000000	39.689426713	-121.823876128
338.000000000	39.689427667	-121.823876690
339.000000000	39.689427595	-121.823876695
340.000000000	39.689427597	-121.823876735
341.000000000	39.689427565	-121.823876903
342.000000000	39.689427328	-121.823876787
343.000000000	39.689427193	-121.823876835
344.000000000	39.689426895	-121.823876870
345.000000000	39.689426795	-121.823876932
346.000000000	39.689426748	-121.823876920
347.000000000	39.689428463	-121.823877405
348.000000000	39.689431323	-121.823877843
349.000000000	39.689435615	-121.823877927
350.000000000	39.689442777	-121.823875793
351.000000000	39.689449060	-121.823871552
352.000000000	39.689454045	-121.823867530
353.000000000	39.689459627	-121.823864357
354.000000000	39.689467172	-121.823860940
355.000000000	39.689472808	-121.823858032
356.000000000	39.689478182	-121.823855145
357.000000000	39.689483462	-121.823851962
358.000000000	39.689489765	-121.823848233
359.000000000	39.689494863	-121.823846303
360.000000000	39.689501453	-121.823818047
361.000000000	39.689507338	-121.823817875
362.000000000	39.689513860	-121.823817630
363.000000000	39.689520535	-121.823823862
364.000000000	39.689525315	-121.823827052
365.000000000	39.689533258	-121.823833788
366.000000000	39.689546412	-121.823846600
367.000000000	39.689557158	-121.823854992
368.000000000	39.689564408	-121.823859353
369.000000000	39.689568057	-121.823861263
370.000000000	39.689568732	-121.823861740
371.000000000	39.689568480	-121.823861953
372.000000000	39.689568160	-121.823862513
373.000000000	39.689567930	-121.823863037
374.000000000	39.689567740	-121.823863440
375.000000000	39.689567532	-121.823863877
376.000000000	39.689567368	-121.823864167
377.000000000	39.689567232	-121.823864467
378.000000000	39.689567088	-121.823864847
379.000000000	39.689567023	-121.823865303
380.000000000	39.689566903	-121.823865817
381.000000000	39.689566795	-121.823866302
382.000000000	39.689566638	-121.823866698
383.000000000	39.689566505	-121.823866957
384.000000000	39.689566363	-121.823867245
385.000000000	39.689566165	-121.823867717
386.000000000	39.689566057	-121.823868180
387.000000000	39.689565932	-121.823868768
388.000000000	39.689565765	-121.823869292
389.000000000	39.689565867	-121.823869752
390.000000000	39.689565725	-121.823870372
391.000000000	39.689565603	-121.823870947
392.000000000	39.689565478	-121.823871487
393.000000000	39.689565372	-121.823871923
394.000000000	39.689568532	-121.823873070
395.000000000	39.689569447	-121.823873198
396.000000000	39.689571382	-121.823873742
397.000000000	39.689580932	-121.823878652
398.000000000	39.689592013	-121.823883717
399.000000000	39.689600650	-121.823887557
400.000000000	39.689609673	-121.823891347
401.000000000	39.689619663	-121.823894967
402.000000000	39.689630073	-121.823897925
403.000000000	39.689641993	-121.823901115
404.000000000	39.689653592	-121.823903872
405.000000000	39.689666368	-121.823906107
406.000000000	39.689680253	-121.823907738
407.000000000	39.689695097	-121.823908885
408.000000000	39.689711308	-121.823909768
409.000000000	39.689724220	-121.823897315
410.000000000	39.689738337	-121.823899428
411.000000000	39.689752058	-121.823908275
412.000000000	39.689763837	-121.823910973
413.000000000	39.689779492	-121.823930220
414.000000000	39.689793568	-121.823947450
415.000000000	39.689811350	-121.823963398
416.000000000	39.689831078	-121.823978745
417.000000000	39.689847598	-121.823998330
418.000000000	39.689857502	-121.824019918
419.000000000	39.689875913	-121.824033037
420.000000000	39.689895625	-121.824043637
421.000000000	39.689905907	-121.824052098
422.000000000	39.689922947	-121.824066397
423.000000000	39.689944195	-121.824081692
424.000000000	39.689964550	-121.824094332
425.000000000	39.689987212	-121.824106417
426.000000000	39.690000533	-121.824125860
427.000000000	39.690016225	-121.824146817
428.000000000	39.690033987	-121.824166002
429.000000000	39.690051980	-121.824184245
430.000000000	39.690065540	-121.824206775
431.000000000	39.690076332	-121.824232387
432.000000000	39.690090100	-121.824256268
433.000000000	39.690107977	-121.824276755
434.000000000	39.690127720	-121.824281938
435.000000000	39.690141288	-121.824286038
436.000000000	39.690155507	-121.824291973
437.000000000	39.690168297	-121.824298782
438.000000000	39.690177042	-121.824303932
439.000000000	39.690182747	-121.824307052
440.000000000	39.690185717	-121.824308473
441.000000000	39.690186680	-121.824309077
442.000000000	39.690186635	-121.824309213
443.000000000	39.690186702	-121.824309407
444.000000000	39.690186617	-121.824309655
445.000000000	39.690186540	-121.824309812
446.000000000	39.690186412	-121.824310000
447.000000000	39.690186358	-121.824310132
448.000000000	39.690186277	-121.824310310
449.000000000	39.690186092	-121.824310475
450.000000000	39.690185953	-121.824310578
451.000000000	39.690185832	-121.824310700
452.000000000	39.690185638	-121.824310942
453.000000000	39.690185558	-121.824311035
454.000000000	39.690185442	-121.824311102
455.000000000	39.690185377	-121.824311130
456.000000000	39.690185273	-121.824311207
457.000000000	39.690185252	-121.824311180
458.000000000	39.690185265	-121.824311163
459.000000000	39.690185278	-121.824311175
460.000000000	39.690185338	-121.824311290
461.000000000	39.690185500	-121.824311402
462.000000000	39.690185627	-121.824311508
463.000000000	39.690185677	-121.824311677
464.000000000	39.690185797	-121.824311803
465.000000000	39.690185752	-121.824311943
466.000000000	39.690185683	-121.824312033
467.000000000	39.690185617	-121.824312118
468.000000000	39.690185543	-121.824312215
469.000000000	39.690185485	-121.824312163
470.000000000	39.690185218	-121.824312063
471.000000000	39.690182092	-121.824304530
472.000000000	39.690182357	-121.824305313
473.000000000	39.690182497	-121.824306072
474.000000000	39.690182637	-121.824306633
475.000000000	39.690182630	-121.824306805
476.000000000	39.690182155	-121.824306885
477.000000000	39.690182023	-121.824306683
478.000000000	39.690181868	-121.824306555
479.000000000	39.690181795	-121.824306417
480.000000000	39.690181705	-121.824306322
481.000000000	39.690181620	-121.824306392
482.000000000	39.690181428	-121.824306435
483.000000000	39.690181172	-121.824306595
484.000000000	39.690182303	-121.824306747
485.000000000	39.690181010	-121.824306413
486.000000000	39.690181057	-121.824306433
487.000000000	39.690180980	-121.824306415
488.000000000	39.690181267	-121.824306440
489.000000000	39.690181382	-121.824306493
490.000000000	39.690181440	-121.824306795
491.000000000	39.690181552	-121.824307123
492.000000000	39.690181723	-121.824307592
493.000000000	39.690181892	-121.824307908
494.000000000	39.690181418	-121.824307233
495.000000000	39.690181887	-121.824308553
496.000000000	39.690182155	-121.824309475
497.000000000	39.690182367	-121.824310042
498.000000000	39.690182423	-121.824310325
499.000000000	39.690182380	-121.824310303
500.000000000	39.690182300	-121.824310078
501.000000000	39.690182240	-121.824309765
502.000000000	39.690182117	-121.824309570
503.000000000	39.690182125	-121.824309307
504.000000000	39.690182147	-121.824309323
505.000000000	39.690182147	-121.824309323
