0.000000000	39.690930607	-121.824172087
1.000000000	39.690930607	-121.824172087
2.000000000	39.690935727	-121.824173242
3.000000000	39.690935662	-121.824173282
4.000000000	39.690935640	-121.824173273
5.000000000	39.690935302	-121.824173247
6.000000000	39.690935288	-121.824173278
7.000000000	39.690935280	-121.824173343
8.000000000	39.690935263	-121.824173325
9.000000000	39.690935205	-121.824173328
10.000000000	39.690935220	-121.824173328
11.000000000	39.690934902	-121.824173790
12.000000000	39.690934828	-121.824173857
13.000000000	39.690934747	-121.824173902
14.000000000	39.690934647	-121.824173902
15.000000000	39.690934643	-121.824173853
16.000000000	39.690934627	-121.824173827
17.000000000	39.690934633	-121.824173762
18.000000000	39.690935215	-121.824173833
19.000000000	39.690934762	-121.824173675
20.000000000	39.690934752	-121.824173665
21.000000000	39.690934792	-121.824173622
22.000000000	39.690934835	-121.824173638
23.000000000	39.690934872	-121.824173572
24.000000000	39.690934902	-121.824173552
25.000000000	39.690934910	-121.824173488
26.000000000	39.690936770	-121.824173865
27.000000000	39.690936770	-121.824173865
28.000000000	39.690936770	-121.824173865
