0.000000000	39.690327000	-121.824280000	0.000000000
1.000000000	39.690327000	-121.824280000	1.000000000
2.000000000	39.689440788	-121.823856640	1.000000000
3.000000000	39.689440868	-121.823856495	1.000000000
4.000000000	39.689440973	-121.823856312	1.000000000
5.000000000	39.689440867	-121.823856377	1.000000000
6.000000000	39.689440693	-121.823856553	1.000000000
7.000000000	39.689441920	-121.823855643	1.000000000
8.000000000	39.689441695	-121.823855843	1.000000000
9.000000000	39.689441577	-121.823855987	1.000000000
10.000000000	39.689440535	-121.823857117	1.000000000
11.000000000	39.689440570	-121.823857190	1.000000000
12.000000000	39.689440610	-121.823857198	1.000000000
13.000000000	39.689441005	-121.823857010	0.000000000
14.000000000	39.689441113	-121.823857005	0.000000000
15.000000000	39.689441212	-121.823857000	0.000000000
16.000000000	39.689441135	-121.823856900	1.000000000
17.000000000	39.689441285	-121.823856795	0.000000000
18.000000000	39.689441617	-121.823856473	0.000000000
19.000000000	39.689443233	-121.823854757	1.000000000
20.000000000	39.689443582	-121.823854393	1.000000000
21.000000000	39.689443552	-121.823854362	0.000000000
22.000000000	39.689441695	-121.823856430	1.000000000
23.000000000	39.689441445	-121.823856770	0.000000000
24.000000000	39.689441065	-121.823857155	0.000000000
25.000000000	39.689440885	-121.823857463	0.000000000
26.000000000	39.689440705	-121.823857750	0.000000000
27.000000000	39.689440437	-121.823857970	0.000000000
28.000000000	39.689440173	-121.823858335	0.000000000
29.000000000	39.689439902	-121.823858627	0.000000000
30.000000000	39.689439632	-121.823858958	0.000000000
31.000000000	39.689439492	-121.823859165	0.000000000
32.000000000	39.689439162	-121.823859442	0.000000000
33.000000000	39.689438930	-121.823859755	0.000000000
34.000000000	39.689438715	-121.823859993	0.000000000
35.000000000	39.689438322	-121.823860332	0.000000000
36.000000000	39.689438077	-121.823860662	0.000000000
37.000000000	39.689437867	-121.823860942	0.000000000
38.000000000	39.689437742	-121.823861143	0.000000000
39.000000000	39.689437528	-121.823861397	0.000000000
40.000000000	39.689437395	-121.823861600	0.000000000
41.000000000	39.689437183	-121.823861797	0.000000000
42.000000000	39.689436500	-121.823862472	1.000000000
43.000000000	39.689436113	-121.823862865	1.000000000
44.000000000	39.689435597	-121.823863302	1.000000000
45.000000000	39.689435168	-121.823863688	1.000000000
46.000000000	39.689434762	-121.823863955	1.000000000
47.000000000	39.689434333	-121.823864420	1.000000000
48.000000000	39.689434098	-121.823864595	0.000000000
49.000000000	39.689433867	-121.823864753	0.000000000
50.000000000	39.689434178	-121.823864413	0.000000000
51.000000000	39.689434013	-121.823864492	0.000000000
52.000000000	39.689433892	-121.823864607	0.000000000
53.000000000	39.689433727	-121.823864693	0.000000000
54.000000000	39.689433552	-121.823864852	0.000000000
55.000000000	39.689433435	-121.823864965	0.000000000
56.000000000	39.689433302	-121.823865090	0.000000000
57.000000000	39.689433227	-121.823865175	0.000000000
58.000000000	39.689433052	-121.823865252	0.000000000
59.000000000	39.689432963	-121.823865367	0.000000000
60.000000000	39.689432890	-121.823865382	0.000000000
61.000000000	39.689432780	-121.823865417	0.000000000
62.000000000	39.689423165	-121.823864893	0.000000000
63.000000000	39.689422965	-121.823864815	0.000000000
64.000000000	39.689422847	-121.823864710	0.000000000
65.000000000	39.689422752	-121.823864617	0.000000000
66.000000000	39.689422653	-121.823864575	0.000000000
67.000000000	39.689422448	-121.823864450	0.000000000
68.000000000	39.689422153	-121.823864413	0.000000000
69.000000000	39.689430335	-121.823865183	0.000000000
70.000000000	39.689430692	-121.823865220	0.000000000
71.000000000	39.689429995	-121.823865093	0.000000000
72.000000000	39.689430720	-121.823865143	0.000000000
73.000000000	39.689431072	-121.823865163	0.000000000
74.000000000	39.689431490	-121.823865123	0.000000000
75.000000000	39.689431063	-121.823864903	1.000000000
76.000000000	39.689430935	-121.823866432	1.000000000
77.000000000	39.689431173	-121.823866438	0.000000000
78.000000000	39.689431402	-121.823866472	0.000000000
79.000000000	39.689431285	-121.823866553	0.000000000
80.000000000	39.689431177	-121.823866522	0.000000000
81.000000000	39.689431175	-121.823866475	1.000000000
82.000000000	39.689431090	-121.823866497	0.000000000
83.000000000	39.689430995	-121.823866500	0.000000000
84.000000000	39.689430928	-121.823866430	1.000000000
85.000000000	39.689431030	-121.823866387	1.000000000
86.000000000	39.689431025	-121.823866313	1.000000000
87.000000000	39.689431127	-121.823866200	1.000000000
88.000000000	39.689431268	-121.823865763	1.000000000
89.000000000	39.689431353	-121.823865520	1.000000000
90.000000000	39.689431382	-121.823865508	1.000000000
91.000000000	39.689431488	-121.823865552	1.000000000
92.000000000	39.689431567	-121.823865498	1.000000000
93.000000000	39.689431537	-121.823865453	0.000000000
94.000000000	39.689431673	-121.823865385	0.000000000
95.000000000	39.689431703	-121.823865632	0.000000000
96.000000000	39.689432160	-121.823865143	0.000000000
97.000000000	39.689432398	-121.823864918	0.000000000
98.000000000	39.689432627	-121.823864683	0.000000000
99.000000000	39.689432917	-121.823864422	0.000000000
100.000000000	39.689433087	-121.823864223	0.000000000
101.000000000	39.689433313	-121.823864048	0.000000000
102.000000000	39.689433498	-121.823863812	0.000000000
103.000000000	39.689433605	-121.823863692	0.000000000
104.000000000	39.689433777	-121.823863573	0.000000000
105.000000000	39.689433882	-121.823863477	0.000000000
106.000000000	39.689433933	-121.823863353	0.000000000
107.000000000	39.689434058	-121.823863293	0.000000000
108.000000000	39.689434140	-121.823863168	0.000000000
109.000000000	39.689434232	-121.823863102	0.000000000
110.000000000	39.689434280	-121.823863042	0.000000000
111.000000000	39.689434353	-121.823862972	0.000000000
112.000000000	39.689434478	-121.823862883	0.000000000
113.000000000	39.689434605	-121.823862843	0.000000000
114.000000000	39.689434825	-121.823862645	0.000000000
115.000000000	39.689435062	-121.823862475	0.000000000
116.000000000	39.689435292	-121.823862292	0.000000000
117.000000000	39.689435493	-121.823862182	0.000000000
118.000000000	39.689435670	-121.823862055	0.000000000
119.000000000	39.689435828	-121.823861938	0.000000000
120.000000000	39.689435920	-121.823861938	0.000000000
121.000000000	39.689435998	-121.823861905	0.000000000
122.000000000	39.689436087	-121.823861897	0.000000000
123.000000000	39.689436303	-121.823861860	0.000000000
124.000000000	39.689436415	-121.823861867	0.000000000
125.000000000	39.689436568	-121.823861853	0.000000000
126.000000000	39.689436763	-121.823861847	0.000000000
127.000000000	39.689436972	-121.823861843	0.000000000
128.000000000	39.689437125	-121.823861815	0.000000000
129.000000000	39.689437308	-121.823861755	0.000000000
130.000000000	39.689437440	-121.823861697	0.000000000
131.000000000	39.689437592	-121.823861760	0.000000000
132.000000000	39.689437683	-121.823861775	0.000000000
133.000000000	39.689437740	-121.823861787	0.000000000
134.000000000	39.689437817	-121.823861770	0.000000000
135.000000000	39.689437958	-121.823861702	0.000000000
136.000000000	39.689438103	-121.823861597	0.000000000
137.000000000	39.689438250	-121.823861508	0.000000000
138.000000000	39.689438407	-121.823861375	0.000000000
139.000000000	39.689438538	-121.823861255	0.000000000
140.000000000	39.689438765	-121.823861093	0.000000000
141.000000000	39.689438885	-121.823860940	0.000000000
142.000000000	39.689439063	-121.823860827	0.000000000
143.000000000	39.689439217	-121.823860685	0.000000000
144.000000000	39.689439383	-121.823860537	0.000000000
145.000000000	39.689439605	-121.823860400	0.000000000
146.000000000	39.689439770	-121.823860297	0.000000000
147.000000000	39.689439973	-121.823860252	0.000000000
148.000000000	39.689440070	-121.823860148	0.000000000
149.000000000	39.689440647	-121.823859908	1.000000000
150.000000000	39.689439078	-121.823862405	1.000000000
151.000000000	39.689438923	-121.823862605	1.000000000
152.000000000	39.689438837	-121.823862752	1.000000000
153.000000000	39.689438842	-121.823862845	1.000000000
154.000000000	39.689438755	-121.823862975	1.000000000
155.000000000	39.689438645	-121.823863025	0.000000000
156.000000000	39.689438515	-121.823863127	1.000000000
157.000000000	39.689438340	-121.823863275	1.000000000
158.000000000	39.689438190	-121.823863455	1.000000000
159.000000000	39.689437982	-121.823863630	1.000000000
160.000000000	39.689437632	-121.823863835	1.000000000
161.000000000	39.689438070	-121.823863015	1.000000000
162.000000000	39.689438103	-121.823862803	1.000000000
163.000000000	39.689438043	-121.823862707	1.000000000
164.000000000	39.689438015	-121.823862592	0.000000000
165.000000000	39.689437975	-121.823862548	0.000000000
166.000000000	39.689437930	-121.823862470	0.000000000
167.000000000	39.689437837	-121.823862443	0.000000000
168.000000000	39.689437803	-121.823862472	0.000000000
169.000000000	39.689437698	-121.823862473	0.000000000
170.000000000	39.689437690	-121.823862547	0.000000000
171.000000000	39.689437645	-121.823862505	0.000000000
172.000000000	39.689437653	-121.823862535	0.000000000
173.000000000	39.689437647	-121.823862560	0.000000000
174.000000000	39.689437600	-121.823862537	0.000000000
175.000000000	39.689437678	-121.823862487	1.000000000
176.000000000	39.689437437	-121.823862602	1.000000000
177.000000000	39.689439922	-121.823860857	1.000000000
178.000000000	39.689435380	-121.823864335	0.000000000
179.000000000	39.689434018	-121.823865355	1.000000000
180.000000000	39.689432628	-121.823866387	1.000000000
181.000000000	39.689431010	-121.823867605	1.000000000
182.000000000	39.689428865	-121.823869287	1.000000000
183.000000000	39.689427267	-121.823870453	1.000000000
184.000000000	39.689431775	-121.823866000	0.000000000
185.000000000	39.689432295	-121.823864910	1.000000000
186.000000000	39.689431812	-121.823864725	0.000000000
187.000000000	39.689431547	-121.823864525	0.000000000
188.000000000	39.689431845	-121.823864093	1.000000000
189.000000000	39.689435650	-121.823863182	1.000000000
190.000000000	39.689434907	-121.823863862	1.000000000
191.000000000	39.689435473	-121.823863367	0.000000000
192.000000000	39.689438517	-121.823861380	1.000000000
193.000000000	39.689439562	-121.823861048	1.000000000
194.000000000	39.689439227	-121.823861213	1.000000000
195.000000000	39.689438857	-121.823861467	1.000000000
196.000000000	39.689442573	-121.823857710	1.000000000
197.000000000	39.689442290	-121.823858022	1.000000000
198.000000000	39.689442438	-121.823858142	1.000000000
199.000000000	39.689442910	-121.823857863	1.000000000
200.000000000	39.689443245	-121.823857677	1.000000000
201.000000000	39.689443573	-121.823857422	1.000000000
202.000000000	39.689443748	-121.823857353	1.000000000
203.000000000	39.689443993	-121.823857182	1.000000000
204.000000000	39.689444000	-121.823857267	1.000000000
205.000000000	39.689443978	-121.823857362	1.000000000
206.000000000	39.689443918	-121.823857455	1.000000000
207.000000000	39.689443820	-121.823857677	1.000000000
208.000000000	39.689443520	-121.823858010	1.000000000
209.000000000	39.689442843	-121.823858682	1.000000000
210.000000000	39.689442842	-121.823858775	1.000000000
211.000000000	39.689442957	-121.823858838	0.000000000
212.000000000	39.689443125	-121.823858868	0.000000000
213.000000000	39.689444057	-121.823857692	1.000000000
214.000000000	39.689444368	-121.823857428	1.000000000
215.000000000	39.689444477	-121.823857468	1.000000000
216.000000000	39.689445357	-121.823856720	1.000000000
217.000000000	39.689445010	-121.823856997	1.000000000
218.000000000	39.689445100	-121.823856992	1.000000000
219.000000000	39.689445368	-121.823856803	1.000000000
220.000000000	39.689445588	-121.823856728	1.000000000
221.000000000	39.689445857	-121.823856550	1.000000000
222.000000000	39.689446137	-121.823856375	1.000000000
223.000000000	39.689446135	-121.823856515	1.000000000
224.000000000	39.689446363	-121.823856475	1.000000000
225.000000000	39.689446583	-121.823856378	1.000000000
226.000000000	39.689446687	-121.823856345	1.000000000
227.000000000	39.689446758	-121.823856402	1.000000000
228.000000000	39.689446312	-121.823857147	1.000000000
229.000000000	39.689446800	-121.823856847	1.000000000
230.000000000	39.689445118	-121.823858405	1.000000000
231.000000000	39.689443378	-121.823860338	1.000000000
232.000000000	39.689442185	-121.823861480	1.000000000
233.000000000	39.689441063	-121.823862470	1.000000000
234.000000000	39.689440383	-121.823863098	1.000000000
235.000000000	39.689440127	-121.823863358	1.000000000
236.000000000	39.689440025	-121.823863407	1.000000000
237.000000000	39.689440022	-121.823863373	0.000000000
238.000000000	39.689439848	-121.823863510	1.000000000
239.000000000	39.689439538	-121.823863748	1.000000000
240.000000000	39.689439292	-121.823864003	1.000000000
241.000000000	39.689439032	-121.823864268	1.000000000
242.000000000	39.689438717	-121.823864547	1.000000000
243.000000000	39.689438368	-121.823864868	1.000000000
244.000000000	39.689438048	-121.823865193	1.000000000
245.000000000	39.689437685	-121.823865500	1.000000000
246.000000000	39.689443610	-121.823860603	1.000000000
247.000000000	39.689446547	-121.823858398	1.000000000
248.000000000	39.689444032	-121.823860243	1.000000000
249.000000000	39.689439328	-121.823863822	1.000000000
250.000000000	39.689436820	-121.823865823	1.000000000
251.000000000	39.689437015	-121.823866452	1.000000000
252.000000000	39.689433635	-121.823869210	1.000000000
253.000000000	39.689440452	-121.823863800	1.000000000
254.000000000	39.689437160	-121.823866598	1.000000000
255.000000000	39.689445458	-121.823859972	0.000000000
256.000000000	39.689446058	-121.823859630	1.000000000
257.000000000	39.689446757	-121.823859070	1.000000000
258.000000000	39.689445805	-121.823859930	1.000000000
259.000000000	39.689447408	-121.823858697	0.000000000
260.000000000	39.689447947	-121.823858280	0.000000000
261.000000000	39.689447838	-121.823858375	1.000000000
262.000000000	39.689448553	-121.823857748	1.000000000
263.000000000	39.689448658	-121.823857662	0.000000000
264.000000000	39.689448748	-121.823857660	1.000000000
265.000000000	39.689448822	-121.823857678	1.000000000
266.000000000	39.689448895	-121.823857602	1.000000000
267.000000000	39.689448993	-121.823857718	1.000000000
268.000000000	39.689448508	-121.823858277	1.000000000
269.000000000	39.689448877	-121.823857762	1.000000000
270.000000000	39.689447297	-121.823858852	1.000000000
271.000000000	39.689446718	-121.823859122	1.000000000
272.000000000	39.689446167	-121.823859497	1.000000000
273.000000000	39.689445605	-121.823859923	1.000000000
274.000000000	39.689444495	-121.823861020	1.000000000
275.000000000	39.689443725	-121.823861647	1.000000000
276.000000000	39.689444008	-121.823861442	1.000000000
277.000000000	39.689443470	-121.823861688	1.000000000
278.000000000	39.689442357	-121.823862613	1.000000000
279.000000000	39.689442287	-121.823862563	1.000000000
280.000000000	39.689442045	-121.823862752	0.000000000
281.000000000	39.689442048	-121.823862735	0.000000000
282.000000000	39.689442765	-121.823862197	0.000000000
283.000000000	39.689443002	-121.823862025	0.000000000
284.000000000	39.689443192	-121.823861857	0.000000000
285.000000000	39.689443123	-121.823861888	0.000000000
286.000000000	39.689443247	-121.823861817	0.000000000
287.000000000	39.689443310	-121.823861880	0.000000000
288.000000000	39.689443295	-121.823861877	0.000000000
289.000000000	39.689443233	-121.823861938	0.000000000
290.000000000	39.689443267	-121.823861890	1.000000000
291.000000000	39.689445858	-121.823860087	1.000000000
292.000000000	39.689445100	-121.823860627	1.000000000
293.000000000	39.689441933	-121.823863028	1.000000000
294.000000000	39.689441215	-121.823863552	1.000000000
295.000000000	39.689439547	-121.823864820	1.000000000
296.000000000	39.689442197	-121.823862435	1.000000000
297.000000000	39.689441427	-121.823862978	1.000000000
298.000000000	39.689441015	-121.823863313	1.000000000
299.000000000	39.689440482	-121.823863698	1.000000000
300.000000000	39.689439975	-121.823864182	1.000000000
301.000000000	39.689439072	-121.823864943	1.000000000
302.000000000	39.689438327	-121.823865487	1.000000000
303.000000000	39.689445460	-121.823860012	1.000000000
304.000000000	39.689445213	-121.823860187	1.000000000
305.000000000	39.689444972	-121.823860400	0.000000000
306.000000000	39.689444667	-121.823860763	0.000000000
307.000000000	39.689444367	-121.823860948	1.000000000
308.000000000	39.689444113	-121.823861035	0.000000000
309.000000000	39.689443792	-121.823861350	0.000000000
310.000000000	39.689443818	-121.823861165	0.000000000
311.000000000	39.689444375	-121.823860677	0.000000000
312.000000000	39.689444248	-121.823860913	0.000000000
313.000000000	39.689444218	-121.823860937	0.000000000
314.000000000	39.689444263	-121.823861007	0.000000000
315.000000000	39.689444192	-121.823861065	0.000000000
316.000000000	39.689443993	-121.823861198	0.000000000
317.000000000	39.689444030	-121.823861113	0.000000000
318.000000000	39.689444085	-121.823860995	0.000000000
319.000000000	39.689444377	-121.823860785	0.000000000
320.000000000	39.689444715	-121.823860510	0.000000000
321.000000000	39.689445253	-121.823860158	0.000000000
322.000000000	39.689445473	-121.823859920	0.000000000
323.000000000	39.689445788	-121.823859715	0.000000000
324.000000000	39.689445962	-121.823859653	1.000000000
325.000000000	39.689444535	-121.823860868	1.000000000
326.000000000	39.689443987	-121.823861310	1.000000000
327.000000000	39.689443583	-121.823861690	1.000000000
328.000000000	39.689441678	-121.823863302	0.000000000
329.000000000	39.689440072	-121.823864720	1.000000000
330.000000000	39.689438697	-121.823865892	1.000000000
331.000000000	39.689442993	-121.823862112	1.000000000
332.000000000	39.689443557	-121.823861597	1.000000000
333.000000000	39.689442918	-121.823862287	1.000000000
334.000000000	39.689442503	-121.823862582	1.000000000
335.000000000	39.689441997	-121.823863065	1.000000000
336.000000000	39.689441872	-121.823863255	1.000000000
337.000000000	39.689442122	-121.823863178	1.000000000
338.000000000	39.689442447	-121.823862982	1.000000000
339.000000000	39.689442840	-121.823862712	1.000000000
340.000000000	39.689443167	-121.823862397	1.000000000
341.000000000	39.689443518	-121.823862133	1.000000000
342.000000000	39.689444412	-121.823860782	1.000000000
343.000000000	39.689444257	-121.823860818	0.000000000
344.000000000	39.689442385	-121.823862047	0.000000000
345.000000000	39.689444465	-121.823860678	0.000000000
346.000000000	39.689444410	-121.823860668	0.000000000
347.000000000	39.689444398	-121.823860637	0.000000000
348.000000000	39.689444383	-121.823860622	0.000000000
349.000000000	39.689444288	-121.823860663	0.000000000
350.000000000	39.689444158	-121.823860583	1.000000000
351.000000000	39.689443850	-121.823860723	1.000000000
352.000000000	39.689443120	-121.823861337	1.000000000
353.000000000	39.689443843	-121.823860710	1.000000000
354.000000000	39.689443675	-121.823860735	1.000000000
355.000000000	39.689443748	-121.823860597	1.000000000
356.000000000	39.689443877	-121.823860523	1.000000000
357.000000000	39.689444257	-121.823860312	1.000000000
358.000000000	39.689444563	-121.823860090	1.000000000
359.000000000	39.689442495	-121.823861283	1.000000000
360.000000000	39.689451295	-121.823860717	1.000000000
361.000000000	39.689457668	-121.823869718	1.000000000
362.000000000	39.689445355	-121.823856868	1.000000000
363.000000000	39.689474773	-121.823869148	1.000000000
364.000000000	39.689490668	-121.823887717	1.000000000
365.000000000	39.689466250	-121.823870580	1.000000000
366.000000000	39.689464725	-121.823867937	1.000000000
367.000000000	39.689461340	-121.823868235	1.000000000
368.000000000	39.689460570	-121.823867352	1.000000000
369.000000000	39.689444082	-121.823863027	1.000000000
370.000000000	39.689442665	-121.823862380	1.000000000
371.000000000	39.689442553	-121.823861737	0.000000000
372.000000000	39.689443057	-121.823860998	1.000000000
373.000000000	39.689442730	-121.823861692	1.000000000
374.000000000	39.689443128	-121.823862608	1.000000000
375.000000000	39.689444133	-121.823863192	1.000000000
376.000000000	39.689446068	-121.823863650	1.000000000
377.000000000	39.689447088	-121.823864385	1.000000000
378.000000000	39.689448013	-121.823864747	1.000000000
379.000000000	39.689446025	-121.823864363	1.000000000
380.000000000	39.689446285	-121.823864375	1.000000000
381.000000000	39.689447488	-121.823863910	1.000000000
382.000000000	39.689448520	-121.823864157	1.000000000
383.000000000	39.689451105	-121.823864620	1.000000000
384.000000000	39.689451750	-121.823863695	1.000000000
385.000000000	39.689450787	-121.823862970	1.000000000
386.000000000	39.689446513	-121.823860992	1.000000000
387.000000000	39.689441680	-121.823863575	1.000000000
388.000000000	39.689444218	-121.823859343	1.000000000
389.000000000	39.689444068	-121.823860377	1.000000000
390.000000000	39.689439773	-121.823862232	1.000000000
391.000000000	39.689439263	-121.823862553	1.000000000
392.000000000	39.689439782	-121.823862278	1.000000000
393.000000000	39.689439935	-121.823861730	1.000000000
394.000000000	39.689441175	-121.823863210	1.000000000
395.000000000	39.689440877	-121.823863425	1.000000000
396.000000000	39.689440545	-121.823863343	1.000000000
397.000000000	39.689440107	-121.823863382	1.000000000
398.000000000	39.689439745	-121.823863230	1.000000000
399.000000000	39.689439493	-121.823862923	1.000000000
400.000000000	39.689439833	-121.823864102	1.000000000
401.000000000	39.689439552	-121.823863573	1.000000000
402.000000000	39.689439638	-121.823862875	1.000000000
403.000000000	39.689440048	-121.823862228	1.000000000
404.000000000	39.689440093	-121.823861770	1.000000000
405.000000000	39.689439958	-121.823861100	1.000000000
406.000000000	39.689438680	-121.823861452	1.000000000
407.000000000	39.689438317	-121.823861157	1.000000000
408.000000000	39.689438087	-121.823860885	1.000000000
409.000000000	39.689438410	-121.823860360	1.000000000
410.000000000	39.689438692	-121.823859947	1.000000000
411.000000000	39.689438830	-121.823859470	0.000000000
412.000000000	39.689439092	-121.823858972	0.000000000
413.000000000	39.689439382	-121.823858532	0.000000000
414.000000000	39.689439740	-121.823858010	0.000000000
415.000000000	39.689440197	-121.823857412	0.000000000
416.000000000	39.689440855	-121.823856865	1.000000000
417.000000000	39.689441817	-121.823856302	1.000000000
418.000000000	39.689442695	-121.823855677	1.000000000
419.000000000	39.689443580	-121.823855168	1.000000000
420.000000000	39.689444302	-121.823855010	1.000000000
421.000000000	39.689444903	-121.823855010	1.000000000
422.000000000	39.689445367	-121.823854938	1.000000000
423.000000000	39.689445482	-121.823855178	1.000000000
424.000000000	39.689445535	-121.823855425	1.000000000
425.000000000	39.689445485	-121.823855538	1.000000000
426.000000000	39.689445602	-121.823855633	0.000000000
427.000000000	39.689445712	-121.823855725	0.000000000
428.000000000	39.689445807	-121.823855893	0.000000000
429.000000000	39.689445857	-121.823856173	1.000000000
430.000000000	39.689445527	-121.823856290	0.000000000
431.000000000	39.689445497	-121.823856740	0.000000000
432.000000000	39.689445328	-121.823857103	0.000000000
433.000000000	39.689445305	-121.823857397	0.000000000
434.000000000	39.689445112	-121.823857688	0.000000000
435.000000000	39.689445025	-121.823858110	0.000000000
436.000000000	39.689444897	-121.823858458	0.000000000
437.000000000	39.689444837	-121.823858678	0.000000000
438.000000000	39.689443230	-121.823854995	0.000000000
439.000000000	39.689442977	-121.823854960	0.000000000
440.000000000	39.689442647	-121.823854918	0.000000000
441.000000000	39.689442478	-121.823854925	1.000000000
442.000000000	39.689442043	-121.823854875	1.000000000
443.000000000	39.689442742	-121.823858490	1.000000000
444.000000000	39.689441772	-121.823858483	1.000000000
445.000000000	39.689440915	-121.823858668	1.000000000
446.000000000	39.689440693	-121.823860468	1.000000000
447.000000000	39.689440338	-121.823860790	1.000000000
448.000000000	39.689440000	-121.823860887	0.000000000
449.000000000	39.689439857	-121.823860893	0.000000000
450.000000000	39.689439885	-121.823860767	0.000000000
451.000000000	39.689439967	-121.823860577	0.000000000
452.000000000	39.689439067	-121.823857863	0.000000000
453.000000000	39.689439075	-121.823857552	0.000000000
454.000000000	39.689440012	-121.823859675	0.000000000
455.000000000	39.689440167	-121.823859742	1.000000000
456.000000000	39.689439988	-121.823859065	0.000000000
457.000000000	39.689439775	-121.823858650	1.000000000
458.000000000	39.689439453	-121.823858133	1.000000000
459.000000000	39.689440135	-121.823859947	1.000000000
460.000000000	39.689440027	-121.823859695	1.000000000
461.000000000	39.689439902	-121.823859465	1.000000000
462.000000000	39.689439828	-121.823859282	1.000000000
463.000000000	39.689439728	-121.823859155	1.000000000
464.000000000	39.689439373	-121.823859058	1.000000000
465.000000000	39.689438963	-121.823859182	1.000000000
466.000000000	39.689438468	-121.823859322	1.000000000
467.000000000	39.689437942	-121.823859410	1.000000000
468.000000000	39.689437517	-121.823859487	1.000000000
469.000000000	39.689437307	-121.823859467	1.000000000
470.000000000	39.689437330	-121.823859325	1.000000000
471.000000000	39.689437163	-121.823859242	1.000000000
472.000000000	39.689437150	-121.823859112	0.000000000
473.000000000	39.689437155	-121.823859015	0.000000000
474.000000000	39.689437172	-121.823858828	0.000000000
475.000000000	39.689437103	-121.823858800	1.000000000
476.000000000	39.689436908	-121.823858883	1.000000000
477.000000000	39.689436627	-121.823858983	1.000000000
478.000000000	39.689436353	-121.823859013	1.000000000
479.000000000	39.689436153	-121.823859067	0.000000000
480.000000000	39.689435945	-121.823859067	0.000000000
481.000000000	39.689435805	-121.823858950	0.000000000
482.000000000	39.689435908	-121.823858957	0.000000000
483.000000000	39.689435905	-121.823858903	0.000000000
484.000000000	39.689435915	-121.823858885	0.000000000
485.000000000	39.689435973	-121.823858760	0.000000000
486.000000000	39.689436077	-121.823858632	0.000000000
487.000000000	39.689436160	-121.823858450	0.000000000
488.000000000	39.689436268	-121.823858257	0.000000000
489.000000000	39.689436293	-121.823858077	1.000000000
490.000000000	39.689436287	-121.823857967	0.000000000
491.000000000	39.689436303	-121.823857875	0.000000000
492.000000000	39.689436255	-121.823857867	0.000000000
493.000000000	39.689436263	-121.823857863	0.000000000
494.000000000	39.689436290	-121.823857947	0.000000000
495.000000000	39.689436233	-121.823858030	0.000000000
496.000000000	39.689436245	-121.823858043	1.000000000
497.000000000	39.689436272	-121.823858047	1.000000000
498.000000000	39.689436308	-121.823858020	1.000000000
499.000000000	39.689436362	-121.823857973	1.000000000
500.000000000	39.689436285	-121.823858023	1.000000000
501.000000000	39.689436352	-121.823857945	1.000000000
502.000000000	39.689436507	-121.823857855	1.000000000
503.000000000	39.689436718	-121.823857713	1.000000000
504.000000000	39.689436898	-121.823857565	0.000000000
505.000000000	39.689437100	-121.823857405	0.000000000
506.000000000	39.689437277	-121.823857213	0.000000000
507.000000000	39.689437465	-121.823857053	0.000000000
508.000000000	39.689437623	-121.823856890	0.000000000
509.000000000	39.689437783	-121.823856677	0.000000000
510.000000000	39.689437907	-121.823856450	0.000000000
511.000000000	39.689438025	-121.823856210	0.000000000
512.000000000	39.689438148	-121.823855972	0.000000000
513.000000000	39.689438280	-121.823855708	0.000000000
514.000000000	39.689438405	-121.823855533	0.000000000
515.000000000	39.689438573	-121.823855327	1.000000000
516.000000000	39.689438730	-121.823855118	1.000000000
517.000000000	39.689438870	-121.823854922	1.000000000
518.000000000	39.689439053	-121.823854752	1.000000000
519.000000000	39.689439292	-121.823854570	1.000000000
520.000000000	39.689439425	-121.823854437	1.000000000
521.000000000	39.689439435	-121.823854212	1.000000000
522.000000000	39.689439547	-121.823854007	1.000000000
523.000000000	39.689439743	-121.823853813	1.000000000
524.000000000	39.689439870	-121.823853692	0.000000000
525.000000000	39.689440035	-121.823853538	0.000000000
526.000000000	39.689440093	-121.823853433	0.000000000
527.000000000	39.689440213	-121.823853328	0.000000000
528.000000000	39.689440238	-121.823853257	0.000000000
529.000000000	39.689440345	-121.823853187	1.000000000
530.000000000	39.689440445	-121.823853142	1.000000000
531.000000000	39.689440423	-121.823853068	0.000000000
532.000000000	39.689440553	-121.823853052	0.000000000
533.000000000	39.689440527	-121.823852935	0.000000000
534.000000000	39.689440548	-121.823852828	0.000000000
535.000000000	39.689440605	-121.823852748	0.000000000
536.000000000	39.689440642	-121.823852715	0.000000000
537.000000000	39.689440707	-121.823852612	0.000000000
538.000000000	39.689440770	-121.823852595	1.000000000
539.000000000	39.689440803	-121.823852522	1.000000000
540.000000000	39.689440802	-121.823852402	1.000000000
541.000000000	39.689440867	-121.823852288	1.000000000
542.000000000	39.689440820	-121.823852325	0.000000000
543.000000000	39.689440808	-121.823852322	0.000000000
544.000000000	39.689440817	-121.823852352	0.000000000
545.000000000	39.689440805	-121.823852342	0.000000000
546.000000000	39.689440715	-121.823852318	1.000000000
547.000000000	39.689440857	-121.823852285	1.000000000
548.000000000	39.689437303	-121.823853337	1.000000000
549.000000000	39.689431713	-121.823856352	0.000000000
550.000000000	39.689434792	-121.823854542	1.000000000
551.000000000	39.689438210	-121.823852497	1.000000000
552.000000000	39.689437745	-121.823852140	1.000000000
553.000000000	39.689440183	-121.823851117	1.000000000
554.000000000	39.689440673	-121.823851253	1.000000000
555.000000000	39.689441317	-121.823851010	1.000000000
556.000000000	39.689440588	-121.823851668	0.000000000
557.000000000	39.689441877	-121.823850367	0.000000000
558.000000000	39.689443782	-121.823848597	0.000000000
559.000000000	39.689443615	-121.823848830	1.000000000
560.000000000	39.689439597	-121.823850917	1.000000000
561.000000000	39.689438042	-121.823851895	1.000000000
562.000000000	39.689440650	-121.823850733	1.000000000
563.000000000	39.689441740	-121.823850415	1.000000000
564.000000000	39.689439880	-121.823851720	1.000000000
565.000000000	39.689441268	-121.823851143	1.000000000
566.000000000	39.689443073	-121.823850523	1.000000000
567.000000000	39.689440168	-121.823851850	1.000000000
568.000000000	39.689442023	-121.823850975	1.000000000
569.000000000	39.689442585	-121.823850732	1.000000000
570.000000000	39.689443002	-121.823850640	1.000000000
571.000000000	39.689443383	-121.823850653	1.000000000
572.000000000	39.689442435	-121.823850392	1.000000000
573.000000000	39.689441825	-121.823850720	0.000000000
574.000000000	39.689442163	-121.823849713	0.000000000
575.000000000	39.689444688	-121.823846452	0.000000000
576.000000000	39.689449338	-121.823840148	0.000000000
577.000000000	39.689454417	-121.823835842	0.000000000
578.000000000	39.689462085	-121.823834912	0.000000000
579.000000000	39.689469147	-121.823836218	0.000000000
580.000000000	39.689471212	-121.823837010	1.000000000
581.000000000	39.689471353	-121.823836888	1.000000000
582.000000000	39.689471785	-121.823836797	1.000000000
583.000000000	39.689472337	-121.823836875	1.000000000
584.000000000	39.689472683	-121.823837340	1.000000000
585.000000000	39.689472855	-121.823837505	1.000000000
586.000000000	39.689472733	-121.823837832	1.000000000
587.000000000	39.689472448	-121.823838223	0.000000000
588.000000000	39.689472307	-121.823838550	0.000000000
589.000000000	39.689472102	-121.823838838	1.000000000
590.000000000	39.689471885	-121.823838873	0.000000000
591.000000000	39.689471767	-121.823839237	1.000000000
592.000000000	39.689471968	-121.823839452	1.000000000
593.000000000	39.689471860	-121.823839745	0.000000000
594.000000000	39.689471598	-121.823840120	1.000000000
595.000000000	39.689470783	-121.823840922	1.000000000
596.000000000	39.689470030	-121.823841460	0.000000000
597.000000000	39.689469543	-121.823841813	0.000000000
598.000000000	39.689469132	-121.823842158	0.000000000
599.000000000	39.689469132	-121.823842158	0.000000000
600.000000000	39.689469132	-121.823842158	0.000000000
