0.000000000	39.689525477	-121.823858460	0.000000000
1.000000000	39.689525477	-121.823858460	0.000000000
2.000000000	39.689430155	-121.823815088	0.000000000
3.000000000	39.689429435	-121.823814892	0.000000000
4.000000000	39.689428540	-121.823815002	0.000000000
5.000000000	39.689426808	-121.823815065	0.000000000
6.000000000	39.689424960	-121.823815098	0.000000000
7.000000000	39.689423355	-121.823814963	0.000000000
8.000000000	39.689422603	-121.823814858	1.000000000
9.000000000	39.689422132	-121.823814653	1.000000000
10.000000000	39.689421963	-121.823814672	1.000000000
11.000000000	39.689421695	-121.823814448	1.000000000
12.000000000	39.689421613	-121.823814517	1.000000000
13.000000000	39.689421487	-121.823814658	1.000000000
14.000000000	39.689421540	-121.823814893	1.000000000
15.000000000	39.689421863	-121.823815058	1.000000000
16.000000000	39.689421908	-121.823815452	1.000000000
17.000000000	39.689421500	-121.823815360	1.000000000
18.000000000	39.689421598	-121.823815630	0.000000000
19.000000000	39.689422120	-121.823815972	0.000000000
20.000000000	39.689422685	-121.823816038	0.000000000
21.000000000	39.689423137	-121.823816207	0.000000000
22.000000000	39.689423560	-121.823816243	0.000000000
23.000000000	39.689423505	-121.823816275	0.000000000
24.000000000	39.689423792	-121.823816528	0.000000000
25.000000000	39.689424242	-121.823816608	0.000000000
26.000000000	39.689424295	-121.823816257	0.000000000
27.000000000	39.689421267	-121.823813892	0.000000000
28.000000000	39.689416462	-121.823809215	0.000000000
29.000000000	39.689412973	-121.823803065	0.000000000
30.000000000	39.689410620	-121.823798803	0.000000000
31.000000000	39.689411288	-121.823798250	0.000000000
32.000000000	39.689412135	-121.823798997	0.000000000
33.000000000	39.689413615	-121.823800177	0.000000000
34.000000000	39.689417287	-121.823804780	0.000000000
35.000000000	39.689421893	-121.823809905	0.000000000
36.000000000	39.689426868	-121.823814195	0.000000000
37.000000000	39.689430893	-121.823817165	0.000000000
38.000000000	39.689433180	-121.823818443	0.000000000
39.000000000	39.689434172	-121.823819497	0.000000000
40.000000000	39.689434702	-121.823819815	0.000000000
41.000000000	39.689435077	-121.823819868	0.000000000
42.000000000	39.689435525	-121.823819827	0.000000000
43.000000000	39.689438120	-121.823827597	0.000000000
44.000000000	39.689439330	-121.823837998	0.000000000
45.000000000	39.689438563	-121.823848612	0.000000000
46.000000000	39.689435553	-121.823858127	0.000000000
47.000000000	39.689431237	-121.823866957	0.000000000
48.000000000	39.689425480	-121.823874315	0.000000000
49.000000000	39.689418183	-121.823880360	0.000000000
50.000000000	39.689410197	-121.823884772	0.000000000
51.000000000	39.689402212	-121.823888023	0.000000000
52.000000000	39.689394275	-121.823892705	0.000000000
53.000000000	39.689386407	-121.823897498	0.000000000
54.000000000	39.689378963	-121.823903035	0.000000000
55.000000000	39.689370775	-121.823907518	0.000000000
56.000000000	39.689363247	-121.823913295	0.000000000
57.000000000	39.689356790	-121.823921952	0.000000000
58.000000000	39.689351435	-121.823931478	0.000000000
59.000000000	39.689346990	-121.823941842	0.000000000
60.000000000	39.689343547	-121.823952920	0.000000000
61.000000000	39.689340990	-121.823964430	0.000000000
62.000000000	39.689339295	-121.823975913	0.000000000
63.000000000	39.689338303	-121.823987768	0.000000000
64.000000000	39.689337505	-121.823999483	0.000000000
65.000000000	39.689336892	-121.824011052	0.000000000
66.000000000	39.689335062	-121.824022500	0.000000000
67.000000000	39.689333658	-121.824033837	0.000000000
68.000000000	39.689334542	-121.824046023	0.000000000
69.000000000	39.689336822	-121.824057540	0.000000000
70.000000000	39.689340100	-121.824068678	0.000000000
71.000000000	39.689344428	-121.824079365	0.000000000
72.000000000	39.689349555	-121.824089480	0.000000000
73.000000000	39.689355157	-121.824099030	0.000000000
74.000000000	39.689361243	-121.824108207	0.000000000
75.000000000	39.689367197	-121.824117078	0.000000000
76.000000000	39.689372307	-121.824126782	0.000000000
77.000000000	39.689377853	-121.824136257	0.000000000
78.000000000	39.689384282	-121.824144848	0.000000000
79.000000000	39.689390445	-121.824153245	0.000000000
80.000000000	39.689396408	-121.824162375	0.000000000
81.000000000	39.689403030	-121.824170547	0.000000000
82.000000000	39.689410140	-121.824178233	0.000000000
83.000000000	39.689417168	-121.824185540	0.000000000
84.000000000	39.689423478	-121.824193973	0.000000000
85.000000000	39.689430300	-121.824202075	0.000000000
86.000000000	39.689437903	-121.824208870	0.000000000
87.000000000	39.689444830	-121.824216403	0.000000000
88.000000000	39.689448572	-121.824226320	0.000000000
89.000000000	39.689449130	-121.824236957	0.000000000
90.000000000	39.689447393	-121.824247370	0.000000000
91.000000000	39.689443230	-121.824256690	0.000000000
92.000000000	39.689437623	-121.824264455	0.000000000
93.000000000	39.689430625	-121.824270093	0.000000000
94.000000000	39.689422968	-121.824273507	0.000000000
95.000000000	39.689414848	-121.824274343	0.000000000
96.000000000	39.689406860	-121.824272565	0.000000000
97.000000000	39.689399222	-121.824268450	0.000000000
98.000000000	39.689392530	-121.824262367	0.000000000
99.000000000	39.689386718	-121.824254705	0.000000000
100.000000000	39.689382095	-121.824245823	0.000000000
101.000000000	39.689377993	-121.824235982	0.000000000
102.000000000	39.689372830	-121.824226665	0.000000000
103.000000000	39.689367485	-121.824217265	0.000000000
104.000000000	39.689360410	-121.824209460	0.000000000
105.000000000	39.689353022	-121.824202367	0.000000000
106.000000000	39.689347248	-121.824193873	0.000000000
107.000000000	39.689344643	-121.824183730	0.000000000
108.000000000	39.689343632	-121.824172995	0.000000000
109.000000000	39.689344013	-121.824162168	0.000000000
110.000000000	39.689344933	-121.824150795	0.000000000
111.000000000	39.689346275	-121.824139547	0.000000000
112.000000000	39.689345438	-121.824127658	0.000000000
113.000000000	39.689343823	-121.824116075	0.000000000
114.000000000	39.689341748	-121.824104458	0.000000000
115.000000000	39.689339363	-121.824093138	0.000000000
116.000000000	39.689339380	-121.824081692	0.000000000
117.000000000	39.689339825	-121.824070207	0.000000000
118.000000000	39.689339747	-121.824058530	0.000000000
119.000000000	39.689338275	-121.824046862	0.000000000
120.000000000	39.689336218	-121.824036637	0.000000000
121.000000000	39.689335970	-121.824030062	0.000000000
122.000000000	39.689335733	-121.824026623	0.000000000
123.000000000	39.689335685	-121.824025608	0.000000000
124.000000000	39.689335580	-121.824025547	0.000000000
