0.000000000	39.690442585	-121.824485992
1.000000000	39.690442585	-121.824485992
2.000000000	39.690441350	-121.824485668
3.000000000	39.690441125	-121.824485653
4.000000000	39.690440903	-121.824485660
5.000000000	39.690440737	-121.824485688
6.000000000	39.690440602	-121.824485680
7.000000000	39.690440445	-121.824485682
8.000000000	39.690440268	-121.824485623
9.000000000	39.690440100	-121.824485585
10.000000000	39.690440042	-121.824485545
11.000000000	39.690439685	-121.824485533
12.000000000	39.690439625	-121.824485480
13.000000000	39.690439553	-121.824485472
14.000000000	39.690439467	-121.824485495
15.000000000	39.690439420	-121.824485475
16.000000000	39.690439723	-121.824485367
17.000000000	39.690439805	-121.824485297
18.000000000	39.690439760	-121.824485270
19.000000000	39.690439645	-121.824485307
20.000000000	39.690439652	-121.824485348
21.000000000	39.690439590	-121.824485323
22.000000000	39.690439530	-121.824485325
23.000000000	39.690439507	-121.824485350
24.000000000	39.690439455	-121.824485372
25.000000000	39.690439415	-121.824485388
26.000000000	39.690439817	-121.824485660
27.000000000	39.690438112	-121.824483180
28.000000000	39.690438297	-121.824483240
29.000000000	39.690437787	-121.824483557
30.000000000	39.690437530	-121.824483645
31.000000000	39.690437283	-121.824483803
32.000000000	39.690437385	-121.824483827
33.000000000	39.690437010	-121.824484133
34.000000000	39.690436915	-121.824484107
35.000000000	39.690436945	-121.824484112
36.000000000	39.690436933	-121.824484138
37.000000000	39.690436867	-121.824484177
38.000000000	39.690436972	-121.824484297
39.000000000	39.690436952	-121.824484200
40.000000000	39.690437112	-121.824484192
41.000000000	39.690437053	-121.824484085
42.000000000	39.690437010	-121.824484067
43.000000000	39.690436938	-121.824484163
44.000000000	39.690436995	-121.824484213
45.000000000	39.690436995	-121.824484213
