0.000000000	39.690557000	-121.824280000
1.000000000	39.690557000	-121.824280000
2.000000000	39.690557000	-121.824280000
3.000000000	39.690557000	-121.824280000
4.000000000	39.690557000	-121.824280000
5.000000000	39.690557000	-121.824280000
6.000000000	39.690557000	-121.824280000
7.000000000	39.690557000	-121.824280000
8.000000000	39.690557000	-121.824280000
9.000000000	39.690557000	-121.824280000
10.000000000	39.690557000	-121.824280000
11.000000000	39.690557000	-121.824280000
12.000000000	39.690557000	-121.824280000
13.000000000	39.690557000	-121.824280000
14.000000000	39.690557000	-121.824280000
15.000000000	39.690557000	-121.824280000
16.000000000	39.690557000	-121.824280000
17.000000000	39.690557000	-121.824280000
18.000000000	39.690557000	-121.824280000
19.000000000	39.690557000	-121.824280000
20.000000000	39.690557000	-121.824280000
21.000000000	39.690557000	-121.824280000
22.000000000	39.690557000	-121.824280000
23.000000000	39.690557000	-121.824280000
24.000000000	39.690557000	-121.824280000
25.000000000	39.690557000	-121.824280000
26.000000000	39.690557000	-121.824280000
27.000000000	39.690557000	-121.824280000
28.000000000	39.690557000	-121.824280000
29.000000000	39.690557000	-121.824280000
30.000000000	39.690557000	-121.824280000
31.000000000	39.690557000	-121.824280000
32.000000000	39.690557000	-121.824280000
33.000000000	39.690557000	-121.824280000
34.000000000	39.690557000	-121.824280000
35.000000000	39.690557000	-121.824280000
36.000000000	39.690557000	-121.824280000
37.000000000	39.690557000	-121.824280000
38.000000000	39.690557000	-121.824280000
39.000000000	39.690557000	-121.824280000
40.000000000	39.690557000	-121.824280000
41.000000000	39.690557000	-121.824280000
42.000000000	39.690557000	-121.824280000
43.000000000	39.690557000	-121.824280000
44.000000000	39.690557000	-121.824280000
45.000000000	39.690557000	-121.824280000
46.000000000	39.690557000	-121.824280000
47.000000000	39.690557000	-121.824280000
48.000000000	39.690557000	-121.824280000
49.000000000	39.690557000	-121.824280000
50.000000000	39.690557000	-121.824423000
51.000000000	39.690557000	-121.824423000
52.000000000	39.690557000	-121.824423000
53.000000000	39.690557000	-121.824423000
54.000000000	39.690557000	-121.824423000
55.000000000	39.690557000	-121.824423000
56.000000000	39.690557000	-121.824423000
57.000000000	39.690557000	-121.824423000
58.000000000	39.690557000	-121.824423000
59.000000000	39.690557000	-121.824423000
60.000000000	39.690557000	-121.824423000
61.000000000	39.690557000	-121.824423000
62.000000000	39.690657000	-121.824423000
63.000000000	39.690657000	-121.824423000
64.000000000	39.690657000	-121.824423000
65.000000000	39.690657000	-121.824423000
66.000000000	39.690657000	-121.824423000
67.000000000	39.690657000	-121.824423000
68.000000000	39.690657000	-121.824423000
69.000000000	39.690657000	-121.824423000
70.000000000	39.690657000	-121.824423000
71.000000000	39.690657000	-121.824423000
72.000000000	39.690657000	-121.824423000
73.000000000	39.690657000	-121.824323000
74.000000000	39.690657000	-121.824323000
75.000000000	39.690657000	-121.824323000
76.000000000	39.690657000	-121.824323000
77.000000000	39.690657000	-121.824323000
78.000000000	39.690657000	-121.824323000
79.000000000	39.690657000	-121.824323000
80.000000000	39.690657000	-121.824323000
81.000000000	39.690657000	-121.824323000
82.000000000	39.690657000	-121.824323000
83.000000000	39.690657000	-121.824323000
84.000000000	39.690657000	-121.824353000
85.000000000	39.690657000	-121.824353000
86.000000000	39.690657000	-121.824353000
87.000000000	39.690657000	-121.824343000
88.000000000	39.690657000	-121.824343000
89.000000000	39.690657000	-121.824343000
90.000000000	39.690657000	-121.824343000
91.000000000	39.690657000	-121.824343000
92.000000000	39.690657000	-121.824343000
93.000000000	39.690657000	-121.824343000
94.000000000	39.690657000	-121.824340000
95.000000000	39.690657000	-121.824340000
96.000000000	39.690657000	-121.824340000
97.000000000	39.690657000	-121.824340000
98.000000000	39.690657000	-121.824340000
99.000000000	39.690657000	-121.824340000
100.000000000	39.690657000	-121.824335000
101.000000000	39.690657000	-121.824335000
102.000000000	39.690657000	-121.824335000
103.000000000	39.690657000	-121.824336000
104.000000000	39.690657000	-121.824336000
105.000000000	39.690657000	-121.824337000
106.000000000	39.690657000	-121.824337000
107.000000000	39.690657000	-121.824337000
108.000000000	39.690657000	-121.824337000
109.000000000	39.690657000	-121.824337000
110.000000000	39.690657000	-121.824337000
111.000000000	39.690657000	-121.824337000
112.000000000	39.690657000	-121.824337000
113.000000000	39.690657000	-121.824337000
114.000000000	39.690657000	-121.824337000
115.000000000	39.690657000	-121.824337000
116.000000000	39.690657000	-121.824337000
117.000000000	39.690657000	-121.824337000
118.000000000	39.690657000	-121.824337000
119.000000000	39.690657000	-121.824337000
120.000000000	39.690657000	-121.824337000
121.000000000	39.690657000	-121.824337000
122.000000000	39.690657000	-121.824337000
123.000000000	39.690657000	-121.824337000
124.000000000	39.690657000	-121.824337000
125.000000000	39.690657000	-121.824337000
126.000000000	39.690657000	-121.824337000
127.000000000	39.690657000	-121.824337000
128.000000000	39.690657000	-121.824337000
129.000000000	39.690657000	-121.824337000
130.000000000	39.690657000	-121.824337000
131.000000000	39.690657000	-121.824337000
132.000000000	39.690657000	-121.824337000
133.000000000	39.690657000	-121.824337000
134.000000000	39.690657000	-121.824337000
135.000000000	39.690657000	-121.824337000
136.000000000	39.690657000	-121.824337000
137.000000000	39.690657000	-121.824337000
138.000000000	39.690657000	-121.824337000
139.000000000	39.690657000	-121.824423000
140.000000000	39.690657000	-121.824423000
141.000000000	39.690657000	-121.824423000
142.000000000	39.690657000	-121.824423000
143.000000000	39.690657000	-121.824423000
144.000000000	39.690657000	-121.824423000
145.000000000	39.690657000	-121.824423000
146.000000000	39.690750000	-121.824423000
147.000000000	39.690750000	-121.824423000
148.000000000	39.690750000	-121.824423000
149.000000000	39.690750000	-121.824423000
150.000000000	39.690750000	-121.824423000
151.000000000	39.690750000	-121.824423000
152.000000000	39.690750000	-121.824423000
153.000000000	39.690750000	-121.824423000
154.000000000	39.690750000	-121.824423000
155.000000000	39.690750000	-121.824423000
156.000000000	39.690750000	-121.824423000
157.000000000	39.690750000	-121.824423000
158.000000000	39.690750000	-121.824423000
159.000000000	39.690750000	-121.824423000
160.000000000	39.690750000	-121.824423000
161.000000000	39.690750000	-121.824423000
162.000000000	39.690750000	-121.824423000
163.000000000	39.690750000	-121.824423000
164.000000000	39.690750000	-121.824423000
165.000000000	39.690750000	-121.824423000
166.000000000	39.690750000	-121.824423000
167.000000000	39.690750000	-121.824423000
168.000000000	39.690750000	-121.824423000
169.000000000	39.690750000	-121.824423000
170.000000000	39.690750000	-121.824423000
171.000000000	39.690750000	-121.824423000
172.000000000	39.690750000	-121.824423000
173.000000000	39.690750000	-121.824423000
174.000000000	39.690750000	-121.824423000
175.000000000	39.690750000	-121.824423000
176.000000000	39.690750000	-121.824423000
177.000000000	39.690750000	-121.824423000
178.000000000	39.690750000	-121.824423000
179.000000000	39.690750000	-121.824423000
180.000000000	39.690750000	-121.824423000
181.000000000	39.690750000	-121.824423000
182.000000000	39.690750000	-121.824423000
183.000000000	39.690750000	-121.824423000
184.000000000	39.690800000	-121.824423000
185.000000000	39.690800000	-121.824423000
186.000000000	39.690800000	-121.824423000
187.000000000	39.690800000	-121.824423000
188.000000000	39.690800000	-121.824423000
189.000000000	39.690800000	-121.824423000
190.000000000	39.690800000	-121.824423000
191.000000000	39.690800000	-121.824423000
192.000000000	39.690800000	-121.824423000
193.000000000	39.690800000	-121.824423000
194.000000000	39.690800000	-121.824423000
195.000000000	39.690800000	-121.824423000
196.000000000	39.690800000	-121.824423000
197.000000000	39.690800000	-121.824423000
198.000000000	39.690800000	-121.824423000
199.000000000	39.690800000	-121.824423000
200.000000000	39.690800000	-121.824423000
201.000000000	39.690800000	-121.824423000
202.000000000	39.690800000	-121.824423000
203.000000000	39.690800000	-121.824423000
204.000000000	39.690800000	-121.824423000
205.000000000	39.690800000	-121.824423000
206.000000000	39.690800000	-121.824423000
207.000000000	39.690800000	-121.824423000
208.000000000	39.690800000	-121.824423000
209.000000000	39.690800000	-121.824423000
210.000000000	39.690800000	-121.824423000
211.000000000	39.690800000	-121.824423000
212.000000000	39.690800000	-121.824423000
213.000000000	39.690800000	-121.824423000
214.000000000	39.690800000	-121.824423000
215.000000000	39.690800000	-121.824423000
216.000000000	39.690800000	-121.824423000
217.000000000	39.690800000	-121.824423000
218.000000000	39.690800000	-121.824423000
219.000000000	39.690800000	-121.824423000
220.000000000	39.690800000	-121.824423000
221.000000000	39.690800000	-121.824423000
222.000000000	39.690800000	-121.824423000
223.000000000	39.690800000	-121.824423000
224.000000000	39.690800000	-121.824423000
225.000000000	39.690800000	-121.824423000
226.000000000	39.690800000	-121.824423000
227.000000000	39.690800000	-121.824423000
228.000000000	39.690800000	-121.824423000
229.000000000	39.690800000	-121.824423000
230.000000000	39.690800000	-121.824423000
231.000000000	39.690800000	-121.824423000
232.000000000	39.690800000	-121.824423000
233.000000000	39.690800000	-121.824423000
234.000000000	39.690800000	-121.824423000
235.000000000	39.690800000	-121.824370000
236.000000000	39.690800000	-121.824370000
237.000000000	39.690800000	-121.824370000
238.000000000	39.690800000	-121.824370000
239.000000000	39.690800000	-121.824370000
240.000000000	39.690800000	-121.824370000
241.000000000	39.690800000	-121.824370000
242.000000000	39.690800000	-121.824370000
243.000000000	39.690800000	-121.824370000
244.000000000	39.690800000	-121.824370000
245.000000000	39.690800000	-121.824370000
246.000000000	39.690800000	-121.824370000
247.000000000	39.690800000	-121.824370000
248.000000000	39.690800000	-121.824370000
249.000000000	39.690800000	-121.824370000
250.000000000	39.690800000	-121.824370000
251.000000000	39.690800000	-121.824370000
252.000000000	39.690800000	-121.824370000
253.000000000	39.690800000	-121.824370000
254.000000000	39.690800000	-121.824370000
255.000000000	39.690800000	-121.824370000
256.000000000	39.690800000	-121.824370000
257.000000000	39.690800000	-121.824370000
258.000000000	39.690800000	-121.824370000
259.000000000	39.690800000	-121.824370000
260.000000000	39.690800000	-121.824340000
261.000000000	39.690800000	-121.824340000
262.000000000	39.690800000	-121.824340000
263.000000000	39.690800000	-121.824340000
264.000000000	39.690800000	-121.824340000
265.000000000	39.690800000	-121.824340000
266.000000000	39.690800000	-121.824340000
267.000000000	39.690800000	-121.824340000
268.000000000	39.690800000	-121.824340000
269.000000000	39.690800000	-121.824340000
270.000000000	39.690830000	-121.824340000
271.000000000	39.690830000	-121.824340000
272.000000000	39.690830000	-121.824340000
273.000000000	39.690830000	-121.824340000
274.000000000	39.690830000	-121.824340000
275.000000000	39.690830000	-121.824340000
276.000000000	39.690830000	-121.824340000
277.000000000	39.690830000	-121.824340000
278.000000000	39.690830000	-121.824340000
279.000000000	39.690830000	-121.824340000
280.000000000	39.690830000	-121.824340000
281.000000000	39.690830000	-121.824340000
282.000000000	39.690830000	-121.824340000
283.000000000	39.690830000	-121.824340000
284.000000000	39.690830000	-121.824340000
285.000000000	39.690830000	-121.824340000
286.000000000	39.690830000	-121.824340000
287.000000000	39.690830000	-121.824340000
288.000000000	39.690830000	-121.824340000
289.000000000	39.690830000	-121.824340000
290.000000000	39.690830000	-121.824340000
291.000000000	39.690830000	-121.824340000
292.000000000	39.690830000	-121.824340000
293.000000000	39.690830000	-121.824340000
294.000000000	39.690830000	-121.824340000
295.000000000	39.690830000	-121.824340000
296.000000000	39.690830000	-121.824340000
297.000000000	39.690830000	-121.824340000
298.000000000	39.690830000	-121.824340000
299.000000000	39.690830000	-121.824340000
300.000000000	39.690830000	-121.824340000
301.000000000	39.690830000	-121.824340000
302.000000000	39.690830000	-121.824340000
303.000000000	39.690830000	-121.824340000
304.000000000	39.690830000	-121.824340000
305.000000000	39.690830000	-121.824340000
306.000000000	39.690830000	-121.824340000
307.000000000	39.690830000	-121.824340000
308.000000000	39.690830000	-121.824340000
309.000000000	39.690830000	-121.824340000
310.000000000	39.690830000	-121.824340000
311.000000000	39.690830000	-121.824340000
312.000000000	39.690830000	-121.824340000
313.000000000	39.690830000	-121.824340000
314.000000000	39.690830000	-121.824340000
315.000000000	39.690830000	-121.824340000
316.000000000	39.690830000	-121.824340000
317.000000000	39.690830000	-121.824340000
318.000000000	39.690830000	-121.824340000
319.000000000	39.690830000	-121.824340000
320.000000000	39.690830000	-121.824340000
321.000000000	39.690830000	-121.824340000
322.000000000	39.690830000	-121.824340000
323.000000000	39.690830000	-121.824340000
324.000000000	39.690830000	-121.824340000
325.000000000	39.690830000	-121.824340000
326.000000000	39.690830000	-121.824340000
327.000000000	39.690830000	-121.824340000
328.000000000	39.690830000	-121.824340000
329.000000000	39.690830000	-121.824340000
330.000000000	39.690830000	-121.824340000
331.000000000	39.690830000	-121.824340000
332.000000000	39.690830000	-121.824340000
333.000000000	39.690830000	-121.824340000
334.000000000	39.690830000	-121.824470000
335.000000000	39.690830000	-121.824470000
336.000000000	39.690830000	-121.824470000
337.000000000	39.690830000	-121.824470000
338.000000000	39.690830000	-121.824470000
339.000000000	39.690830000	-121.824470000
340.000000000	39.690830000	-121.824470000
341.000000000	39.690830000	-121.824470000
342.000000000	39.690830000	-121.824470000
343.000000000	39.690830000	-121.824470000
344.000000000	39.690830000	-121.824470000
345.000000000	39.690830000	-121.824470000
346.000000000	39.690830000	-121.824470000
347.000000000	39.690830000	-121.824470000
348.000000000	39.690830000	-121.824470000
349.000000000	39.690830000	-121.824470000
350.000000000	39.690830000	-121.824470000
351.000000000	39.690830000	-121.824470000
352.000000000	39.690830000	-121.824470000
353.000000000	39.690830000	-121.824470000
354.000000000	39.690830000	-121.824470000
355.000000000	39.690830000	-121.824470000
356.000000000	39.690830000	-121.824470000
357.000000000	39.690830000	-121.824470000
358.000000000	39.690830000	-121.824470000
359.000000000	39.690830000	-121.824470000
360.000000000	39.690830000	-121.824470000
361.000000000	39.690830000	-121.824470000
362.000000000	39.690830000	-121.824470000
363.000000000	39.690830000	-121.824470000
364.000000000	39.690830000	-121.824470000
365.000000000	39.690830000	-121.824470000
366.000000000	39.690830000	-121.824470000
367.000000000	39.690830000	-121.824470000
368.000000000	39.690830000	-121.824470000
369.000000000	39.690830000	-121.824470000
370.000000000	39.690830000	-121.824470000
371.000000000	39.690830000	-121.824470000
372.000000000	39.690830000	-121.824470000
373.000000000	39.690830000	-121.824470000
374.000000000	39.690830000	-121.824470000
375.000000000	39.690830000	-121.824470000
376.000000000	39.690830000	-121.824470000
377.000000000	39.690830000	-121.824470000
378.000000000	39.690830000	-121.824470000
379.000000000	39.690830000	-121.824470000
380.000000000	39.690830000	-121.824470000
381.000000000	39.690830000	-121.824440000
382.000000000	39.690830000	-121.824440000
383.000000000	39.690830000	-121.824440000
384.000000000	39.690830000	-121.824440000
385.000000000	39.690830000	-121.824440000
386.000000000	39.690830000	-121.824440000
387.000000000	39.690830000	-121.824440000
388.000000000	39.690830000	-121.824440000
389.000000000	39.690830000	-121.824440000
390.000000000	39.690830000	-121.824440000
391.000000000	39.690830000	-121.824440000
392.000000000	39.690830000	-121.824440000
393.000000000	39.690830000	-121.824440000
394.000000000	39.690830000	-121.824440000
395.000000000	39.690830000	-121.824440000
396.000000000	39.690830000	-121.824440000
397.000000000	39.690830000	-121.824440000
398.000000000	39.690830000	-121.824440000
399.000000000	39.690830000	-121.824440000
400.000000000	39.690830000	-121.824440000
401.000000000	39.690830000	-121.824440000
402.000000000	39.690830000	-121.824440000
403.000000000	39.690830000	-121.824440000
404.000000000	39.690830000	-121.824440000
405.000000000	39.690830000	-121.824440000
406.000000000	39.690830000	-121.824440000
407.000000000	39.690830000	-121.824440000
408.000000000	39.690830000	-121.824440000
409.000000000	39.690830000	-121.824440000
410.000000000	39.690830000	-121.824443000
411.000000000	39.690830000	-121.824443000
412.000000000	39.690830000	-121.824443000
413.000000000	39.690830000	-121.824443000
414.000000000	39.690830000	-121.824443000
415.000000000	39.690830000	-121.824443000
416.000000000	39.690830000	-121.824443000
417.000000000	39.690830000	-121.824443000
418.000000000	39.690830000	-121.824443000
419.000000000	39.690830000	-121.824443000
420.000000000	39.690830000	-121.824443000
421.000000000	39.690830000	-121.824443000
422.000000000	39.690830000	-121.824443000
423.000000000	39.690830000	-121.824443000
424.000000000	39.690830000	-121.824443000
425.000000000	39.690830000	-121.824443000
426.000000000	39.690830000	-121.824443000
427.000000000	39.690830000	-121.824443000
428.000000000	39.690830000	-121.824443000
429.000000000	39.690830000	-121.824443000
430.000000000	39.690830000	-121.824443000
431.000000000	39.690830000	-121.824443000
432.000000000	39.690830000	-121.824443000
433.000000000	39.690830000	-121.824443000
434.000000000	39.690830000	-121.824443000
435.000000000	39.690830000	-121.824443000
436.000000000	39.690830000	-121.824443000
437.000000000	39.690830000	-121.824443000
438.000000000	39.690830000	-121.824443000
439.000000000	39.690830000	-121.824443000
440.000000000	39.690830000	-121.824443000
441.000000000	39.690830000	-121.824443000
442.000000000	39.690830000	-121.824443000
443.000000000	39.690830000	-121.824443000
444.000000000	39.690830000	-121.824443000
445.000000000	39.690830000	-121.824443000
446.000000000	39.690830000	-121.824443000
447.000000000	39.690830000	-121.824443000
448.000000000	39.690830000	-121.824443000
449.000000000	39.690840000	-121.824443000
450.000000000	39.690840000	-121.824443000
451.000000000	39.690840000	-121.824433000
452.000000000	39.690840000	-121.824433000
453.000000000	39.690840000	-121.824433000
454.000000000	39.690840000	-121.824433000
455.000000000	39.690840000	-121.824433000
456.000000000	39.690840000	-121.824433000
457.000000000	39.690840000	-121.824433000
458.000000000	39.690840000	-121.824433000
459.000000000	39.690840000	-121.824433000
460.000000000	39.690840000	-121.824433000
461.000000000	39.690840000	-121.824433000
462.000000000	39.690840000	-121.824433000
463.000000000	39.690840000	-121.824433000
464.000000000	39.690840000	-121.824433000
465.000000000	39.690840000	-121.824433000
466.000000000	39.690840000	-121.824433000
467.000000000	39.690840000	-121.824433000
468.000000000	39.690840000	-121.824433000
469.000000000	39.690840000	-121.824433000
470.000000000	39.690840000	-121.824433000
471.000000000	39.690840000	-121.824433000
472.000000000	39.690840000	-121.824433000
473.000000000	39.690840000	-121.824433000
474.000000000	39.690840000	-121.824433000
475.000000000	39.690840000	-121.824433000
476.000000000	39.690840000	-121.824433000
477.000000000	39.690840000	-121.824433000
478.000000000	39.690840000	-121.824433000
479.000000000	39.690840000	-121.824433000
480.000000000	39.690840000	-121.824433000
481.000000000	39.690840000	-121.824433000
482.000000000	39.690840000	-121.824433000
483.000000000	39.690840000	-121.824433000
484.000000000	39.690840000	-121.824433000
485.000000000	39.690840000	-121.824433000
486.000000000	39.690840000	-121.824433000
487.000000000	39.690840000	-121.824433000
488.000000000	39.690840000	-121.824433000
489.000000000	39.690840000	-121.824433000
490.000000000	39.690840000	-121.824433000
491.000000000	39.690840000	-121.824433000
492.000000000	39.690840000	-121.824433000
493.000000000	39.690840000	-121.824433000
494.000000000	39.690840000	-121.824433000
495.000000000	39.690840000	-121.824433000
496.000000000	39.690840000	-121.824433000
497.000000000	39.690840000	-121.824433000
498.000000000	39.690840000	-121.824433000
499.000000000	39.690840000	-121.824433000
500.000000000	39.690840000	-121.824433000
501.000000000	39.690840000	-121.824433000
502.000000000	39.690840000	-121.824433000
503.000000000	39.690840000	-121.824433000
504.000000000	39.690840000	-121.824433000
505.000000000	39.690840000	-121.824433000
506.000000000	39.690845000	-121.824433000
507.000000000	39.690845000	-121.824433000
508.000000000	39.690845000	-121.824433000
509.000000000	39.690845000	-121.824433000
510.000000000	39.690845000	-121.824425000
511.000000000	39.690845000	-121.824425000
512.000000000	39.690845000	-121.824425000
513.000000000	39.690845000	-121.824425000
514.000000000	39.690845000	-121.824425000
515.000000000	39.690845000	-121.824425000
516.000000000	39.690845000	-121.824425000
517.000000000	39.690845000	-121.824425000
518.000000000	39.690845000	-121.824425000
519.000000000	39.690845000	-121.824425000
520.000000000	39.690845000	-121.824425000
521.000000000	39.690845000	-121.824425000
522.000000000	39.690845000	-121.824425000
523.000000000	39.690845000	-121.824425000
524.000000000	39.690845000	-121.824425000
525.000000000	39.690845000	-121.824425000
526.000000000	39.690845000	-121.824425000
527.000000000	39.690845000	-121.824425000
528.000000000	39.690845000	-121.824425000
529.000000000	39.690845000	-121.824425000
530.000000000	39.690845000	-121.824425000
531.000000000	39.690845000	-121.824425000
532.000000000	39.690845000	-121.824425000
533.000000000	39.690851000	-121.824425000
534.000000000	39.690851000	-121.824425000
535.000000000	39.690851000	-121.824425000
536.000000000	39.690851000	-121.824425000
537.000000000	39.690851000	-121.824425000
538.000000000	39.690851000	-121.824425000
539.000000000	39.690851000	-121.824425000
540.000000000	39.690851000	-121.824425000
541.000000000	39.690851000	-121.824425000
542.000000000	39.690851000	-121.824425000
543.000000000	39.690851000	-121.824425000
544.000000000	39.690851000	-121.824425000
545.000000000	39.690851000	-121.824425000
546.000000000	39.690851000	-121.824333000
547.000000000	39.690851000	-121.824333000
548.000000000	39.690851000	-121.824333000
549.000000000	39.690851000	-121.824333000
550.000000000	39.690851000	-121.824333000
551.000000000	39.690851000	-121.824333000
552.000000000	39.690851000	-121.824333000
553.000000000	39.690851000	-121.824333000
554.000000000	39.690851000	-121.824333000
555.000000000	39.690851000	-121.824333000
556.000000000	39.690851000	-121.824333000
557.000000000	39.690851000	-121.824333000
558.000000000	39.690851000	-121.824333000
559.000000000	39.690851000	-121.824333000
560.000000000	39.690851000	-121.824333000
561.000000000	39.690851000	-121.824333000
562.000000000	39.690851000	-121.824333000
563.000000000	39.690851000	-121.824333000
564.000000000	39.690851000	-121.824333000
565.000000000	39.690851000	-121.824333000
566.000000000	39.690851000	-121.824333000
567.000000000	39.690851000	-121.824333000
568.000000000	39.690860000	-121.824333000
569.000000000	39.690860000	-121.824333000
570.000000000	39.690860000	-121.824333000
571.000000000	39.690860000	-121.824333000
572.000000000	39.690860000	-121.824333000
573.000000000	39.690860000	-121.824333000
574.000000000	39.690860000	-121.824333000
575.000000000	39.690860000	-121.824333000
576.000000000	39.690860000	-121.824333000
577.000000000	39.690860000	-121.824333000
578.000000000	39.690860000	-121.824333000
579.000000000	39.690860000	-121.824333000
580.000000000	39.690860000	-121.824333000
581.000000000	39.690860000	-121.824333000
582.000000000	39.690860000	-121.824333000
583.000000000	39.690860000	-121.824333000
584.000000000	39.690860000	-121.824333000
585.000000000	39.690860000	-121.824333000
586.000000000	39.690860000	-121.824333000
587.000000000	39.690860000	-121.824333000
588.000000000	39.690860000	-121.824333000
589.000000000	39.690860000	-121.824333000
590.000000000	39.690860000	-121.824333000
591.000000000	39.690860000	-121.824333000
592.000000000	39.690860000	-121.824333000
593.000000000	39.690860000	-121.824333000
594.000000000	39.690860000	-121.824333000
595.000000000	39.690860000	-121.824333000
596.000000000	39.690860000	-121.824333000
597.000000000	39.690860000	-121.824333000
598.000000000	39.690860000	-121.824333000
599.000000000	39.690860000	-121.824333000
600.000000000	39.690860000	-121.824333000
601.000000000	39.690860000	-121.824333000
602.000000000	39.690860000	-121.824333000
603.000000000	39.690860000	-121.824333000
604.000000000	39.690860000	-121.824333000
605.000000000	39.690860000	-121.824333000
606.000000000	39.690860000	-121.824333000
607.000000000	39.690860000	-121.824333000
608.000000000	39.690860000	-121.824333000
609.000000000	39.690860000	-121.824333000
610.000000000	39.690860000	-121.824333000
611.000000000	39.690860000	-121.824333000
612.000000000	39.690860000	-121.824333000
613.000000000	39.690860000	-121.824333000
614.000000000	39.690855000	-121.824333000
615.000000000	39.690855000	-121.824333000
616.000000000	39.690855000	-121.824333000
617.000000000	39.690855000	-121.824333000
618.000000000	39.690855000	-121.824333000
619.000000000	39.690855000	-121.824333000
620.000000000	39.690855000	-121.824333000
621.000000000	39.690855000	-121.824325000
622.000000000	39.690855000	-121.824325000
623.000000000	39.690855000	-121.824325000
624.000000000	39.690855000	-121.824325000
625.000000000	39.690855000	-121.824325000
626.000000000	39.690855000	-121.824325000
627.000000000	39.690855000	-121.824325000
628.000000000	39.690855000	-121.824325000
629.000000000	39.690855000	-121.824325000
630.000000000	39.690855000	-121.824325000
631.000000000	39.690855000	-121.824325000
632.000000000	39.690855000	-121.824325000
633.000000000	39.690855000	-121.824325000
634.000000000	39.690855000	-121.824325000
635.000000000	39.690855000	-121.824325000
636.000000000	39.690855000	-121.824325000
637.000000000	39.690855000	-121.824325000
638.000000000	39.690400000	-121.824325000
639.000000000	39.690400000	-121.824325000
640.000000000	39.690400000	-121.824325000
641.000000000	39.690400000	-121.824323000
642.000000000	39.690400000	-121.824323000
643.000000000	39.690400000	-121.824323000
644.000000000	39.690400000	-121.824323000
645.000000000	39.690400000	-121.824323000
646.000000000	39.690400000	-121.824323000
647.000000000	39.690400000	-121.824323000
648.000000000	39.690400000	-121.824323000
649.000000000	39.690400000	-121.824323000
650.000000000	39.690400000	-121.824323000
651.000000000	39.690400000	-121.824323000
652.000000000	39.690400000	-121.824323000
653.000000000	39.690400000	-121.824323000
654.000000000	39.690400000	-121.824323000
655.000000000	39.690400000	-121.824223000
656.000000000	39.690400000	-121.824223000
657.000000000	39.690400000	-121.824223000
658.000000000	39.690400000	-121.824223000
659.000000000	39.690400000	-121.824223000
660.000000000	39.690400000	-121.824223000
661.000000000	39.690400000	-121.824223000
662.000000000	39.690400000	-121.824223000
663.000000000	39.690400000	-121.824223000
664.000000000	39.690400000	-121.824223000
665.000000000	39.690400000	-121.824223000
666.000000000	39.690950000	-121.824223000
667.000000000	39.690950000	-121.824223000
668.000000000	39.690950000	-121.824223000
669.000000000	39.690950000	-121.824223000
670.000000000	39.690950000	-121.824223000
671.000000000	39.690950000	-121.824223000
672.000000000	39.690950000	-121.824223000
673.000000000	39.690950000	-121.824223000
674.000000000	39.690950000	-121.824223000
675.000000000	39.690950000	-121.824223000
676.000000000	39.690950000	-121.824223000
677.000000000	39.690950000	-121.824223000
678.000000000	39.690950000	-121.824223000
679.000000000	39.690950000	-121.824223000
680.000000000	39.690950000	-121.824223000
681.000000000	39.690950000	-121.824223000
682.000000000	39.690950000	-121.824223000
683.000000000	39.690950000	-121.824223000
684.000000000	39.690950000	-121.824223000
685.000000000	39.690950000	-121.824223000
686.000000000	39.690950000	-121.824223000
687.000000000	39.690950000	-121.824223000
688.000000000	39.690950000	-121.824223000
689.000000000	39.690950000	-121.824223000
690.000000000	39.690950000	-121.824223000
691.000000000	39.690950000	-121.824223000
692.000000000	39.690950000	-121.824223000
