0.000000000	39.690439820	-121.824399555	0.000000000
1.000000000	39.690442625	-121.824398522	1.000000000
2.000000000	39.690442702	-121.824398555	1.000000000
3.000000000	39.690442718	-121.824398417	1.000000000
4.000000000	39.690442737	-121.824398277	1.000000000
5.000000000	39.690442375	-121.824397718	0.000000000
6.000000000	39.690441782	-121.824394842	1.000000000
7.000000000	39.690441785	-121.824394822	0.000000000
8.000000000	39.690442228	-121.824395233	0.000000000
9.000000000	39.690439868	-121.824395085	0.000000000
10.000000000	39.690440427	-121.824395420	0.000000000
11.000000000	39.690440537	-121.824395523	0.000000000
12.000000000	39.690440540	-121.824395498	0.000000000
13.000000000	39.690440983	-121.824395510	0.000000000
14.000000000	39.690440982	-121.824395637	0.000000000
15.000000000	39.690440955	-121.824395775	0.000000000
16.000000000	39.690440890	-121.824395790	0.000000000
17.000000000	39.690440987	-121.824395992	0.000000000
18.000000000	39.690440945	-121.824395872	0.000000000
19.000000000	39.690440818	-121.824395313	1.000000000
20.000000000	39.690440865	-121.824395410	0.000000000
21.000000000	39.690440950	-121.824395473	0.000000000
22.000000000	39.690440958	-121.824395442	0.000000000
23.000000000	39.690441155	-121.824395798	0.000000000
24.000000000	39.690441285	-121.824396028	0.000000000
25.000000000	39.690441393	-121.824396120	0.000000000
26.000000000	39.690441390	-121.824396302	0.000000000
27.000000000	39.690441453	-121.824396400	0.000000000
28.000000000	39.690441500	-121.824396565	0.000000000
29.000000000	39.690441405	-121.824396537	0.000000000
30.000000000	39.690441472	-121.824396615	0.000000000
31.000000000	39.690441463	-121.824396703	0.000000000
32.000000000	39.690440810	-121.824396803	0.000000000
33.000000000	39.690440965	-121.824397192	0.000000000
34.000000000	39.690441023	-121.824397333	0.000000000
35.000000000	39.690441113	-121.824397572	0.000000000
36.000000000	39.690441115	-121.824397647	0.000000000
37.000000000	39.690441052	-121.824397655	0.000000000
38.000000000	39.690440947	-121.824397705	0.000000000
39.000000000	39.690440900	-121.824397780	0.000000000
40.000000000	39.690440958	-121.824397900	0.000000000
41.000000000	39.690440378	-121.824397838	0.000000000
42.000000000	39.690440373	-121.824397628	0.000000000
43.000000000	39.690440353	-121.824397382	0.000000000
44.000000000	39.690440235	-121.824397245	0.000000000
45.000000000	39.690440248	-121.824397097	0.000000000
46.000000000	39.690440295	-121.824397127	0.000000000
47.000000000	39.690440277	-121.824397127	1.000000000
48.000000000	39.690440142	-121.824397072	0.000000000
49.000000000	39.690440232	-121.824396953	1.000000000
50.000000000	39.690439627	-121.824395012	1.000000000
51.000000000	39.690439500	-121.824394877	1.000000000
52.000000000	39.690441090	-121.824395752	1.000000000
53.000000000	39.690442663	-121.824398037	1.000000000
54.000000000	39.690442493	-121.824397760	1.000000000
55.000000000	39.690442870	-121.824386800	1.000000000
56.000000000	39.690442425	-121.824387522	1.000000000
57.000000000	39.690444403	-121.824391060	1.000000000
58.000000000	39.690444285	-121.824391725	1.000000000
59.000000000	39.690444233	-121.824391592	0.000000000
60.000000000	39.690443732	-121.824386323	0.000000000
61.000000000	39.690443778	-121.824384355	0.000000000
62.000000000	39.690444028	-121.824385100	0.000000000
63.000000000	39.690444155	-121.824386095	0.000000000
64.000000000	39.690444733	-121.824386098	0.000000000
65.000000000	39.690445978	-121.824386570	0.000000000
66.000000000	39.690446343	-121.824387703	0.000000000
67.000000000	39.690444868	-121.824389917	0.000000000
68.000000000	39.690443843	-121.824389177	1.000000000
69.000000000	39.690443472	-121.824390040	1.000000000
70.000000000	39.690443375	-121.824390718	1.000000000
71.000000000	39.690443637	-121.824391703	1.000000000
72.000000000	39.690440615	-121.824384868	0.000000000
73.000000000	39.690443580	-121.824392040	0.000000000
74.000000000	39.690443690	-121.824392323	0.000000000
75.000000000	39.690443983	-121.824392875	0.000000000
76.000000000	39.690440890	-121.824385495	0.000000000
77.000000000	39.690442582	-121.824389255	0.000000000
78.000000000	39.690442898	-121.824390073	0.000000000
79.000000000	39.690443140	-121.824390660	0.000000000
80.000000000	39.690443080	-121.824390967	0.000000000
81.000000000	39.690442828	-121.824390768	0.000000000
82.000000000	39.690442570	-121.824390823	0.000000000
83.000000000	39.690442473	-121.824390892	0.000000000
84.000000000	39.690442493	-121.824391102	0.000000000
85.000000000	39.690442475	-121.824391350	0.000000000
86.000000000	39.690442463	-121.824391738	0.000000000
87.000000000	39.690442452	-121.824392072	0.000000000
88.000000000	39.690442472	-121.824392598	0.000000000
89.000000000	39.690442560	-121.824393053	0.000000000
90.000000000	39.690439270	-121.824399077	0.000000000
91.000000000	39.690435112	-121.824406688	0.000000000
92.000000000	39.690430937	-121.824414367	0.000000000
93.000000000	39.690426983	-121.824422417	0.000000000
94.000000000	39.690425072	-121.824431790	0.000000000
95.000000000	39.690424418	-121.824441718	0.000000000
96.000000000	39.690424585	-121.824451602	0.000000000
97.000000000	39.690425842	-121.824460935	0.000000000
98.000000000	39.690427978	-121.824469950	0.000000000
99.000000000	39.690431283	-121.824478632	0.000000000
100.000000000	39.690435518	-121.824486178	0.000000000
101.000000000	39.690440195	-121.824493370	0.000000000
102.000000000	39.690443770	-121.824501255	0.000000000
103.000000000	39.690449172	-121.824508338	1.000000000
104.000000000	39.690455197	-121.824514032	0.000000000
105.000000000	39.690462118	-121.824518155	1.000000000
106.000000000	39.690468427	-121.824522620	0.000000000
107.000000000	39.690474557	-121.824527720	0.000000000
108.000000000	39.690478975	-121.824534550	0.000000000
109.000000000	39.690484258	-121.824540590	0.000000000
110.000000000	39.690491105	-121.824544965	0.000000000
111.000000000	39.690498073	-121.824548607	0.000000000
112.000000000	39.690505163	-121.824551513	0.000000000
113.000000000	39.690512010	-121.824554133	0.000000000
114.000000000	39.690517980	-121.824558683	0.000000000
115.000000000	39.690524103	-121.824563162	0.000000000
116.000000000	39.690530492	-121.824567162	0.000000000
117.000000000	39.690536845	-121.824571020	1.000000000
118.000000000	39.690543045	-121.824575540	0.000000000
119.000000000	39.690547792	-121.824581662	0.000000000
120.000000000	39.690553652	-121.824586838	0.000000000
121.000000000	39.690559898	-121.824591233	0.000000000
122.000000000	39.690567088	-121.824593958	0.000000000
123.000000000	39.690574135	-121.824596268	0.000000000
124.000000000	39.690580795	-121.824599438	0.000000000
125.000000000	39.690587200	-121.824603325	0.000000000
126.000000000	39.690593278	-121.824608077	0.000000000
127.000000000	39.690599772	-121.824611907	0.000000000
128.000000000	39.690606235	-121.824615968	0.000000000
129.000000000	39.690613430	-121.824618240	0.000000000
130.000000000	39.690620485	-121.824619923	0.000000000
131.000000000	39.690627598	-121.824621635	1.000000000
132.000000000	39.690633887	-121.824625540	0.000000000
133.000000000	39.690638743	-121.824631593	0.000000000
134.000000000	39.690644173	-121.824637367	0.000000000
135.000000000	39.690650587	-121.824641768	0.000000000
136.000000000	39.690657993	-121.824643790	0.000000000
137.000000000	39.690665200	-121.824645052	0.000000000
138.000000000	39.690672538	-121.824645683	0.000000000
139.000000000	39.690679745	-121.824646213	0.000000000
140.000000000	39.690686467	-121.824649240	0.000000000
141.000000000	39.690693152	-121.824652350	0.000000000
142.000000000	39.690700160	-121.824654580	0.000000000
143.000000000	39.690707323	-121.824656045	0.000000000
144.000000000	39.690714628	-121.824654190	0.000000000
145.000000000	39.690721738	-121.824650873	0.000000000
146.000000000	39.690728087	-121.824645732	0.000000000
147.000000000	39.690734132	-121.824639685	0.000000000
148.000000000	39.690739198	-121.824632485	0.000000000
149.000000000	39.690743570	-121.824624312	0.000000000
150.000000000	39.690746913	-121.824615598	0.000000000
151.000000000	39.690749683	-121.824607057	0.000000000
152.000000000	39.690751915	-121.824598063	0.000000000
153.000000000	39.690753800	-121.824589108	0.000000000
154.000000000	39.690756320	-121.824580697	0.000000000
155.000000000	39.690758675	-121.824572233	0.000000000
156.000000000	39.690761013	-121.824563527	0.000000000
157.000000000	39.690763440	-121.824554983	0.000000000
158.000000000	39.690765703	-121.824546392	0.000000000
159.000000000	39.690767872	-121.824537798	0.000000000
160.000000000	39.690770013	-121.824529157	0.000000000
161.000000000	39.690772102	-121.824520485	0.000000000
162.000000000	39.690774118	-121.824511878	0.000000000
163.000000000	39.690776223	-121.824503218	0.000000000
164.000000000	39.690778057	-121.824494515	0.000000000
165.000000000	39.690779990	-121.824485825	0.000000000
166.000000000	39.690782373	-121.824477338	0.000000000
167.000000000	39.690784853	-121.824468920	0.000000000
168.000000000	39.690786855	-121.824460287	0.000000000
169.000000000	39.690788752	-121.824451463	0.000000000
170.000000000	39.690790997	-121.824443047	0.000000000
171.000000000	39.690793907	-121.824434803	0.000000000
172.000000000	39.690797197	-121.824426903	0.000000000
173.000000000	39.690800367	-121.824418817	0.000000000
174.000000000	39.690802942	-121.824410313	0.000000000
175.000000000	39.690805445	-121.824401742	0.000000000
176.000000000	39.690808223	-121.824393558	0.000000000
177.000000000	39.690812037	-121.824385978	0.000000000
178.000000000	39.690816247	-121.824378802	0.000000000
179.000000000	39.690819080	-121.824370133	0.000000000
180.000000000	39.690819502	-121.824360790	0.000000000
181.000000000	39.690818485	-121.824351228	0.000000000
182.000000000	39.690816482	-121.824341993	0.000000000
183.000000000	39.690813250	-121.824333288	0.000000000
184.000000000	39.690809178	-121.824325252	0.000000000
185.000000000	39.690804303	-121.824318062	0.000000000
186.000000000	39.690798810	-121.824311815	0.000000000
187.000000000	39.690792878	-121.824306225	0.000000000
188.000000000	39.690786660	-121.824301235	0.000000000
189.000000000	39.690780428	-121.824296365	0.000000000
190.000000000	39.690774567	-121.824291113	0.000000000
191.000000000	39.690768682	-121.824285993	0.000000000
192.000000000	39.690762683	-121.824280958	0.000000000
193.000000000	39.690756662	-121.824275967	0.000000000
194.000000000	39.690750598	-121.824271130	0.000000000
195.000000000	39.690744523	-121.824266385	0.000000000
196.000000000	39.690738317	-121.824261675	0.000000000
197.000000000	39.690732518	-121.824256547	0.000000000
198.000000000	39.690727038	-121.824250728	0.000000000
199.000000000	39.690723122	-121.824243698	0.000000000
200.000000000	39.690719595	-121.824236217	0.000000000
201.000000000	39.690714013	-121.824230080	0.000000000
202.000000000	39.690707680	-121.824225255	1.000000000
203.000000000	39.690701707	-121.824221605	0.000000000
204.000000000	39.690698393	-121.824218097	0.000000000
205.000000000	39.690693393	-121.824211183	0.000000000
206.000000000	39.690687470	-121.824205960	0.000000000
207.000000000	39.690681665	-121.824200998	0.000000000
208.000000000	39.690674985	-121.824197687	0.000000000
209.000000000	39.690668055	-121.824194577	0.000000000
210.000000000	39.690661305	-121.824191050	0.000000000
211.000000000	39.690655055	-121.824187462	0.000000000
212.000000000	39.690649043	-121.824182783	0.000000000
213.000000000	39.690642775	-121.824178367	0.000000000
214.000000000	39.690636123	-121.824175047	0.000000000
215.000000000	39.690629320	-121.824172310	0.000000000
216.000000000	39.690622517	-121.824169547	0.000000000
217.000000000	39.690616007	-121.824166328	0.000000000
218.000000000	39.690609465	-121.824162962	0.000000000
219.000000000	39.690602525	-121.824160570	0.000000000
220.000000000	39.690595303	-121.824161582	0.000000000
221.000000000	39.690588245	-121.824164107	0.000000000
222.000000000	39.690581697	-121.824168193	0.000000000
223.000000000	39.690575542	-121.824173423	0.000000000
224.000000000	39.690570162	-121.824179863	0.000000000
225.000000000	39.690565297	-121.824187480	0.000000000
226.000000000	39.690561307	-121.824195428	0.000000000
227.000000000	39.690558082	-121.824203880	0.000000000
228.000000000	39.690555183	-121.824212518	0.000000000
229.000000000	39.690552477	-121.824221165	0.000000000
230.000000000	39.690548442	-121.824228650	0.000000000
231.000000000	39.690544583	-121.824236175	0.000000000
232.000000000	39.690541342	-121.824244448	0.000000000
233.000000000	39.690538192	-121.824252702	0.000000000
234.000000000	39.690535058	-121.824261073	0.000000000
235.000000000	39.690531910	-121.824269067	0.000000000
236.000000000	39.690527828	-121.824276608	0.000000000
237.000000000	39.690523863	-121.824284217	0.000000000
238.000000000	39.690520613	-121.824292447	0.000000000
239.000000000	39.690517102	-121.824300295	0.000000000
240.000000000	39.690512952	-121.824307798	0.000000000
241.000000000	39.690509115	-121.824315532	0.000000000
242.000000000	39.690505485	-121.824323448	0.000000000
243.000000000	39.690501313	-121.824330922	0.000000000
244.000000000	39.690496892	-121.824338192	0.000000000
245.000000000	39.690492820	-121.824345753	0.000000000
246.000000000	39.690489570	-121.824354100	0.000000000
247.000000000	39.690486127	-121.824362040	0.000000000
248.000000000	39.690481922	-121.824369253	0.000000000
249.000000000	39.690477503	-121.824376443	0.000000000
250.000000000	39.690472940	-121.824383325	0.000000000
251.000000000	39.690468190	-121.824390053	0.000000000
252.000000000	39.690463158	-121.824396435	0.000000000
253.000000000	39.690457905	-121.824402350	0.000000000
254.000000000	39.690452413	-121.824407807	0.000000000
255.000000000	39.690447528	-121.824412155	0.000000000
256.000000000	39.690445340	-121.824415262	1.000000000
257.000000000	39.690444760	-121.824416293	0.000000000
258.000000000	39.690444777	-121.824416315	0.000000000
259.000000000	39.690444828	-121.824416415	0.000000000
260.000000000	39.690444823	-121.824416467	0.000000000
261.000000000	39.690444832	-121.824416517	0.000000000
262.000000000	39.690444862	-121.824416525	0.000000000
263.000000000	39.690442045	-121.824414242	0.000000000
264.000000000	39.690442177	-121.824414272	0.000000000
265.000000000	39.690442238	-121.824414227	0.000000000
266.000000000	39.690442330	-121.824414492	1.000000000
267.000000000	39.690442315	-121.824414450	1.000000000
268.000000000	39.690442343	-121.824414417	1.000000000
269.000000000	39.690442382	-121.824414388	1.000000000
270.000000000	39.690442485	-121.824414287	1.000000000
271.000000000	39.690442453	-121.824414258	1.000000000
272.000000000	39.690442575	-121.824414227	1.000000000
273.000000000	39.690442612	-121.824414085	1.000000000
274.000000000	39.690442658	-121.824414010	0.000000000
275.000000000	39.690442657	-121.824413895	1.000000000
276.000000000	39.690442690	-121.824413783	1.000000000
277.000000000	39.690442742	-121.824413758	1.000000000
278.000000000	39.690442772	-121.824413750	1.000000000
