0.000000000	39.690327000	-121.824280000
1.000000000	39.689436607	-121.823833837
2.000000000	39.689436838	-121.823833155
3.000000000	39.689436915	-121.823832517
4.000000000	39.689437140	-121.823831773
5.000000000	39.689438702	-121.823835353
6.000000000	39.689439018	-121.823836222
7.000000000	39.689439142	-121.823836900
8.000000000	39.689439052	-121.823836945
9.000000000	39.689438628	-121.823836573
10.000000000	39.689422053	-121.823812102
11.000000000	39.689428545	-121.823822362
12.000000000	39.689425680	-121.823812430
13.000000000	39.689424298	-121.823814203
14.000000000	39.689425192	-121.823817842
15.000000000	39.689427565	-121.823823353
16.000000000	39.689425797	-121.823821567
17.000000000	39.689423903	-121.823819448
18.000000000	39.689426285	-121.823824015
19.000000000	39.689424772	-121.823821795
20.000000000	39.689423955	-121.823820217
21.000000000	39.689427365	-121.823822942
22.000000000	39.689427547	-121.823822672
23.000000000	39.689427077	-121.823822762
24.000000000	39.689427335	-121.823823422
25.000000000	39.689427713	-121.823824115
26.000000000	39.689429177	-121.823825008
27.000000000	39.689432378	-121.823830422
28.000000000	39.689435773	-121.823834068
29.000000000	39.689449042	-121.823839525
30.000000000	39.689468922	-121.823831775
31.000000000	39.689479570	-121.823817422
32.000000000	39.689489242	-121.823817315
33.000000000	39.689485687	-121.823791812
34.000000000	39.689481098	-121.823762295
35.000000000	39.689470430	-121.823750740
36.000000000	39.689449013	-121.823751135
37.000000000	39.689430353	-121.823767542
38.000000000	39.689418427	-121.823789273
39.000000000	39.689418042	-121.823819113
40.000000000	39.689412485	-121.823844655
41.000000000	39.689395925	-121.823859867
42.000000000	39.689373988	-121.823865892
43.000000000	39.689361715	-121.823874538
44.000000000	39.689348087	-121.823880810
45.000000000	39.689338418	-121.823886352
46.000000000	39.689331717	-121.823891247
47.000000000	39.689330188	-121.823889093
48.000000000	39.689328038	-121.823889487
49.000000000	39.689327843	-121.823889948
50.000000000	39.689319898	-121.823882687
51.000000000	39.689321117	-121.823882287
52.000000000	39.689325727	-121.823885633
53.000000000	39.689326180	-121.823885783
54.000000000	39.689326725	-121.823887022
55.000000000	39.689315757	-121.823907835
56.000000000	39.689310302	-121.823942215
57.000000000	39.689325065	-121.823963930
58.000000000	39.689345763	-121.823975930
59.000000000	39.689367080	-121.823970042
60.000000000	39.689380138	-121.823958480
61.000000000	39.689389732	-121.823951100
62.000000000	39.689396448	-121.823945765
63.000000000	39.689403248	-121.823934588
64.000000000	39.689400967	-121.823914210
65.000000000	39.689401510	-121.823905132
66.000000000	39.689403360	-121.823901082
67.000000000	39.689402565	-121.823898617
68.000000000	39.689399907	-121.823900485
69.000000000	39.689363973	-121.823935502
70.000000000	39.689370330	-121.823928105
71.000000000	39.689383750	-121.823914460
72.000000000	39.689378377	-121.823920137
73.000000000	39.689399572	-121.823898735
74.000000000	39.689401882	-121.823895813
75.000000000	39.689384047	-121.823913093
76.000000000	39.689394898	-121.823901562
77.000000000	39.689395133	-121.823901213
78.000000000	39.689405560	-121.823887747
79.000000000	39.689401355	-121.823891063
80.000000000	39.689396858	-121.823894387
81.000000000	39.689393602	-121.823896442
82.000000000	39.689399805	-121.823889873
83.000000000	39.689414443	-121.823870008
84.000000000	39.689417727	-121.823857115
85.000000000	39.689418597	-121.823841622
86.000000000	39.689420838	-121.823826997
87.000000000	39.689426795	-121.823814928
88.000000000	39.689434225	-121.823804467
89.000000000	39.689442947	-121.823795595
90.000000000	39.689452428	-121.823787783
91.000000000	39.689462713	-121.823780635
92.000000000	39.689472995	-121.823773448
93.000000000	39.689481450	-121.823762350
94.000000000	39.689487888	-121.823752347
95.000000000	39.689498678	-121.823747500
96.000000000	39.689508917	-121.823738607
97.000000000	39.689512168	-121.823722612
98.000000000	39.689528750	-121.823717218
99.000000000	39.689540107	-121.823711437
100.000000000	39.689551812	-121.823706730
101.000000000	39.689563662	-121.823706070
102.000000000	39.689575257	-121.823709083
103.000000000	39.689585293	-121.823717447
104.000000000	39.689594405	-121.823726853
105.000000000	39.689603110	-121.823737133
106.000000000	39.689613335	-121.823745765
107.000000000	39.689624805	-121.823751652
108.000000000	39.689636120	-121.823757973
109.000000000	39.689646663	-121.823765450
110.000000000	39.689655877	-121.823775505
111.000000000	39.689664043	-121.823787105
112.000000000	39.689669028	-121.823800028
113.000000000	39.689675198	-121.823814462
114.000000000	39.689684915	-121.823826632
115.000000000	39.689696085	-121.823835618
116.000000000	39.689708112	-121.823841745
117.000000000	39.689719907	-121.823848462
118.000000000	39.689730212	-121.823856490
119.000000000	39.689732793	-121.823855575
120.000000000	39.689739517	-121.823865703
121.000000000	39.689744333	-121.823878952
122.000000000	39.689746172	-121.823895580
123.000000000	39.689746002	-121.823910782
124.000000000	39.689746770	-121.823920923
125.000000000	39.689756257	-121.823937340
126.000000000	39.689767075	-121.823950892
127.000000000	39.689774045	-121.823962720
128.000000000	39.689777120	-121.823974132
129.000000000	39.689780768	-121.823978105
130.000000000	39.689785073	-121.823981407
131.000000000	39.689796987	-121.824006075
132.000000000	39.689808523	-121.824019303
133.000000000	39.689821380	-121.824026085
134.000000000	39.689834842	-121.824029452
135.000000000	39.689848065	-121.824027983
136.000000000	39.689860720	-121.824026365
137.000000000	39.689872817	-121.824029522
138.000000000	39.689885152	-121.824029735
139.000000000	39.689896192	-121.824024090
140.000000000	39.689904440	-121.824013632
141.000000000	39.689909370	-121.824001047
142.000000000	39.689910337	-121.823985177
143.000000000	39.689908390	-121.823969927
144.000000000	39.689907478	-121.823954272
145.000000000	39.689904397	-121.823939152
146.000000000	39.689897418	-121.823926983
147.000000000	39.689887112	-121.823918338
148.000000000	39.689875157	-121.823914037
149.000000000	39.689863747	-121.823913647
150.000000000	39.689851567	-121.823918295
151.000000000	39.689841158	-121.823927523
152.000000000	39.689833490	-121.823940193
153.000000000	39.689828842	-121.823954950
154.000000000	39.689827343	-121.823971217
155.000000000	39.689830062	-121.823987567
156.000000000	39.689835702	-121.824001838
157.000000000	39.689843297	-121.824014347
158.000000000	39.689853177	-121.824024308
159.000000000	39.689863617	-121.824033005
160.000000000	39.689876470	-121.824037992
161.000000000	39.689888103	-121.824042668
162.000000000	39.689897120	-121.824051153
163.000000000	39.689905995	-121.824061220
164.000000000	39.689912125	-121.824074153
165.000000000	39.689921642	-121.824084567
166.000000000	39.689933078	-121.824092130
167.000000000	39.689946590	-121.824096192
168.000000000	39.689954558	-121.824104065
169.000000000	39.689964180	-121.824114510
170.000000000	39.689976463	-121.824126673
171.000000000	39.689988597	-121.824124443
172.000000000	39.689993797	-121.824134485
173.000000000	39.690001063	-121.824146842
174.000000000	39.690005327	-121.824161233
175.000000000	39.690008638	-121.824176280
176.000000000	39.690015045	-121.824190195
177.000000000	39.690024610	-121.824201625
178.000000000	39.690034885	-121.824209098
179.000000000	39.690043663	-121.824218467
180.000000000	39.690052638	-121.824230085
181.000000000	39.690062912	-121.824237617
182.000000000	39.690076147	-121.824241112
183.000000000	39.690087790	-121.824243670
184.000000000	39.690099520	-121.824248282
185.000000000	39.690108338	-121.824258155
186.000000000	39.690117103	-121.824268120
187.000000000	39.690125192	-121.824279137
188.000000000	39.690134802	-121.824288613
189.000000000	39.690144715	-121.824297918
190.000000000	39.690154872	-121.824306735
191.000000000	39.690165257	-121.824315017
192.000000000	39.690176185	-121.824322410
193.000000000	39.690186200	-121.824331173
194.000000000	39.690194918	-121.824341763
195.000000000	39.690203712	-121.824352372
196.000000000	39.690213570	-121.824361662
197.000000000	39.690225360	-121.824367457
198.000000000	39.690237630	-121.824370707
199.000000000	39.690250398	-121.824372058
200.000000000	39.690261298	-121.824378562
201.000000000	39.690271420	-121.824386818
202.000000000	39.690280057	-121.824397138
203.000000000	39.690287825	-121.824408537
204.000000000	39.690296208	-121.824419627
205.000000000	39.690306282	-121.824429072
206.000000000	39.690317522	-121.824436485
207.000000000	39.690328905	-121.824443107
208.000000000	39.690338443	-121.824452802
209.000000000	39.690346825	-121.824463608
210.000000000	39.690354287	-121.824475433
211.000000000	39.690361625	-121.824487693
212.000000000	39.690371900	-121.824497237
213.000000000	39.690383260	-121.824504390
214.000000000	39.690395282	-121.824509598
215.000000000	39.690407563	-121.824513365
216.000000000	39.690418245	-121.824521167
217.000000000	39.690426780	-121.824531990
218.000000000	39.690432772	-121.824545317
219.000000000	39.690438482	-121.824558588
220.000000000	39.690447470	-121.824569890
221.000000000	39.690459655	-121.824576558
222.000000000	39.690473167	-121.824577793
223.000000000	39.690486045	-121.824575965
224.000000000	39.690498330	-121.824571318
225.000000000	39.690509985	-121.824564468
226.000000000	39.690521990	-121.824561645
227.000000000	39.690533972	-121.824561422
228.000000000	39.690545653	-121.824563758
229.000000000	39.690557343	-121.824567337
230.000000000	39.690569583	-121.824568867
231.000000000	39.690582065	-121.824568878
232.000000000	39.690594508	-121.824565195
233.000000000	39.690606310	-121.824560185
234.000000000	39.690618352	-121.824558992
235.000000000	39.690630195	-121.824560123
236.000000000	39.690641713	-121.824563670
237.000000000	39.690653207	-121.824568175
238.000000000	39.690665630	-121.824568233
239.000000000	39.690678058	-121.824565780
240.000000000	39.690690190	-121.824562322
241.000000000	39.690702227	-121.824559812
242.000000000	39.690714338	-121.824561543
243.000000000	39.690726142	-121.824565097
244.000000000	39.690737705	-121.824570017
245.000000000	39.690749197	-121.824575155
246.000000000	39.690761785	-121.824575358
247.000000000	39.690773952	-121.824572068
248.000000000	39.690785520	-121.824566665
249.000000000	39.690795093	-121.824556070
250.000000000	39.690801787	-121.824542085
251.000000000	39.690805308	-121.824526615
252.000000000	39.690805903	-121.824510612
253.000000000	39.690804212	-121.824494567
254.000000000	39.690800602	-121.824479380
255.000000000	39.690795932	-121.824465037
256.000000000	39.690794547	-121.824450018
257.000000000	39.690795108	-121.824435170
258.000000000	39.690797565	-121.824420768
259.000000000	39.690800937	-121.824406237
260.000000000	39.690801890	-121.824390485
261.000000000	39.690799320	-121.824374913
262.000000000	39.690792645	-121.824361587
263.000000000	39.690783057	-121.824351455
264.000000000	39.690771338	-121.824345108
265.000000000	39.690759032	-121.824343143
266.000000000	39.690746518	-121.824345330
267.000000000	39.690734477	-121.824350487
268.000000000	39.690723168	-121.824357143
269.000000000	39.690712578	-121.824364458
270.000000000	39.690701483	-121.824367300
271.000000000	39.690689840	-121.824367930
272.000000000	39.690678518	-121.824366253
273.000000000	39.690667012	-121.824363713
274.000000000	39.690654953	-121.824363898
275.000000000	39.690642983	-121.824367307
276.000000000	39.690631528	-121.824373098
277.000000000	39.690622873	-121.824376437
278.000000000	39.690612150	-121.824377192
279.000000000	39.690600493	-121.824381743
280.000000000	39.690588790	-121.824384947
281.000000000	39.690577278	-121.824384332
282.000000000	39.690566050	-121.824381027
283.000000000	39.690554855	-121.824376627
284.000000000	39.690542942	-121.824374290
285.000000000	39.690530650	-121.824373357
286.000000000	39.690518438	-121.824376723
287.000000000	39.690506802	-121.824381663
288.000000000	39.690495165	-121.824381763
289.000000000	39.690484932	-121.824376198
290.000000000	39.690476097	-121.824367330
291.000000000	39.690468955	-121.824355828
292.000000000	39.690464098	-121.824342698
293.000000000	39.690461327	-121.824328195
294.000000000	39.690460872	-121.824313365
295.000000000	39.690462333	-121.824298613
296.000000000	39.690465353	-121.824284528
297.000000000	39.690469823	-121.824270492
298.000000000	39.690474630	-121.824256418
299.000000000	39.690479683	-121.824242392
300.000000000	39.690481570	-121.824226627
301.000000000	39.690482545	-121.824210903
302.000000000	39.690484483	-121.824195673
303.000000000	39.690489078	-121.824181612
304.000000000	39.690496762	-121.824170790
305.000000000	39.690506055	-121.824162595
306.000000000	39.690516628	-121.824156948
307.000000000	39.690527912	-121.824153923
308.000000000	39.690538770	-121.824152647
309.000000000	39.690546962	-121.824150685
310.000000000	39.690552178	-121.824150305
311.000000000	39.690555288	-121.824149687
312.000000000	39.690559858	-121.824149057
313.000000000	39.690563817	-121.824149870
314.000000000	39.690571643	-121.824150542
315.000000000	39.690582515	-121.824155868
316.000000000	39.690594307	-121.824159267
317.000000000	39.690606595	-121.824160832
318.000000000	39.690618973	-121.824157810
319.000000000	39.690630783	-121.824153037
320.000000000	39.690642805	-121.824151683
321.000000000	39.690654375	-121.824153078
322.000000000	39.690664368	-121.824159828
323.000000000	39.690674943	-121.824166623
324.000000000	39.690686945	-121.824169702
325.000000000	39.690699102	-121.824168527
326.000000000	39.690710900	-121.824164083
327.000000000	39.690722252	-121.824157737
328.000000000	39.690733697	-121.824155083
329.000000000	39.690745492	-121.824155145
330.000000000	39.690756813	-121.824158025
331.000000000	39.690768213	-121.824162163
332.000000000	39.690780093	-121.824164257
333.000000000	39.690792188	-121.824164790
334.000000000	39.690804307	-121.824161785
335.000000000	39.690814527	-121.824160170
336.000000000	39.690826148	-121.824162243
337.000000000	39.690837895	-121.824164583
338.000000000	39.690849977	-121.824165317
339.000000000	39.690861970	-121.824165902
340.000000000	39.690873920	-121.824166060
341.000000000	39.690885800	-121.824165813
342.000000000	39.690897597	-121.824166388
343.000000000	39.690909155	-121.824166848
344.000000000	39.690920343	-121.824162128
345.000000000	39.690930055	-121.824159485
346.000000000	39.690934460	-121.824158350
347.000000000	39.690934848	-121.824158252
348.000000000	39.690934422	-121.824158338
349.000000000	39.690934168	-121.824158420
350.000000000	39.690934117	-121.824158468
351.000000000	39.690934092	-121.824158425
352.000000000	39.690934107	-121.824158392
353.000000000	39.690934125	-121.824158310
354.000000000	39.690934102	-121.824158225
355.000000000	39.690934078	-121.824158132
356.000000000	39.690934037	-121.824157997
357.000000000	39.690933973	-121.824157785
358.000000000	39.690934037	-121.824157657
359.000000000	39.690934012	-121.824157582
