0.000000000	39.690756340	-121.824727705	0.000000000
1.000000000	39.690756340	-121.824727705	0.000000000
2.000000000	39.690756623	-121.824734590	1.000000000
3.000000000	39.690756650	-121.824734675	1.000000000
4.000000000	39.690756625	-121.824734730	1.000000000
5.000000000	39.690756620	-121.824734842	1.000000000
6.000000000	39.690756642	-121.824734877	1.000000000
7.000000000	39.690756667	-121.824734983	1.000000000
8.000000000	39.690756668	-121.824735077	0.000000000
9.000000000	39.690756627	-121.824734932	0.000000000
10.000000000	39.690756657	-121.824735115	0.000000000
11.000000000	39.690756697	-121.824735287	1.000000000
12.000000000	39.690756725	-121.824735367	1.000000000
13.000000000	39.690756712	-121.824735443	1.000000000
14.000000000	39.690756670	-121.824735568	1.000000000
15.000000000	39.690756688	-121.824735572	1.000000000
16.000000000	39.690756705	-121.824735672	1.000000000
17.000000000	39.690756587	-121.824735793	1.000000000
18.000000000	39.690756795	-121.824736142	0.000000000
19.000000000	39.690756845	-121.824736318	0.000000000
20.000000000	39.690756848	-121.824736383	0.000000000
21.000000000	39.690756845	-121.824736332	0.000000000
22.000000000	39.690757017	-121.824736455	0.000000000
23.000000000	39.690757017	-121.824736328	0.000000000
24.000000000	39.690756978	-121.824736292	0.000000000
25.000000000	39.690756947	-121.824736162	0.000000000
26.000000000	39.690756317	-121.824737297	0.000000000
27.000000000	39.690752230	-121.824741295	1.000000000
28.000000000	39.690747170	-121.824745415	1.000000000
29.000000000	39.690738725	-121.824748457	1.000000000
30.000000000	39.690727852	-121.824746742	0.000000000
31.000000000	39.690718232	-121.824738403	0.000000000
32.000000000	39.690709040	-121.824719943	0.000000000
33.000000000	39.690698270	-121.824695203	0.000000000
34.000000000	39.690686865	-121.824669523	0.000000000
35.000000000	39.690676297	-121.824643400	0.000000000
36.000000000	39.690666525	-121.824617057	0.000000000
37.000000000	39.690655020	-121.824590997	0.000000000
38.000000000	39.690635702	-121.824574893	0.000000000
39.000000000	39.690615458	-121.824561972	0.000000000
40.000000000	39.690596092	-121.824546768	0.000000000
41.000000000	39.690576898	-121.824530918	1.000000000
42.000000000	39.690558372	-121.824513892	1.000000000
43.000000000	39.690540098	-121.824496048	1.000000000
44.000000000	39.690522442	-121.824477407	1.000000000
45.000000000	39.690505178	-121.824458008	1.000000000
46.000000000	39.690488293	-121.824437970	1.000000000
47.000000000	39.690472085	-121.824417105	1.000000000
48.000000000	39.690456315	-121.824395512	1.000000000
49.000000000	39.690451282	-121.824382105	0.000000000
50.000000000	39.690435877	-121.824358435	0.000000000
51.000000000	39.690422800	-121.824334452	0.000000000
