0.000000000	39.690455672	-121.824462702	0.000000000
1.000000000	39.690448838	-121.824442893	1.000000000
2.000000000	39.690449175	-121.824443215	1.000000000
3.000000000	39.690449400	-121.824443683	1.000000000
4.000000000	39.690449700	-121.824444105	1.000000000
5.000000000	39.690450140	-121.824444650	1.000000000
6.000000000	39.690450617	-121.824445153	1.000000000
7.000000000	39.690451133	-121.824445530	1.000000000
8.000000000	39.690451563	-121.824445968	1.000000000
9.000000000	39.690452030	-121.824446368	1.000000000
10.000000000	39.690452828	-121.824447135	1.000000000
11.000000000	39.690453182	-121.824447647	1.000000000
12.000000000	39.690453408	-121.824447885	1.000000000
13.000000000	39.690453622	-121.824448275	1.000000000
14.000000000	39.690453915	-121.824448520	1.000000000
15.000000000	39.690453987	-121.824448717	1.000000000
16.000000000	39.690454302	-121.824449202	1.000000000
17.000000000	39.690454577	-121.824449465	1.000000000
18.000000000	39.690454865	-121.824449652	1.000000000
19.000000000	39.690455325	-121.824450110	1.000000000
20.000000000	39.690455772	-121.824450450	1.000000000
21.000000000	39.690455898	-121.824450740	0.000000000
22.000000000	39.690456095	-121.824450993	0.000000000
23.000000000	39.690456310	-121.824451267	0.000000000
24.000000000	39.690455880	-121.824451075	0.000000000
25.000000000	39.690444337	-121.824454000	0.000000000
26.000000000	39.690432705	-121.824456188	0.000000000
27.000000000	39.690423468	-121.824455782	0.000000000
28.000000000	39.690413812	-121.824448683	0.000000000
29.000000000	39.690405743	-121.824438813	0.000000000
30.000000000	39.690399985	-121.824426492	0.000000000
31.000000000	39.690397012	-121.824412447	0.000000000
32.000000000	39.690397110	-121.824397755	0.000000000
33.000000000	39.690400180	-121.824383793	0.000000000
34.000000000	39.690404058	-121.824369763	0.000000000
35.000000000	39.690412640	-121.824359935	0.000000000
36.000000000	39.690422902	-121.824353855	0.000000000
37.000000000	39.690434372	-121.824351622	0.000000000
38.000000000	39.690446075	-121.824353473	0.000000000
39.000000000	39.690457247	-121.824359515	0.000000000
40.000000000	39.690466588	-121.824368430	0.000000000
41.000000000	39.690473818	-121.824379970	0.000000000
42.000000000	39.690478852	-121.824393507	0.000000000
43.000000000	39.690480798	-121.824407758	0.000000000
44.000000000	39.690479690	-121.824422153	0.000000000
45.000000000	39.690475810	-121.824435815	0.000000000
46.000000000	39.690469263	-121.824447727	0.000000000
47.000000000	39.690460555	-121.824456842	0.000000000
48.000000000	39.690449788	-121.824461748	0.000000000
49.000000000	39.690438650	-121.824463615	0.000000000
50.000000000	39.690428362	-121.824462567	0.000000000
51.000000000	39.690417632	-121.824456575	0.000000000
52.000000000	39.690408650	-121.824448073	1.000000000
53.000000000	39.690400853	-121.824439012	0.000000000
54.000000000	39.690389022	-121.824431958	0.000000000
55.000000000	39.690379203	-121.824424262	1.000000000
56.000000000	39.690371187	-121.824414880	0.000000000
57.000000000	39.690360112	-121.824407518	1.000000000
58.000000000	39.690352158	-121.824400372	0.000000000
59.000000000	39.690347508	-121.824395890	1.000000000
60.000000000	39.690341630	-121.824385260	1.000000000
61.000000000	39.690338493	-121.824371638	1.000000000
62.000000000	39.690337935	-121.824357065	0.000000000
63.000000000	39.690340413	-121.824342450	0.000000000
64.000000000	39.690345597	-121.824329655	0.000000000
65.000000000	39.690353312	-121.824318700	0.000000000
66.000000000	39.690362908	-121.824310408	0.000000000
67.000000000	39.690373912	-121.824305015	0.000000000
68.000000000	39.690385355	-121.824303178	0.000000000
69.000000000	39.690397570	-121.824304950	0.000000000
70.000000000	39.690408670	-121.824309143	0.000000000
71.000000000	39.690418847	-121.824316588	0.000000000
72.000000000	39.690427495	-121.824326408	0.000000000
73.000000000	39.690434805	-121.824338105	0.000000000
74.000000000	39.690440193	-121.824351452	0.000000000
75.000000000	39.690443852	-121.824365880	0.000000000
76.000000000	39.690445415	-121.824379995	0.000000000
77.000000000	39.690445440	-121.824389722	0.000000000
78.000000000	39.690445198	-121.824393957	0.000000000
79.000000000	39.690445427	-121.824394555	0.000000000
80.000000000	39.690472788	-121.824394925	0.000000000
81.000000000	39.690458550	-121.824400863	0.000000000
82.000000000	39.690473133	-121.824394998	0.000000000
83.000000000	39.690473893	-121.824395002	0.000000000
84.000000000	39.690473900	-121.824395138	0.000000000
85.000000000	39.690474303	-121.824395445	0.000000000
86.000000000	39.690473833	-121.824395607	0.000000000
87.000000000	39.690474093	-121.824395668	0.000000000
88.000000000	39.690472638	-121.824387302	0.000000000
89.000000000	39.690472920	-121.824388332	0.000000000
90.000000000	39.690473640	-121.824388180	0.000000000
91.000000000	39.690473820	-121.824387223	0.000000000
92.000000000	39.690474932	-121.824387960	0.000000000
93.000000000	39.690475182	-121.824388055	0.000000000
94.000000000	39.690475430	-121.824388013	0.000000000
95.000000000	39.690475342	-121.824388038	0.000000000
96.000000000	39.690480607	-121.824387823	1.000000000
97.000000000	39.690479747	-121.824388110	0.000000000
98.000000000	39.690479897	-121.824388903	1.000000000
99.000000000	39.690479710	-121.824389310	0.000000000
100.000000000	39.690476327	-121.824369260	1.000000000
101.000000000	39.690476292	-121.824371258	1.000000000
102.000000000	39.690478600	-121.824388405	1.000000000
103.000000000	39.690479522	-121.824392063	1.000000000
104.000000000	39.690479623	-121.824393847	1.000000000
105.000000000	39.690479572	-121.824394635	1.000000000
106.000000000	39.690479250	-121.824394398	1.000000000
107.000000000	39.690479440	-121.824384872	1.000000000
108.000000000	39.690461440	-121.824383085	1.000000000
109.000000000	39.690463165	-121.824385362	1.000000000
110.000000000	39.690464567	-121.824378430	1.000000000
111.000000000	39.690438843	-121.824407873	1.000000000
112.000000000	39.690453488	-121.824398572	1.000000000
113.000000000	39.690457653	-121.824392220	1.000000000
114.000000000	39.690461715	-121.824370928	1.000000000
115.000000000	39.690459592	-121.824371690	1.000000000
116.000000000	39.690458017	-121.824376768	1.000000000
117.000000000	39.690456330	-121.824379422	1.000000000
118.000000000	39.690455553	-121.824380883	1.000000000
119.000000000	39.690455148	-121.824381705	1.000000000
120.000000000	39.690454923	-121.824382462	1.000000000
121.000000000	39.690454817	-121.824382395	1.000000000
122.000000000	39.690454907	-121.824381860	1.000000000
123.000000000	39.690455107	-121.824382420	1.000000000
124.000000000	39.690456738	-121.824401118	1.000000000
125.000000000	39.690456930	-121.824401270	1.000000000
126.000000000	39.690457667	-121.824399762	1.000000000
127.000000000	39.690458522	-121.824397953	0.000000000
128.000000000	39.690459257	-121.824396210	0.000000000
129.000000000	39.690459842	-121.824394812	0.000000000
130.000000000	39.690460300	-121.824395035	0.000000000
131.000000000	39.690467083	-121.824408023	0.000000000
132.000000000	39.690475777	-121.824416963	0.000000000
133.000000000	39.690488278	-121.824421802	0.000000000
134.000000000	39.690498752	-121.824428413	0.000000000
135.000000000	39.690507727	-121.824438152	0.000000000
136.000000000	39.690515808	-121.824449202	0.000000000
137.000000000	39.690523387	-121.824461580	0.000000000
138.000000000	39.690532985	-121.824472145	0.000000000
139.000000000	39.690542615	-121.824481687	0.000000000
140.000000000	39.690552903	-121.824490210	0.000000000
141.000000000	39.690563048	-121.824498285	0.000000000
142.000000000	39.690571780	-121.824508618	0.000000000
143.000000000	39.690579878	-121.824519722	0.000000000
144.000000000	39.690587365	-121.824531733	0.000000000
145.000000000	39.690594972	-121.824543675	0.000000000
146.000000000	39.690604285	-121.824554245	0.000000000
147.000000000	39.690615163	-121.824562470	0.000000000
148.000000000	39.690625792	-121.824570522	0.000000000
149.000000000	39.690636082	-121.824578427	0.000000000
150.000000000	39.690644898	-121.824589007	0.000000000
151.000000000	39.690653105	-121.824600562	0.000000000
152.000000000	39.690660732	-121.824612798	0.000000000
153.000000000	39.690668588	-121.824624600	0.000000000
154.000000000	39.690679298	-121.824632685	0.000000000
155.000000000	39.690691292	-121.824637925	0.000000000
156.000000000	39.690703390	-121.824642097	0.000000000
157.000000000	39.690714988	-121.824647118	0.000000000
158.000000000	39.690727372	-121.824649277	0.000000000
159.000000000	39.690739338	-121.824644288	0.000000000
160.000000000	39.690749300	-121.824634995	0.000000000
161.000000000	39.690757315	-121.824622433	0.000000000
162.000000000	39.690762700	-121.824608032	0.000000000
163.000000000	39.690765137	-121.824592393	0.000000000
164.000000000	39.690765945	-121.824576772	0.000000000
165.000000000	39.690765147	-121.824561323	0.000000000
166.000000000	39.690766930	-121.824546748	0.000000000
167.000000000	39.690770973	-121.824533142	0.000000000
168.000000000	39.690776778	-121.824520673	0.000000000
169.000000000	39.690783428	-121.824508722	0.000000000
170.000000000	39.690787553	-121.824493970	1.000000000
171.000000000	39.690790515	-121.824479000	1.000000000
172.000000000	39.690796538	-121.824466317	0.000000000
173.000000000	39.690806050	-121.824459575	0.000000000
174.000000000	39.690815585	-121.824451098	0.000000000
175.000000000	39.690822688	-121.824438070	0.000000000
176.000000000	39.690826558	-121.824423075	0.000000000
177.000000000	39.690827967	-121.824407120	0.000000000
178.000000000	39.690827068	-121.824391197	0.000000000
179.000000000	39.690824048	-121.824375862	0.000000000
180.000000000	39.690818318	-121.824361925	0.000000000
181.000000000	39.690810325	-121.824349670	0.000000000
182.000000000	39.690800762	-121.824339078	0.000000000
183.000000000	39.690790568	-121.824330252	0.000000000
184.000000000	39.690781490	-121.824320068	0.000000000
185.000000000	39.690772545	-121.824309790	0.000000000
186.000000000	39.690763677	-121.824299418	0.000000000
187.000000000	39.690754778	-121.824289047	0.000000000
188.000000000	39.690746917	-121.824278332	0.000000000
189.000000000	39.690737620	-121.824268272	0.000000000
190.000000000	39.690727262	-121.824260087	0.000000000
191.000000000	39.690716447	-121.824252722	1.000000000
192.000000000	39.690709458	-121.824245165	1.000000000
193.000000000	39.690703917	-121.824240045	1.000000000
194.000000000	39.690700520	-121.824236757	1.000000000
195.000000000	39.690698832	-121.824234955	1.000000000
196.000000000	39.690695235	-121.824226667	1.000000000
197.000000000	39.690692695	-121.824214247	0.000000000
198.000000000	39.690688315	-121.824201555	0.000000000
199.000000000	39.690679838	-121.824189708	0.000000000
200.000000000	39.690668825	-121.824181263	0.000000000
201.000000000	39.690657498	-121.824175297	0.000000000
202.000000000	39.690645505	-121.824171957	0.000000000
203.000000000	39.690633237	-121.824170493	0.000000000
204.000000000	39.690621593	-121.824166760	0.000000000
205.000000000	39.690610277	-121.824162162	0.000000000
206.000000000	39.690599808	-121.824155780	1.000000000
207.000000000	39.690587678	-121.824154108	0.000000000
208.000000000	39.690576150	-121.824158168	0.000000000
209.000000000	39.690565350	-121.824165123	0.000000000
210.000000000	39.690555615	-121.824174803	0.000000000
211.000000000	39.690547872	-121.824186905	0.000000000
212.000000000	39.690541767	-121.824200533	0.000000000
213.000000000	39.690537293	-121.824215063	0.000000000
214.000000000	39.690533650	-121.824229763	0.000000000
215.000000000	39.690530392	-121.824244652	0.000000000
216.000000000	39.690523755	-121.824256822	0.000000000
217.000000000	39.690515308	-121.824266852	0.000000000
218.000000000	39.690507570	-121.824278582	0.000000000
219.000000000	39.690500257	-121.824290820	0.000000000
220.000000000	39.690495188	-121.824305522	0.000000000
221.000000000	39.690491190	-121.824320095	0.000000000
222.000000000	39.690485693	-121.824333788	0.000000000
223.000000000	39.690482068	-121.824348823	0.000000000
224.000000000	39.690477693	-121.824363753	0.000000000
225.000000000	39.690486220	-121.824378103	0.000000000
226.000000000	39.690414607	-121.824318532	0.000000000
227.000000000	39.690462178	-121.824392463	0.000000000
228.000000000	39.690453418	-121.824403088	0.000000000
229.000000000	39.690444920	-121.824412882	0.000000000
230.000000000	39.690438462	-121.824418698	0.000000000
231.000000000	39.690434562	-121.824422192	0.000000000
232.000000000	39.690432577	-121.824424025	0.000000000
233.000000000	39.690432135	-121.824424238	0.000000000
234.000000000	39.690428690	-121.824424400	0.000000000
235.000000000	39.690427162	-121.824423738	0.000000000
236.000000000	39.690428042	-121.824424085	0.000000000
