0.000000000	39.689680000	-121.823794000
1.000000000	39.689680000	-121.823794000
2.000000000	39.689680000	-121.823794000
3.000000000	39.689680000	-121.823794000
4.000000000	39.689680000	-121.823794000
5.000000000	39.689680000	-121.823794000
6.000000000	39.689680000	-121.823794000
7.000000000	39.689680000	-121.823794000
8.000000000	39.689680000	-121.823794000
9.000000000	39.689680000	-121.823794000
10.000000000	39.689680000	-121.823794000
11.000000000	39.689680000	-121.823794000
12.000000000	39.689680000	-121.823794000
13.000000000	39.689680000	-121.823794000
14.000000000	39.689680000	-121.823794000
15.000000000	39.689680000	-121.823794000
16.000000000	39.689680000	-121.823794000
17.000000000	39.689680000	-121.823794000
18.000000000	39.689680000	-121.823794000
19.000000000	39.689680000	-121.823794000
20.000000000	39.689680000	-121.823794000
21.000000000	39.689680000	-121.823794000
22.000000000	39.689680000	-121.823794000
23.000000000	39.689680000	-121.823794000
24.000000000	39.689680000	-121.823794000
25.000000000	39.689680000	-121.823794000
26.000000000	39.689680000	-121.823794000
27.000000000	39.689680000	-121.823794000
28.000000000	39.689680000	-121.823794000
29.000000000	39.689680000	-121.823794000
30.000000000	39.689680000	-121.823794000
31.000000000	39.689680000	-121.823794000
32.000000000	39.689680000	-121.823794000
33.000000000	39.689680000	-121.823794000
34.000000000	39.689680000	-121.823794000
35.000000000	39.689680000	-121.823794000
36.000000000	39.689434000	-121.823794000
37.000000000	39.689434000	-121.823794000
38.000000000	39.689434000	-121.823841000
39.000000000	39.689434000	-121.823841000
40.000000000	39.689434000	-121.823841000
41.000000000	39.689434000	-121.823841000
42.000000000	39.689434000	-121.823841000
43.000000000	39.689434000	-121.823841000
44.000000000	39.689434000	-121.823841000
45.000000000	39.689434000	-121.823841000
46.000000000	39.689434000	-121.823841000
47.000000000	39.689434000	-121.823841000
48.000000000	39.689434000	-121.823841000
49.000000000	39.689434000	-121.823841000
50.000000000	39.689434000	-121.823841000
51.000000000	39.689434000	-121.823841000
52.000000000	39.689434000	-121.823841000
53.000000000	39.689434000	-121.823841000
54.000000000	39.689434000	-121.823841000
55.000000000	39.689434000	-121.823841000
56.000000000	39.689434000	-121.823841000
57.000000000	39.689434000	-121.823841000
58.000000000	39.689434000	-121.823841000
59.000000000	39.689434000	-121.823841000
60.000000000	39.689434000	-121.823841000
61.000000000	39.689434000	-121.823841000
62.000000000	39.689434000	-121.823841000
63.000000000	-121.823841000	-121.823841000
64.000000000	-121.823841000	-121.823841000
65.000000000	-121.823841000	-121.823841000
66.000000000	-121.823841000	-121.823841000
67.000000000	0.396895480	-121.823841000
68.000000000	0.396895480	-121.823841000
69.000000000	0.396895480	-121.823841000
70.000000000	0.396895480	-121.823841000
71.000000000	0.396895480	-121.823717000
72.000000000	0.396895480	-121.823717000
73.000000000	0.396895480	-121.823717000
74.000000000	0.396895480	-121.823717000
75.000000000	0.396895480	-121.823717000
76.000000000	0.396895480	-121.823717000
77.000000000	0.396895480	-121.823717000
78.000000000	0.396895480	-121.823717000
79.000000000	0.396895480	-121.823717000
80.000000000	0.396895480	-121.823717000
81.000000000	0.396895480	-121.823717000
82.000000000	0.396895480	-121.823717000
83.000000000	0.396895480	-121.823717000
84.000000000	0.396895480	-121.823717000
85.000000000	0.396895480	-121.823717000
86.000000000	0.396895480	-121.823717000
87.000000000	0.396895480	-121.823717000
88.000000000	0.396895480	-121.823717000
89.000000000	0.396895480	-121.823717000
90.000000000	0.396895480	-121.823717000
91.000000000	0.396895480	-121.823717000
92.000000000	0.396895480	-121.823717000
93.000000000	0.396895480	-121.823717000
94.000000000	0.396895480	-121.823717000
95.000000000	0.396895480	-121.823717000
96.000000000	0.396895480	-121.823717000
97.000000000	0.396895480	-121.823717000
98.000000000	0.396895480	-121.823717000
99.000000000	0.396895480	-121.823717000
100.000000000	0.396895480	-121.823717000
101.000000000	0.396895480	-121.823717000
102.000000000	0.396895480	-121.823717000
103.000000000	0.396895480	-121.823717000
104.000000000	0.396895480	-121.823717000
105.000000000	0.396895480	-121.823717000
106.000000000	0.396895480	-121.823717000
107.000000000	0.396895480	-121.823717000
108.000000000	0.396895480	-121.823717000
109.000000000	0.396895480	-121.823717000
110.000000000	0.396895480	-121.823717000
111.000000000	0.396895480	-121.823717000
112.000000000	0.396895480	-121.823717000
113.000000000	0.396895480	-121.823717000
114.000000000	0.396895480	-121.823717000
115.000000000	0.396895480	-121.823717000
116.000000000	0.396895480	-121.823717000
117.000000000	0.396895480	-121.823717000
118.000000000	0.396895480	-121.823717000
119.000000000	0.396895480	-121.823717000
120.000000000	0.396895480	-121.823717000
121.000000000	0.396895480	-121.823717000
122.000000000	0.396895480	-121.823717000
123.000000000	0.396895480	-121.823717000
124.000000000	0.396895480	-121.823717000
125.000000000	0.396895480	-121.823717000
126.000000000	0.396895480	-121.823717000
127.000000000	0.396895480	-121.823717000
128.000000000	0.396895480	-121.823717000
129.000000000	0.396895480	-121.823717000
130.000000000	0.396895480	-121.823717000
131.000000000	0.396895480	-121.823717000
132.000000000	0.396895480	-121.823717000
133.000000000	0.396895480	-121.823717000
134.000000000	0.396895480	-121.823717000
135.000000000	0.396895480	-121.823717000
136.000000000	0.396895480	-121.823717000
137.000000000	0.396895480	-121.823717000
138.000000000	0.396895480	-121.823717000
139.000000000	0.396895480	-121.823717000
140.000000000	0.396895480	-121.823717000
141.000000000	0.396895480	-121.823717000
142.000000000	0.396895480	-121.823717000
143.000000000	0.396895480	-121.823717000
144.000000000	0.396895480	-121.823717000
145.000000000	0.396895480	-121.823717000
146.000000000	0.396895480	-121.823717000
147.000000000	0.396895480	-121.823717000
148.000000000	0.396895480	-121.823717000
149.000000000	0.396895480	-121.823717000
150.000000000	0.396895480	-121.823717000
151.000000000	0.396895480	-121.823717000
152.000000000	0.396895480	-121.823717000
153.000000000	0.396895480	-121.823717000
154.000000000	0.396895480	-121.823717000
155.000000000	0.396895480	-121.823717000
156.000000000	0.396895480	-121.823717000
157.000000000	0.396895480	-121.823717000
158.000000000	39.689548000	-121.823717000
159.000000000	39.689548000	-121.823717000
160.000000000	39.689548000	-121.823717000
161.000000000	39.689548000	-121.823717000
162.000000000	39.689548000	-121.823717000
163.000000000	39.689548000	-121.823717000
164.000000000	39.689548000	-121.823717000
165.000000000	39.689548000	-121.823717000
166.000000000	39.689548000	-121.823717000
167.000000000	39.689548000	-121.823717000
168.000000000	39.689548000	-121.823717000
169.000000000	39.689548000	-121.823717000
170.000000000	39.689548000	-121.823717000
171.000000000	39.689548000	-121.823717000
172.000000000	39.689548000	-121.823717000
173.000000000	39.689548000	-121.823717000
174.000000000	39.689548000	-121.823717000
175.000000000	39.689548000	-121.823717000
176.000000000	39.689548000	-121.823717000
177.000000000	39.689548000	-121.823717000
178.000000000	39.689845000	-121.823717000
179.000000000	39.689845000	-121.823717000
180.000000000	39.689845000	-121.823717000
181.000000000	39.689845000	-121.823717000
182.000000000	39.689845000	-121.823717000
183.000000000	39.689845000	39.689845000
184.000000000	39.689845000	39.689845000
185.000000000	39.689845000	39.689845000
186.000000000	39.689845000	39.689845000
187.000000000	39.689845000	39.689845000
188.000000000	39.689845000	39.689845000
189.000000000	39.689845000	39.689845000
190.000000000	39.689845000	39.689845000
191.000000000	39.689845000	39.689845000
192.000000000	39.689845000	39.689845000
193.000000000	39.689845000	39.689845000
194.000000000	39.689845000	39.689845000
195.000000000	39.689845000	39.689845000
196.000000000	39.689845000	39.689845000
197.000000000	39.689845000	39.689845000
198.000000000	39.689845000	39.689845000
199.000000000	39.689845000	39.689845000
200.000000000	39.689845000	39.689845000
201.000000000	39.689845000	-121.823794000
202.000000000	39.689845000	-121.823794000
203.000000000	39.689845000	-121.823794000
204.000000000	39.689845000	-121.823794000
205.000000000	39.689680000	-121.823794000
206.000000000	39.689680000	-121.823794000
207.000000000	39.689680000	-121.823794000
208.000000000	39.689680000	-121.823794000
209.000000000	39.689680000	-121.823794000
210.000000000	39.689680000	-121.823794000
211.000000000	39.689680000	-121.823794000
212.000000000	39.689680000	-121.823794000
213.000000000	39.689680000	-121.823794000
214.000000000	39.689680000	-121.823794000
215.000000000	39.689680000	-121.823794000
216.000000000	39.689680000	-121.823794000
217.000000000	39.689845000	-121.823794000
218.000000000	39.689845000	-121.823794000
219.000000000	39.689845000	-121.823794000
220.000000000	39.689845000	-121.823794000
221.000000000	39.689845000	-121.823794000
222.000000000	39.689845000	-1.218239660
223.000000000	39.689845000	-1.218239660
224.000000000	39.689845000	-1.218239660
225.000000000	39.689845000	-1.218239660
226.000000000	39.689845000	-1.218239660
227.000000000	39.689845000	-1.218239660
228.000000000	39.689845000	-1.218239660
229.000000000	39.689845000	-1.218239660
230.000000000	39.689845000	-1.218239660
231.000000000	39.689983000	-1.218239660
232.000000000	39.689983000	-1.218239660
233.000000000	39.689983000	-1.218239660
234.000000000	39.689983000	-1.218239660
235.000000000	39.689983000	-1.218239660
236.000000000	39.689983000	-1.218239660
237.000000000	39.689983000	-1.218239660
238.000000000	39.689983000	-1.218239660
239.000000000	39.689983000	-1.218239660
240.000000000	39.689983000	-1.218239660
241.000000000	39.689983000	-1.218239660
242.000000000	39.689983000	-1.218239660
243.000000000	39.689983000	-1.218239660
244.000000000	39.689983000	-1.218239660
245.000000000	39.689983000	-121.824119000
246.000000000	39.689983000	-121.824119000
247.000000000	39.689983000	-121.824119000
248.000000000	39.689983000	-121.824119000
249.000000000	39.689983000	-121.824119000
250.000000000	39.689983000	-121.824119000
251.000000000	39.689983000	-121.824119000
252.000000000	39.689983000	-121.824119000
253.000000000	39.689983000	-121.824119000
254.000000000	39.689983000	-121.824119000
255.000000000	39.689983000	-121.824119000
256.000000000	39.689983000	-121.824119000
257.000000000	39.689983000	-121.824119000
258.000000000	39.689983000	-121.824119000
259.000000000	39.689983000	-121.824119000
260.000000000	39.689983000	-121.824119000
261.000000000	39.689983000	-121.824119000
262.000000000	39.689983000	-121.824119000
263.000000000	39.689983000	-121.824119000
264.000000000	39.689983000	-121.824119000
265.000000000	39.689983000	-121.824119000
266.000000000	39.689983000	-121.824119000
267.000000000	39.689983000	-121.824119000
268.000000000	39.689983000	-121.824119000
269.000000000	39.689983000	-121.824119000
270.000000000	39.689983000	-121.824119000
271.000000000	39.689983000	-121.824119000
272.000000000	39.689983000	-121.824119000
273.000000000	39.689983000	-121.824119000
274.000000000	39.689983000	-121.824119000
275.000000000	39.689983000	-121.824119000
276.000000000	39.689983000	-121.824119000
277.000000000	39.689983000	-121.824119000
278.000000000	39.689983000	-121.824119000
