0.000000000	39.690327000	-121.824280000	1.000000000
1.000000000	39.690327000	-121.824280000	1.000000000
2.000000000	39.690327000	-121.824280000	1.000000000
3.000000000	39.690327000	-121.824280000	1.000000000
4.000000000	39.690327000	-121.824280000	1.000000000
5.000000000	39.690327000	-121.824280000	1.000000000
6.000000000	39.690327000	-121.824280000	1.000000000
7.000000000	39.690327000	-121.824280000	1.000000000
8.000000000	39.690327000	-121.824280000	1.000000000
9.000000000	39.690327000	-121.824280000	1.000000000
10.000000000	39.690327000	-121.824280000	1.000000000
11.000000000	39.690327000	-121.824280000	1.000000000
0.000000000	39.690327000	-121.824280000	1.000000000
1.000000000	39.690327000	-121.824280000	1.000000000
2.000000000	39.689449817	-121.823850043	1.000000000
3.000000000	39.689451708	-121.823852928	1.000000000
4.000000000	39.689454047	-121.823855648	1.000000000
5.000000000	39.689455198	-121.823857727	1.000000000
6.000000000	39.689454308	-121.823858933	0.000000000
7.000000000	39.689454745	-121.823859952	0.000000000
8.000000000	39.689455732	-121.823860562	0.000000000
9.000000000	39.689456997	-121.823860908	0.000000000
10.000000000	39.689459075	-121.823861373	0.000000000
11.000000000	39.689460963	-121.823861367	0.000000000
12.000000000	39.689462402	-121.823861298	0.000000000
13.000000000	39.689462883	-121.823861133	0.000000000
14.000000000	39.689462578	-121.823861030	0.000000000
15.000000000	39.689461977	-121.823860772	1.000000000
16.000000000	39.689347757	-121.823852955	1.000000000
17.000000000	39.689361717	-121.823853452	1.000000000
18.000000000	39.689374302	-121.823853808	0.000000000
19.000000000	39.689439242	-121.823857948	0.000000000
20.000000000	39.689447260	-121.823858297	0.000000000
21.000000000	39.689454340	-121.823858725	0.000000000
22.000000000	39.689456878	-121.823858963	0.000000000
23.000000000	39.689457225	-121.823859208	0.000000000
24.000000000	39.689457583	-121.823859468	0.000000000
25.000000000	39.689459287	-121.823859730	0.000000000
26.000000000	39.689459665	-121.823860095	0.000000000
27.000000000	39.689458160	-121.823860293	0.000000000
28.000000000	39.689455180	-121.823859898	0.000000000
29.000000000	39.689451345	-121.823859157	0.000000000
30.000000000	39.689447807	-121.823858115	0.000000000
31.000000000	39.689443610	-121.823857215	0.000000000
32.000000000	39.689440313	-121.823856463	0.000000000
33.000000000	39.689438470	-121.823855775	0.000000000
34.000000000	39.689438420	-121.823855425	0.000000000
35.000000000	39.689440775	-121.823854990	0.000000000
36.000000000	39.689445783	-121.823854618	0.000000000
37.000000000	39.689453632	-121.823854635	0.000000000
38.000000000	39.689464672	-121.823854828	1.000000000
39.000000000	39.689476088	-121.823855055	0.000000000
40.000000000	39.689485818	-121.823855302	0.000000000
41.000000000	39.689493762	-121.823855573	0.000000000
42.000000000	39.689501455	-121.823856185	0.000000000
43.000000000	39.689507982	-121.823856643	0.000000000
44.000000000	39.689514002	-121.823857093	0.000000000
45.000000000	39.689519830	-121.823857723	0.000000000
46.000000000	39.689525477	-121.823858460	0.000000000
