0.000000000	39.691012290	-121.824162730
1.000000000	39.691011798	-121.824161698
2.000000000	39.691012000	-121.824161873
3.000000000	39.691026695	-121.824131792
4.000000000	39.691012778	-121.824162593
5.000000000	39.691013202	-121.824163078
6.000000000	39.691013355	-121.824163242
7.000000000	39.691015172	-121.824171512
8.000000000	39.691016337	-121.824193087
9.000000000	39.691009922	-121.824215365
10.000000000	39.690995032	-121.824230523
11.000000000	39.690975857	-121.824233627
12.000000000	39.690955615	-121.824231813
13.000000000	39.690933345	-121.824234838
14.000000000	39.690910807	-121.824240182
15.000000000	39.690889452	-121.824243863
16.000000000	39.690870338	-121.824236453
17.000000000	39.690849738	-121.824230700
18.000000000	39.690828525	-121.824227813
19.000000000	39.690807150	-121.824227352
20.000000000	39.690785808	-121.824229130
21.000000000	39.690764615	-121.824233155
22.000000000	39.690743855	-121.824239317
23.000000000	39.690723733	-121.824247362
24.000000000	39.690703983	-121.824257752
25.000000000	39.690683912	-121.824262978
26.000000000	39.690667052	-121.824254187
27.000000000	39.690648978	-121.824244045
28.000000000	39.690628897	-121.824237433
29.000000000	39.690608427	-121.824232820
30.000000000	39.690587743	-121.824230620
31.000000000	39.690567172	-121.824230632
32.000000000	39.690546622	-121.824233258
33.000000000	39.690526255	-121.824238087
34.000000000	39.690509995	-121.824243977
35.000000000	39.690498310	-121.824249110
36.000000000	39.690490438	-121.824253080
37.000000000	39.690485493	-121.824255865
38.000000000	39.690483038	-121.824257160
39.000000000	39.690482672	-121.824257422
40.000000000	39.690482678	-121.824257407
41.000000000	39.690482650	-121.824257408
42.000000000	39.690482658	-121.824257408
43.000000000	39.690482623	-121.824257390
44.000000000	39.690482652	-121.824257350
45.000000000	39.690482693	-121.824257323
46.000000000	39.690482733	-121.824257015
47.000000000	39.690482780	-121.824256647
48.000000000	39.690482785	-121.824256578
49.000000000	39.690482805	-121.824256518
50.000000000	39.690482805	-121.824256518
