0.000000000	39.690373085	-121.824244248	1.000000000
1.000000000	39.690373085	-121.824244248	1.000000000
2.000000000	39.690370405	-121.824247587	1.000000000
3.000000000	39.690370843	-121.824246582	1.000000000
4.000000000	39.690371338	-121.824245017	1.000000000
5.000000000	39.690371950	-121.824243063	0.000000000
6.000000000	39.690372718	-121.824241395	0.000000000
7.000000000	39.690373487	-121.824240048	0.000000000
8.000000000	39.690373650	-121.824239415	1.000000000
9.000000000	39.690374017	-121.824242233	1.000000000
10.000000000	39.690372765	-121.824235068	1.000000000
11.000000000	39.690370562	-121.824230442	0.000000000
12.000000000	39.690369457	-121.824225798	0.000000000
13.000000000	39.690369263	-121.824217073	0.000000000
14.000000000	39.690370980	-121.824209765	0.000000000
15.000000000	39.690374017	-121.824202338	0.000000000
16.000000000	39.690378073	-121.824195595	0.000000000
17.000000000	39.690383312	-121.824189993	0.000000000
18.000000000	39.690389488	-121.824185968	1.000000000
19.000000000	39.690396113	-121.824183613	0.000000000
20.000000000	39.690402522	-121.824183753	0.000000000
21.000000000	39.690409012	-121.824185238	0.000000000
22.000000000	39.690415010	-121.824188600	0.000000000
23.000000000	39.690420487	-121.824193117	0.000000000
24.000000000	39.690425387	-121.824198888	0.000000000
25.000000000	39.690429462	-121.824205525	0.000000000
26.000000000	39.690432515	-121.824212650	0.000000000
27.000000000	39.690434742	-121.824220678	0.000000000
28.000000000	39.690436132	-121.824229262	0.000000000
29.000000000	39.690436475	-121.824238045	0.000000000
30.000000000	39.690436032	-121.824246703	0.000000000
31.000000000	39.690435220	-121.824255307	0.000000000
32.000000000	39.690435465	-121.824264310	0.000000000
33.000000000	39.690435518	-121.824273248	0.000000000
34.000000000	39.690435498	-121.824282223	0.000000000
35.000000000	39.690435370	-121.824291225	0.000000000
36.000000000	39.690435115	-121.824300247	0.000000000
37.000000000	39.690434835	-121.824309252	0.000000000
38.000000000	39.690434408	-121.824318310	0.000000000
39.000000000	39.690434008	-121.824327215	0.000000000
40.000000000	39.690434002	-121.824336282	0.000000000
41.000000000	39.690434798	-121.824345625	0.000000000
42.000000000	39.690435423	-121.824354810	0.000000000
43.000000000	39.690435298	-121.824363913	0.000000000
44.000000000	39.690435160	-121.824373108	0.000000000
45.000000000	39.690434917	-121.824382158	0.000000000
46.000000000	39.690435215	-121.824391247	0.000000000
47.000000000	39.690437675	-121.824400537	0.000000000
48.000000000	39.690440713	-121.824408962	0.000000000
49.000000000	39.690444447	-121.824417050	0.000000000
50.000000000	39.690448795	-121.824424710	1.000000000
51.000000000	39.690453557	-121.824431955	0.000000000
52.000000000	39.690459433	-121.824437683	0.000000000
53.000000000	39.690465350	-121.824443190	0.000000000
54.000000000	39.690471057	-121.824448810	0.000000000
55.000000000	39.690475972	-121.824455182	0.000000000
56.000000000	39.690480987	-121.824461542	0.000000000
57.000000000	39.690485938	-121.824468115	0.000000000
58.000000000	39.690491203	-121.824474257	0.000000000
59.000000000	39.690497030	-121.824479723	0.000000000
60.000000000	39.690502722	-121.824485180	0.000000000
61.000000000	39.690508028	-121.824491085	0.000000000
62.000000000	39.690513328	-121.824497223	0.000000000
63.000000000	39.690518520	-121.824503472	0.000000000
64.000000000	39.690523730	-121.824509787	0.000000000
65.000000000	39.690528762	-121.824516207	0.000000000
66.000000000	39.690534168	-121.824522087	0.000000000
67.000000000	39.690540217	-121.824527280	0.000000000
68.000000000	39.690546092	-121.824532510	0.000000000
69.000000000	39.690551462	-121.824538308	0.000000000
70.000000000	39.690556822	-121.824544212	0.000000000
71.000000000	39.690562045	-121.824550235	0.000000000
72.000000000	39.690567588	-121.824555753	0.000000000
73.000000000	39.690573920	-121.824560383	0.000000000
74.000000000	39.690580090	-121.824565027	0.000000000
75.000000000	39.690585868	-121.824570120	0.000000000
76.000000000	39.690591623	-121.824575390	0.000000000
77.000000000	39.690597283	-121.824580820	0.000000000
78.000000000	39.690602967	-121.824586342	0.000000000
79.000000000	39.690608658	-121.824591977	0.000000000
80.000000000	39.690614405	-121.824597185	0.000000000
81.000000000	39.690621027	-121.824601567	0.000000000
82.000000000	39.690627447	-121.824605943	0.000000000
83.000000000	39.690633342	-121.824610827	0.000000000
84.000000000	39.690639157	-121.824616182	0.000000000
85.000000000	39.690645103	-121.824621280	0.000000000
86.000000000	39.690651270	-121.824625927	0.000000000
87.000000000	39.690658115	-121.824629510	0.000000000
88.000000000	39.690664702	-121.824633102	0.000000000
89.000000000	39.690670950	-121.824637318	0.000000000
90.000000000	39.690677162	-121.824641907	0.000000000
91.000000000	39.690683392	-121.824646490	0.000000000
92.000000000	39.690689805	-121.824650622	0.000000000
93.000000000	39.690697358	-121.824651105	0.000000000
94.000000000	39.690704842	-121.824651195	0.000000000
95.000000000	39.690712445	-121.824650177	0.000000000
96.000000000	39.690719718	-121.824647605	0.000000000
97.000000000	39.690726562	-121.824643708	0.000000000
98.000000000	39.690732897	-121.824638652	0.000000000
99.000000000	39.690738617	-121.824632730	0.000000000
100.000000000	39.690743737	-121.824625842	0.000000000
101.000000000	39.690748188	-121.824618327	0.000000000
102.000000000	39.690752052	-121.824610423	0.000000000
103.000000000	39.690755350	-121.824602267	0.000000000
104.000000000	39.690758382	-121.824594067	0.000000000
105.000000000	39.690760857	-121.824585487	0.000000000
106.000000000	39.690763218	-121.824576630	0.000000000
107.000000000	39.690765122	-121.824567805	0.000000000
108.000000000	39.690766982	-121.824559113	0.000000000
109.000000000	39.690769490	-121.824550910	0.000000000
110.000000000	39.690772032	-121.824542570	0.000000000
111.000000000	39.690774835	-121.824534312	0.000000000
112.000000000	39.690777185	-121.824525923	0.000000000
113.000000000	39.690778923	-121.824516820	0.000000000
114.000000000	39.690780718	-121.824508027	0.000000000
115.000000000	39.690782938	-121.824499670	0.000000000
116.000000000	39.690785280	-121.824491232	0.000000000
117.000000000	39.690787735	-121.824482810	0.000000000
118.000000000	39.690790403	-121.824474522	0.000000000
119.000000000	39.690792995	-121.824466190	0.000000000
120.000000000	39.690795757	-121.824457945	0.000000000
121.000000000	39.690798577	-121.824449540	0.000000000
122.000000000	39.690801003	-121.824441040	0.000000000
123.000000000	39.690802742	-121.824432065	0.000000000
124.000000000	39.690804457	-121.824423273	0.000000000
125.000000000	39.690806777	-121.824414880	0.000000000
126.000000000	39.690809183	-121.824406393	0.000000000
127.000000000	39.690811618	-121.824397993	0.000000000
128.000000000	39.690813867	-121.824389503	0.000000000
129.000000000	39.690814062	-121.824380087	0.000000000
130.000000000	39.690813242	-121.824370790	0.000000000
131.000000000	39.690811587	-121.824361683	0.000000000
132.000000000	39.690809137	-121.824352803	0.000000000
133.000000000	39.690805925	-121.824344203	0.000000000
134.000000000	39.690802087	-121.824336215	0.000000000
135.000000000	39.690797848	-121.824328643	0.000000000
136.000000000	39.690793022	-121.824321588	0.000000000
137.000000000	39.690787838	-121.824314943	0.000000000
138.000000000	39.690782603	-121.824308903	0.000000000
139.000000000	39.690777148	-121.824302948	0.000000000
140.000000000	39.690771893	-121.824297063	0.000000000
141.000000000	39.690767038	-121.824290637	0.000000000
142.000000000	39.690761912	-121.824284620	0.000000000
143.000000000	39.690756133	-121.824279002	0.000000000
144.000000000	39.690750555	-121.824273545	0.000000000
145.000000000	39.690745388	-121.824267532	0.000000000
146.000000000	39.690740098	-121.824261348	0.000000000
147.000000000	39.690734893	-121.824255220	0.000000000
148.000000000	39.690729470	-121.824249397	0.000000000
149.000000000	39.690723258	-121.824244407	0.000000000
150.000000000	39.690717250	-121.824239437	0.000000000
151.000000000	39.690711837	-121.824233868	0.000000000
152.000000000	39.690706348	-121.824228125	0.000000000
153.000000000	39.690700933	-121.824222347	0.000000000
154.000000000	39.690695163	-121.824216978	0.000000000
155.000000000	39.690688287	-121.824212800	0.000000000
156.000000000	39.690682033	-121.824208725	0.000000000
157.000000000	39.690676770	-121.824203677	0.000000000
158.000000000	39.690671127	-121.824197970	0.000000000
159.000000000	39.690665237	-121.824193265	0.000000000
160.000000000	39.690658642	-121.824189675	0.000000000
161.000000000	39.690651978	-121.824185660	0.000000000
162.000000000	39.690646270	-121.824181040	0.000000000
163.000000000	39.690640413	-121.824176313	0.000000000
164.000000000	39.690634375	-121.824172000	0.000000000
165.000000000	39.690627613	-121.824168898	0.000000000
166.000000000	39.690620823	-121.824166357	0.000000000
167.000000000	39.690613855	-121.824164147	1.000000000
168.000000000	39.690606663	-121.824163898	1.000000000
169.000000000	39.690599362	-121.824164125	0.000000000
170.000000000	39.690592638	-121.824162070	0.000000000
171.000000000	39.690585735	-121.824160690	0.000000000
172.000000000	39.690578508	-121.824162220	0.000000000
173.000000000	39.690571663	-121.824164933	0.000000000
174.000000000	39.690565188	-121.824168775	0.000000000
175.000000000	39.690559077	-121.824173447	0.000000000
176.000000000	39.690553153	-121.824179082	0.000000000
177.000000000	39.690547905	-121.824185565	0.000000000
178.000000000	39.690543045	-121.824192405	0.000000000
179.000000000	39.690538805	-121.824199900	0.000000000
180.000000000	39.690535005	-121.824207747	0.000000000
181.000000000	39.690531572	-121.824215852	0.000000000
182.000000000	39.690528432	-121.824224082	0.000000000
183.000000000	39.690525263	-121.824232098	0.000000000
184.000000000	39.690521597	-121.824239647	0.000000000
185.000000000	39.690517788	-121.824247200	0.000000000
186.000000000	39.690513925	-121.824254715	0.000000000
187.000000000	39.690510325	-121.824262522	0.000000000
188.000000000	39.690507485	-121.824271045	0.000000000
189.000000000	39.690504652	-121.824279395	0.000000000
190.000000000	39.690501247	-121.824287187	0.000000000
191.000000000	39.690497688	-121.824295058	0.000000000
192.000000000	39.690494117	-121.824302897	0.000000000
193.000000000	39.690490553	-121.824310532	0.000000000
194.000000000	39.690486873	-121.824318313	0.000000000
195.000000000	39.690483052	-121.824325955	0.000000000
196.000000000	39.690478900	-121.824333133	0.000000000
197.000000000	39.690473508	-121.824338195	0.000000000
198.000000000	39.690468702	-121.824344723	0.000000000
199.000000000	39.690464813	-121.824352613	0.000000000
200.000000000	39.690461497	-121.824360808	0.000000000
201.000000000	39.690458735	-121.824369457	0.000000000
202.000000000	39.690456205	-121.824378103	0.000000000
203.000000000	39.690452572	-121.824385730	0.000000000
204.000000000	39.690448778	-121.824391965	0.000000000
205.000000000	39.690446668	-121.824396075	0.000000000
206.000000000	39.690445785	-121.824397655	0.000000000
207.000000000	39.690445898	-121.824397753	1.000000000
208.000000000	39.690445883	-121.824397823	1.000000000
209.000000000	39.690445957	-121.824397825	1.000000000
