0.000000000	39.690597083	-121.824656148
1.000000000	39.690598980	-121.824657065
2.000000000	39.690599042	-121.824657032
3.000000000	39.690599095	-121.824657000
4.000000000	39.690599110	-121.824657022
5.000000000	39.690599168	-121.824657057
6.000000000	39.690599127	-121.824656958
7.000000000	39.690599132	-121.824656910
8.000000000	39.690599115	-121.824656870
9.000000000	39.690599135	-121.824656812
10.000000000	39.690599042	-121.824656773
11.000000000	39.690599070	-121.824656757
12.000000000	39.690599047	-121.824656717
13.000000000	39.690598988	-121.824656662
14.000000000	39.690599043	-121.824656632
15.000000000	39.690599020	-121.824656613
16.000000000	39.690599102	-121.824656643
17.000000000	39.690599110	-121.824656622
18.000000000	39.690599118	-121.824656607
19.000000000	39.690599088	-121.824656582
20.000000000	39.690599127	-121.824656565
21.000000000	39.690599108	-121.824656543
22.000000000	39.690599135	-121.824656525
23.000000000	39.690599145	-121.824656498
24.000000000	39.690599160	-121.824656483
25.000000000	39.690598913	-121.824656357
26.000000000	39.690598970	-121.824656303
27.000000000	39.690599042	-121.824656360
28.000000000	39.690599025	-121.824656102
29.000000000	39.690599093	-121.824655833
30.000000000	39.690601115	-121.824661183
31.000000000	39.690610848	-121.824673192
32.000000000	39.690621545	-121.824681542
33.000000000	39.690631565	-121.824691598
34.000000000	39.690637427	-121.824705383
35.000000000	39.690643538	-121.824719197
36.000000000	39.690653758	-121.824730037
37.000000000	39.690663250	-121.824740947
38.000000000	39.690668932	-121.824754805
39.000000000	39.690674672	-121.824768418
40.000000000	39.690681840	-121.824776032
41.000000000	39.690685048	-121.824780030
42.000000000	39.690685973	-121.824780868
43.000000000	39.690685868	-121.824780313
44.000000000	39.690686520	-121.824780162
45.000000000	39.690686473	-121.824780187
46.000000000	39.690686467	-121.824780165
47.000000000	39.690686470	-121.824780140
48.000000000	39.690686433	-121.824780117
49.000000000	39.690686307	-121.824780075
50.000000000	39.690686257	-121.824779982
51.000000000	39.690686168	-121.824779940
52.000000000	39.690686182	-121.824779907
53.000000000	39.690686160	-121.824779948
54.000000000	39.690686152	-121.824779963
55.000000000	39.690686152	-121.824779963
