0.000000000	39.690327000	-121.824280000
1.000000000	39.690327000	-121.824280000
2.000000000	39.690327000	-121.824280000
3.000000000	39.690327000	-121.824280000
4.000000000	39.690327000	-121.824280000
5.000000000	39.690327000	-121.824280000
6.000000000	39.690327000	-121.824280000
7.000000000	39.690327000	-121.824280000
8.000000000	39.690327000	-121.824280000
9.000000000	39.690327000	-121.824280000
10.000000000	39.690327000	-121.824280000
11.000000000	39.690327000	-121.824280000
12.000000000	39.690327000	-121.824280000
13.000000000	39.690327000	-121.824280000
14.000000000	39.690327000	-121.824280000
15.000000000	39.690327000	-121.824280000
16.000000000	39.690327000	-121.824280000
17.000000000	39.690327000	-121.824280000
18.000000000	39.690327000	-121.824280000
19.000000000	39.690327000	-121.824280000
20.000000000	39.690327000	-121.824280000
21.000000000	39.690327000	-121.824280000
22.000000000	39.690327000	-121.824280000
23.000000000	39.690327000	-121.824280000
24.000000000	39.690327000	-121.824280000
25.000000000	39.690327000	-121.824280000
26.000000000	39.690327000	-121.824280000
27.000000000	39.690327000	-121.824280000
28.000000000	39.690327000	-121.824280000
29.000000000	39.690327000	-121.824280000
30.000000000	39.690327000	-121.824280000
31.000000000	39.690327000	-121.824280000
32.000000000	39.690327000	-121.824280000
33.000000000	39.690327000	-121.824280000
34.000000000	39.690327000	-121.824280000
35.000000000	39.690327000	-121.824280000
36.000000000	39.690327000	-121.824280000
37.000000000	39.690327000	-121.824280000
38.000000000	39.690327000	-121.824280000
39.000000000	39.690327000	-121.824280000
40.000000000	39.690327000	-121.824280000
41.000000000	39.690327000	-121.824280000
42.000000000	39.690327000	-121.824280000
43.000000000	39.690327000	-121.824280000
44.000000000	39.690327000	-121.824280000
45.000000000	39.690327000	-121.824280000
46.000000000	39.690327000	-121.824280000
47.000000000	39.690327000	-121.824280000
48.000000000	39.690327000	-121.824280000
49.000000000	39.690327000	-121.824280000
50.000000000	39.690327000	-121.824280000
51.000000000	39.690327000	-121.824280000
52.000000000	39.690327000	-121.824280000
53.000000000	39.690327000	-121.824280000
54.000000000	39.690327000	-121.824280000
55.000000000	39.690327000	-121.824280000
56.000000000	39.690327000	-121.824280000
57.000000000	39.690327000	-121.824280000
58.000000000	39.690327000	-121.824280000
59.000000000	39.690327000	-121.824280000
60.000000000	39.690327000	-121.824280000
61.000000000	39.690327000	-121.824280000
62.000000000	39.690327000	-121.824280000
63.000000000	39.690327000	-121.824280000
64.000000000	39.690327000	-121.824280000
65.000000000	39.690327000	-121.824280000
66.000000000	39.690327000	-121.824280000
67.000000000	39.690327000	-121.824280000
68.000000000	39.690327000	-121.824280000
69.000000000	39.690327000	-121.824280000
70.000000000	39.690327000	-121.824280000
71.000000000	39.690327000	-121.824280000
72.000000000	39.690327000	-121.824280000
73.000000000	39.690327000	-121.824280000
74.000000000	39.690327000	-121.824280000
75.000000000	39.690327000	-121.824280000
76.000000000	39.690327000	-121.824280000
77.000000000	39.690327000	-121.824280000
78.000000000	39.690327000	-121.824280000
79.000000000	39.690327000	-121.824280000
80.000000000	39.690327000	-121.824280000
81.000000000	39.690327000	-121.824280000
82.000000000	39.690327000	-121.824280000
83.000000000	39.690327000	-121.824280000
84.000000000	39.690327000	-121.824280000
85.000000000	39.690327000	-121.824280000
86.000000000	39.690327000	-121.824280000
87.000000000	39.690327000	-121.824280000
88.000000000	39.690327000	-121.824280000
89.000000000	39.690327000	-121.824280000
90.000000000	39.690327000	-121.824280000
91.000000000	39.690327000	-121.824280000
92.000000000	39.690327000	-121.824280000
93.000000000	39.690327000	-121.824280000
94.000000000	39.690327000	-121.824280000
95.000000000	39.690327000	-121.824280000
96.000000000	39.690327000	-121.824280000
97.000000000	39.690327000	-121.824280000
98.000000000	39.690327000	-121.824280000
99.000000000	39.690327000	-121.824280000
100.000000000	39.690327000	-121.824280000
101.000000000	39.690327000	-121.824280000
102.000000000	39.690327000	-121.824280000
103.000000000	39.690327000	-121.824280000
104.000000000	39.690327000	-121.824280000
105.000000000	39.690327000	-121.824280000
106.000000000	39.690327000	-121.824280000
107.000000000	39.690327000	-121.824280000
108.000000000	39.690327000	-121.824280000
109.000000000	39.690327000	-121.824280000
110.000000000	39.690327000	-121.824280000
111.000000000	39.690327000	-121.824280000
112.000000000	39.690327000	-121.824280000
113.000000000	39.690327000	-121.824280000
114.000000000	39.690327000	-121.824280000
115.000000000	39.690327000	-121.824280000
116.000000000	39.690327000	-121.824280000
117.000000000	39.690327000	-121.824280000
118.000000000	39.690327000	-121.824280000
119.000000000	39.690327000	-121.824280000
120.000000000	39.690327000	-121.824280000
121.000000000	39.690327000	-121.824280000
122.000000000	39.690327000	-121.824280000
123.000000000	39.690327000	-121.824280000
124.000000000	39.690327000	-121.824280000
125.000000000	39.690327000	-121.824280000
126.000000000	39.690327000	-121.824280000
127.000000000	39.690327000	-121.824280000
128.000000000	39.690327000	-121.824280000
129.000000000	39.690327000	-121.824280000
130.000000000	39.690327000	-121.824280000
131.000000000	39.690327000	-121.824280000
132.000000000	39.690327000	-121.824280000
133.000000000	39.690327000	-121.824280000
134.000000000	39.690327000	-121.824280000
135.000000000	39.690327000	-121.824280000
136.000000000	39.690327000	-121.824280000
137.000000000	39.690327000	-121.824280000
138.000000000	39.690327000	-121.824280000
139.000000000	39.690327000	-121.824280000
140.000000000	39.690327000	-121.824280000
141.000000000	39.690327000	-121.824280000
142.000000000	39.690327000	-121.824280000
143.000000000	39.690327000	-121.824280000
144.000000000	39.690327000	-121.824280000
145.000000000	39.690327000	-121.824280000
146.000000000	39.690327000	-121.824280000
147.000000000	39.690327000	-121.824280000
148.000000000	39.690327000	-121.824280000
149.000000000	39.690327000	-121.824280000
150.000000000	39.690327000	-121.824280000
151.000000000	39.690327000	-121.824280000
152.000000000	39.690327000	-121.824280000
153.000000000	39.690327000	-121.824280000
154.000000000	39.690327000	-121.824280000
155.000000000	39.690327000	-121.824280000
156.000000000	39.690327000	-121.824280000
157.000000000	39.690327000	-121.824280000
158.000000000	39.690327000	-121.824280000
159.000000000	39.690327000	-121.824280000
160.000000000	39.690327000	-121.824280000
161.000000000	39.690327000	-121.824280000
162.000000000	39.690327000	-121.824280000
163.000000000	39.690327000	-121.824280000
164.000000000	39.690327000	-121.824280000
165.000000000	39.690327000	-121.824280000
166.000000000	39.690327000	-121.824280000
167.000000000	39.690327000	-121.824280000
168.000000000	39.690327000	-121.824280000
169.000000000	39.690327000	-121.824280000
170.000000000	39.690327000	-121.824280000
171.000000000	39.690327000	-121.824280000
172.000000000	39.690327000	-121.824280000
173.000000000	39.690327000	-121.824280000
174.000000000	39.690327000	-121.824280000
175.000000000	39.690327000	-121.824280000
176.000000000	39.690327000	-121.824280000
177.000000000	39.690327000	-121.824280000
178.000000000	39.690327000	-121.824280000
179.000000000	39.690327000	-121.824280000
180.000000000	39.690327000	-121.824280000
181.000000000	39.690327000	-121.824280000
182.000000000	39.690327000	-121.824280000
183.000000000	39.690327000	-121.824280000
184.000000000	39.690327000	-121.824280000
185.000000000	39.690327000	-121.824280000
186.000000000	39.690327000	-121.824280000
187.000000000	39.690327000	-121.824280000
188.000000000	39.690327000	-121.824280000
189.000000000	39.690327000	-121.824280000
190.000000000	39.690327000	-121.824280000
191.000000000	39.690327000	-121.824280000
192.000000000	39.690327000	-121.824280000
193.000000000	39.690327000	-121.824280000
194.000000000	39.690327000	-121.824280000
195.000000000	39.690327000	-121.824280000
196.000000000	39.690327000	-121.824280000
197.000000000	39.690327000	-121.824280000
198.000000000	39.690327000	-121.824280000
199.000000000	39.690327000	-121.824280000
200.000000000	39.690327000	-121.824280000
201.000000000	39.690327000	-121.824280000
202.000000000	39.690327000	-121.824280000
203.000000000	39.690327000	-121.824280000
204.000000000	39.690327000	-121.824280000
205.000000000	39.690327000	-121.824280000
206.000000000	39.690327000	-121.824280000
207.000000000	39.690327000	-121.824280000
208.000000000	39.690327000	-121.824280000
209.000000000	39.690327000	-121.824280000
210.000000000	39.690327000	-121.824280000
211.000000000	39.690327000	-121.824280000
212.000000000	39.690327000	-121.824280000
213.000000000	39.690327000	-121.824280000
214.000000000	39.690327000	-121.824280000
215.000000000	39.690327000	-121.824280000
216.000000000	39.690327000	-121.824280000
217.000000000	39.690327000	-121.824280000
218.000000000	39.690327000	-121.824280000
219.000000000	39.690327000	-121.824280000
220.000000000	39.690327000	-121.824280000
221.000000000	39.690327000	-121.824280000
222.000000000	39.690327000	-121.824280000
223.000000000	39.690327000	-121.824280000
224.000000000	39.690327000	-121.824280000
225.000000000	39.690327000	-121.824280000
226.000000000	39.690327000	-121.824280000
227.000000000	39.690327000	-121.824280000
228.000000000	39.690327000	-121.824280000
229.000000000	39.690327000	-121.824280000
230.000000000	39.690327000	-121.824280000
231.000000000	39.690327000	-121.824280000
232.000000000	39.690327000	-121.824280000
233.000000000	39.690327000	-121.824280000
234.000000000	39.690327000	-121.824280000
235.000000000	39.690327000	-121.824280000
236.000000000	39.690327000	-121.824280000
237.000000000	39.690327000	-121.824280000
238.000000000	39.690327000	-121.824280000
239.000000000	39.690327000	-121.824280000
240.000000000	39.690327000	-121.824280000
241.000000000	39.690327000	-121.824280000
242.000000000	39.690327000	-121.824280000
243.000000000	39.690327000	-121.824280000
244.000000000	39.690327000	-121.824280000
245.000000000	39.690327000	-121.824280000
246.000000000	39.690327000	-121.824280000
247.000000000	39.690327000	-121.824280000
248.000000000	39.690327000	-121.824280000
249.000000000	39.690327000	-121.824280000
250.000000000	39.690327000	-121.824280000
251.000000000	39.690327000	-121.824280000
252.000000000	39.690327000	-121.824280000
253.000000000	39.689395037	-121.823879645
254.000000000	39.689395208	-121.823880497
255.000000000	39.689394830	-121.823881985
256.000000000	39.689393925	-121.823883765
257.000000000	39.689393248	-121.823886000
258.000000000	39.689392635	-121.823890023
259.000000000	39.689392012	-121.823892432
260.000000000	39.689391135	-121.823893498
261.000000000	39.689390240	-121.823893320
262.000000000	39.689389562	-121.823892470
263.000000000	39.689388745	-121.823892203
264.000000000	39.689388253	-121.823891422
265.000000000	39.689387778	-121.823890038
266.000000000	39.689387608	-121.823889183
267.000000000	39.689387218	-121.823889893
268.000000000	39.689386635	-121.823891287
269.000000000	39.689386100	-121.823893237
270.000000000	39.689385670	-121.823895565
271.000000000	39.689393187	-121.823873707
272.000000000	39.689393608	-121.823873188
273.000000000	39.689393998	-121.823872345
274.000000000	39.689394482	-121.823871855
275.000000000	39.689394725	-121.823872015
276.000000000	39.689394698	-121.823872635
277.000000000	39.689394758	-121.823873500
278.000000000	39.689394647	-121.823874575
279.000000000	39.689394405	-121.823875150
280.000000000	39.689394023	-121.823875252
281.000000000	39.689393648	-121.823875750
282.000000000	39.689393300	-121.823876433
283.000000000	39.689393050	-121.823877572
284.000000000	39.689392990	-121.823879198
285.000000000	39.689393275	-121.823880212
286.000000000	39.689393570	-121.823881353
287.000000000	39.689393763	-121.823882567
288.000000000	39.689394410	-121.823883790
289.000000000	39.689395168	-121.823885992
290.000000000	39.689395920	-121.823887565
291.000000000	39.689396605	-121.823888177
292.000000000	39.689397298	-121.823888265
293.000000000	39.689397998	-121.823888178
294.000000000	39.689398538	-121.823888842
295.000000000	39.689399057	-121.823889473
296.000000000	39.689399425	-121.823890032
297.000000000	39.689399815	-121.823890693
298.000000000	39.689400015	-121.823891515
299.000000000	39.689399882	-121.823892435
300.000000000	39.689399738	-121.823892882
301.000000000	39.689400037	-121.823887287
302.000000000	39.689399982	-121.823887122
303.000000000	39.689399773	-121.823886718
304.000000000	39.689399588	-121.823886625
305.000000000	39.689399080	-121.823886210
306.000000000	39.689398927	-121.823886032
307.000000000	39.689399147	-121.823885908
308.000000000	39.689399287	-121.823885662
309.000000000	39.689399377	-121.823885503
310.000000000	39.689399653	-121.823885310
311.000000000	39.689398782	-121.823883723
312.000000000	39.689400277	-121.823884783
313.000000000	39.689400698	-121.823884483
314.000000000	39.689400925	-121.823884227
315.000000000	39.689401245	-121.823883845
316.000000000	39.689401705	-121.823883722
317.000000000	39.689402317	-121.823883732
318.000000000	39.689402902	-121.823883572
319.000000000	39.689403557	-121.823883423
320.000000000	39.689404038	-121.823883380
321.000000000	39.689404628	-121.823883668
322.000000000	39.689404162	-121.823882933
323.000000000	39.689404785	-121.823883212
324.000000000	39.689404870	-121.823882787
325.000000000	39.689403668	-121.823881102
326.000000000	39.689403342	-121.823880383
327.000000000	39.689403308	-121.823879935
328.000000000	39.689403323	-121.823879498
329.000000000	39.689403177	-121.823878962
330.000000000	39.689403000	-121.823878422
331.000000000	39.689402742	-121.823877928
332.000000000	39.689402425	-121.823877517
333.000000000	39.689402043	-121.823877108
334.000000000	39.689401597	-121.823876627
335.000000000	39.689401270	-121.823876167
336.000000000	39.689400728	-121.823875512
337.000000000	39.689400323	-121.823874873
338.000000000	39.689399790	-121.823874180
339.000000000	39.689399317	-121.823873517
340.000000000	39.689398918	-121.823872755
341.000000000	39.689398660	-121.823871982
342.000000000	39.689398507	-121.823871187
343.000000000	39.689398755	-121.823870448
344.000000000	39.689398925	-121.823869693
345.000000000	39.689399023	-121.823869058
346.000000000	39.689399272	-121.823868558
347.000000000	39.689398098	-121.823866950
348.000000000	39.689398010	-121.823866473
349.000000000	39.689398162	-121.823866333
350.000000000	39.689398290	-121.823866160
351.000000000	39.689398482	-121.823866060
352.000000000	39.689398820	-121.823866017
353.000000000	39.689399098	-121.823865958
354.000000000	39.689399255	-121.823865868
355.000000000	39.689399643	-121.823865918
356.000000000	39.689399885	-121.823865985
357.000000000	39.689399993	-121.823866113
358.000000000	39.689400123	-121.823866282
359.000000000	39.689400403	-121.823866742
360.000000000	39.689400753	-121.823867135
361.000000000	39.689401095	-121.823867710
362.000000000	39.689401472	-121.823868188
363.000000000	39.689401953	-121.823868788
364.000000000	39.689402298	-121.823869188
365.000000000	39.689402612	-121.823869257
366.000000000	39.689401903	-121.823868578
367.000000000	39.689402047	-121.823868573
368.000000000	39.689402160	-121.823868688
369.000000000	39.689402380	-121.823868780
370.000000000	39.689402568	-121.823868848
371.000000000	39.689402653	-121.823868988
372.000000000	39.689402723	-121.823869120
373.000000000	39.689403452	-121.823869722
374.000000000	39.689402767	-121.823869428
375.000000000	39.689402988	-121.823869868
376.000000000	39.689402952	-121.823870340
377.000000000	39.689403237	-121.823871165
378.000000000	39.689403995	-121.823872315
379.000000000	39.689403440	-121.823872538
380.000000000	39.689403675	-121.823873123
381.000000000	39.689404137	-121.823873667
382.000000000	39.689404255	-121.823873877
383.000000000	39.689403828	-121.823873567
384.000000000	39.689403797	-121.823873545
385.000000000	39.689404253	-121.823874207
386.000000000	39.689404437	-121.823874390
387.000000000	39.689404240	-121.823874270
388.000000000	39.689404493	-121.823874555
389.000000000	39.689404613	-121.823874708
390.000000000	39.689404782	-121.823875052
391.000000000	39.689404898	-121.823875203
392.000000000	39.689404987	-121.823875565
393.000000000	39.689405133	-121.823876013
394.000000000	39.689405237	-121.823876425
395.000000000	39.689405318	-121.823876845
396.000000000	39.689405460	-121.823877040
397.000000000	39.689405522	-121.823877397
398.000000000	39.689405550	-121.823877665
399.000000000	39.689405593	-121.823877943
400.000000000	39.689405678	-121.823878073
401.000000000	39.689405410	-121.823878103
402.000000000	39.689405735	-121.823878372
403.000000000	39.689405818	-121.823878558
404.000000000	39.689405852	-121.823878743
405.000000000	39.689405805	-121.823878930
406.000000000	39.689405872	-121.823879333
407.000000000	39.689405780	-121.823879452
408.000000000	39.689405627	-121.823879497
409.000000000	39.689405320	-121.823879500
410.000000000	39.689405095	-121.823879603
411.000000000	39.689404850	-121.823879897
412.000000000	39.689404722	-121.823880108
413.000000000	39.689404618	-121.823880307
414.000000000	39.689404517	-121.823880408
415.000000000	39.689404425	-121.823880673
416.000000000	39.689404247	-121.823880868
417.000000000	39.689403998	-121.823880920
418.000000000	39.689403673	-121.823880927
419.000000000	39.689403202	-121.823880913
420.000000000	39.689402893	-121.823881023
421.000000000	39.689402388	-121.823881143
422.000000000	39.689401990	-121.823881500
423.000000000	39.689401603	-121.823881940
424.000000000	39.689401235	-121.823882278
425.000000000	39.689401092	-121.823882998
426.000000000	39.689400912	-121.823883647
427.000000000	39.689400775	-121.823884343
428.000000000	39.689400670	-121.823884882
429.000000000	39.689400615	-121.823885483
430.000000000	39.689400610	-121.823886108
431.000000000	39.689400555	-121.823886735
432.000000000	39.689403590	-121.823889893
433.000000000	39.689403950	-121.823890862
434.000000000	39.689403705	-121.823891193
435.000000000	39.689403650	-121.823891610
436.000000000	39.689403795	-121.823892173
437.000000000	39.689403600	-121.823892458
438.000000000	39.689403672	-121.823892632
439.000000000	39.689403687	-121.823892870
440.000000000	39.689403602	-121.823893007
441.000000000	39.689403665	-121.823893230
442.000000000	39.689403710	-121.823893502
443.000000000	39.689403808	-121.823893737
444.000000000	39.689403948	-121.823894087
445.000000000	39.689404228	-121.823894535
446.000000000	39.689405200	-121.823895332
447.000000000	39.689405228	-121.823895470
448.000000000	39.689405330	-121.823895568
449.000000000	39.689404995	-121.823895328
450.000000000	39.689404673	-121.823895192
451.000000000	39.689404433	-121.823894893
452.000000000	39.689404215	-121.823894647
453.000000000	39.689404047	-121.823894292
454.000000000	39.689403803	-121.823893952
455.000000000	39.689403640	-121.823893542
456.000000000	39.689403412	-121.823893037
457.000000000	39.689403198	-121.823892482
458.000000000	39.689403088	-121.823892113
459.000000000	39.689403002	-121.823891735
460.000000000	39.689402782	-121.823891207
461.000000000	39.689402553	-121.823890630
462.000000000	39.689402425	-121.823890093
463.000000000	39.689402985	-121.823890107
464.000000000	39.689402735	-121.823889513
465.000000000	39.689402443	-121.823888882
466.000000000	39.689402300	-121.823888377
467.000000000	39.689401957	-121.823887638
468.000000000	39.689402018	-121.823887182
469.000000000	39.689402168	-121.823886793
470.000000000	39.689402332	-121.823886578
471.000000000	39.689402355	-121.823886082
472.000000000	39.689402408	-121.823885778
473.000000000	39.689402368	-121.823885410
474.000000000	39.689401975	-121.823884727
475.000000000	39.689401982	-121.823884588
476.000000000	39.689401682	-121.823883877
477.000000000	39.689401635	-121.823884083
478.000000000	39.689401542	-121.823883820
479.000000000	39.689401427	-121.823883360
480.000000000	39.689401165	-121.823883142
481.000000000	39.689402185	-121.823965148
482.000000000	39.689401378	-121.823967172
483.000000000	39.689400347	-121.823908693
484.000000000	39.689400050	-121.823900673
485.000000000	39.689399863	-121.823897507
486.000000000	39.689400065	-121.823895528
487.000000000	39.689399720	-121.823892912
488.000000000	39.689399387	-121.823892605
489.000000000	39.689399077	-121.823893020
490.000000000	39.689398690	-121.823893633
491.000000000	39.689398240	-121.823894565
492.000000000	39.689397793	-121.823896237
493.000000000	39.689397262	-121.823897337
494.000000000	39.689396787	-121.823898902
495.000000000	39.689396138	-121.823901162
496.000000000	39.689395825	-121.823902300
497.000000000	39.689394913	-121.823902787
498.000000000	39.689353190	-121.823840563
499.000000000	39.689358253	-121.823851682
500.000000000	39.689363313	-121.823860912
501.000000000	39.689365592	-121.823864972
502.000000000	39.689366417	-121.823867638
503.000000000	39.689369520	-121.823873287
504.000000000	39.689390112	-121.823891987
505.000000000	39.689383027	-121.823885240
506.000000000	39.689383912	-121.823885910
507.000000000	39.689383833	-121.823883855
508.000000000	39.689383578	-121.823882027
509.000000000	39.689382203	-121.823878763
510.000000000	39.689384763	-121.823878620
511.000000000	39.689382638	-121.823872387
512.000000000	39.689386337	-121.823872572
513.000000000	39.689389070	-121.823871633
514.000000000	39.689390975	-121.823870695
515.000000000	39.689390838	-121.823867758
516.000000000	39.689392953	-121.823865372
517.000000000	39.689393647	-121.823862432
518.000000000	39.689393842	-121.823860452
519.000000000	39.689393218	-121.823858323
520.000000000	39.689391990	-121.823856642
521.000000000	39.689389813	-121.823855478
522.000000000	39.689385365	-121.823850517
523.000000000	39.689381135	-121.823846242
524.000000000	39.689384043	-121.823851428
525.000000000	39.689381818	-121.823849862
526.000000000	39.689380240	-121.823848640
527.000000000	39.689370567	-121.823773275
528.000000000	39.689372635	-121.823781310
529.000000000	39.689377870	-121.823819092
530.000000000	39.689379170	-121.823825170
531.000000000	39.689380673	-121.823829390
532.000000000	39.689383938	-121.823844710
533.000000000	39.689386490	-121.823857313
534.000000000	39.689387673	-121.823860345
535.000000000	39.689387523	-121.823860345
536.000000000	39.689387525	-121.823862362
537.000000000	39.689386965	-121.823864862
538.000000000	39.689386253	-121.823865910
539.000000000	39.689385700	-121.823866347
540.000000000	39.689385230	-121.823867530
541.000000000	39.689384867	-121.823867788
542.000000000	39.689384453	-121.823867357
543.000000000	39.689384110	-121.823866178
544.000000000	39.689383973	-121.823863605
545.000000000	39.689383648	-121.823860757
546.000000000	39.689384007	-121.823860813
547.000000000	39.689383905	-121.823859232
548.000000000	39.689383762	-121.823858725
549.000000000	39.689383352	-121.823858893
550.000000000	39.689382885	-121.823858348
551.000000000	39.689382605	-121.823857223
552.000000000	39.689383285	-121.823855995
553.000000000	39.689383398	-121.823853362
554.000000000	39.689383778	-121.823851075
555.000000000	39.689383950	-121.823847772
556.000000000	39.689383947	-121.823845370
557.000000000	39.689369200	-121.823842447
558.000000000	39.689374980	-121.823853763
559.000000000	39.689376495	-121.823859348
560.000000000	39.689380312	-121.823865940
561.000000000	39.689385078	-121.823874357
562.000000000	39.689390480	-121.823881675
563.000000000	39.689396142	-121.823887918
564.000000000	39.689380480	-121.823892940
565.000000000	39.689390917	-121.823901145
566.000000000	39.689395130	-121.823905268
567.000000000	39.689400905	-121.823912725
568.000000000	39.689401818	-121.823916132
569.000000000	39.689403913	-121.823918767
570.000000000	39.689423818	-121.823929863
571.000000000	39.689428307	-121.823914063
572.000000000	39.689420043	-121.823911597
573.000000000	39.689386935	-121.823898232
574.000000000	39.689386935	-121.823898232
575.000000000	39.689386935	-121.823898232
576.000000000	39.689386935	-121.823898232
577.000000000	39.689386935	-121.823898232
578.000000000	39.689429235	-121.823904437
579.000000000	39.689427412	-121.823896818
580.000000000	39.689414275	-121.823884148
581.000000000	39.689409567	-121.823877903
582.000000000	39.689405747	-121.823873337
583.000000000	39.689403727	-121.823874127
584.000000000	39.689402747	-121.823876647
585.000000000	39.689401867	-121.823878532
586.000000000	39.689401095	-121.823879648
587.000000000	39.689400725	-121.823880493
588.000000000	39.689400383	-121.823881323
589.000000000	39.689400093	-121.823881490
590.000000000	39.689400343	-121.823882005
591.000000000	39.689400350	-121.823882725
592.000000000	39.689399998	-121.823883045
593.000000000	39.689399448	-121.823882985
594.000000000	39.689398982	-121.823883160
595.000000000	39.689398203	-121.823883210
596.000000000	39.689398000	-121.823883502
597.000000000	39.689398055	-121.823884083
598.000000000	39.689398197	-121.823884748
599.000000000	39.689398067	-121.823885032
600.000000000	39.689398010	-121.823885600
601.000000000	39.689397092	-121.823885072
602.000000000	39.689396533	-121.823885047
603.000000000	39.689395227	-121.823884003
604.000000000	39.689394570	-121.823883677
605.000000000	39.689395332	-121.823884937
606.000000000	39.689395143	-121.823885183
607.000000000	39.689394740	-121.823884848
608.000000000	39.689394323	-121.823884307
609.000000000	39.689393930	-121.823884910
610.000000000	39.689393543	-121.823884622
611.000000000	39.689392722	-121.823883547
612.000000000	39.689392532	-121.823883078
613.000000000	39.689392045	-121.823882213
614.000000000	39.689391590	-121.823881257
615.000000000	39.689390987	-121.823880290
616.000000000	39.689390003	-121.823878688
617.000000000	39.689389337	-121.823877728
618.000000000	39.689388272	-121.823876815
619.000000000	39.689387557	-121.823876255
620.000000000	39.689386477	-121.823875743
621.000000000	39.689384893	-121.823874350
622.000000000	39.689383523	-121.823873140
623.000000000	39.689382027	-121.823871618
624.000000000	39.689380835	-121.823870660
625.000000000	39.689379563	-121.823869442
626.000000000	39.689378663	-121.823868683
627.000000000	39.689377868	-121.823867603
628.000000000	39.689377282	-121.823866318
629.000000000	39.689376920	-121.823864922
630.000000000	39.689376398	-121.823863392
631.000000000	39.689376012	-121.823861905
632.000000000	39.689375728	-121.823860710
633.000000000	39.689374345	-121.823858587
634.000000000	39.689374050	-121.823857583
635.000000000	39.689369237	-121.823851902
636.000000000	39.689369040	-121.823851040
637.000000000	39.689368933	-121.823849878
638.000000000	39.689365870	-121.823806580
639.000000000	39.689366330	-121.823810577
640.000000000	39.689366813	-121.823813367
641.000000000	39.689367088	-121.823815838
642.000000000	39.689367587	-121.823819282
643.000000000	39.689367757	-121.823822517
644.000000000	39.689368090	-121.823827627
645.000000000	39.689368282	-121.823831238
646.000000000	39.689368437	-121.823833108
647.000000000	39.689368218	-121.823834540
648.000000000	39.689369815	-121.823856712
649.000000000	39.689370300	-121.823859853
650.000000000	39.689370757	-121.823862428
651.000000000	39.689371023	-121.823863225
652.000000000	39.689371402	-121.823864670
653.000000000	39.689371508	-121.823866477
654.000000000	39.689371865	-121.823869305
655.000000000	39.689372235	-121.823871342
656.000000000	39.689372635	-121.823872290
657.000000000	39.689380932	-121.823892227
658.000000000	39.689380602	-121.823890728
659.000000000	39.689380258	-121.823889385
660.000000000	39.689380047	-121.823888942
661.000000000	39.689379948	-121.823888347
662.000000000	39.689380058	-121.823888857
663.000000000	39.689379660	-121.823885217
664.000000000	39.689379812	-121.823880768
665.000000000	39.689378850	-121.823872433
666.000000000	39.689379058	-121.823871630
667.000000000	39.689378922	-121.823872857
668.000000000	39.689378557	-121.823872753
669.000000000	39.689378633	-121.823874187
670.000000000	39.689378565	-121.823874865
671.000000000	39.689378605	-121.823875998
672.000000000	39.689378620	-121.823877342
673.000000000	39.689378628	-121.823877290
674.000000000	39.689378287	-121.823875908
675.000000000	39.689347338	-121.823833517
676.000000000	39.689358178	-121.823848393
677.000000000	39.689363777	-121.823856307
678.000000000	39.689366683	-121.823860337
679.000000000	39.689369935	-121.823862287
680.000000000	39.689390180	-121.823924772
681.000000000	39.689386902	-121.823938480
682.000000000	39.689395178	-121.823962253
683.000000000	39.689370437	-121.823873350
684.000000000	39.689369578	-121.823868375
685.000000000	39.689368892	-121.823865913
686.000000000	39.689368005	-121.823863137
687.000000000	39.689367965	-121.823862408
688.000000000	39.689391942	-121.823888590
689.000000000	39.689394765	-121.823892560
690.000000000	39.689395815	-121.823894618
691.000000000	39.689383362	-121.823881712
692.000000000	39.689388847	-121.823887033
693.000000000	39.689392562	-121.823890458
694.000000000	39.689397245	-121.823893202
695.000000000	39.689393958	-121.823871620
696.000000000	39.689407093	-121.823861410
697.000000000	39.689410962	-121.823848482
698.000000000	39.689424102	-121.823842777
699.000000000	39.689434803	-121.823836693
700.000000000	39.689442577	-121.823832445
701.000000000	39.689449912	-121.823828858
702.000000000	39.689459490	-121.823827645
703.000000000	39.689468248	-121.823829927
704.000000000	39.689474117	-121.823831762
705.000000000	39.689475797	-121.823831767
706.000000000	39.689481528	-121.823833390
707.000000000	39.689506010	-121.823888145
708.000000000	39.689513103	-121.823873778
709.000000000	39.689521097	-121.823862965
710.000000000	39.689530408	-121.823858848
711.000000000	39.689543235	-121.823860403
712.000000000	39.689556663	-121.823860952
713.000000000	39.689571667	-121.823859445
714.000000000	39.689586920	-121.823854825
715.000000000	39.689600600	-121.823845105
716.000000000	39.689611853	-121.823839888
717.000000000	39.689621957	-121.823835037
718.000000000	39.689634832	-121.823829208
719.000000000	39.689648670	-121.823824095
720.000000000	39.689663745	-121.823818847
721.000000000	39.689678598	-121.823823078
722.000000000	39.689688068	-121.823832598
723.000000000	39.689695123	-121.823837275
724.000000000	39.689712620	-121.823840572
725.000000000	39.689726053	-121.823845557
726.000000000	39.689733275	-121.823851762
727.000000000	39.689739047	-121.823856783
728.000000000	39.689745450	-121.823862282
729.000000000	39.689755452	-121.823872085
730.000000000	39.689766388	-121.823884543
731.000000000	39.689780118	-121.823901477
732.000000000	39.689791198	-121.823918223
733.000000000	39.689803485	-121.823935940
734.000000000	39.689821758	-121.823948210
735.000000000	39.689835967	-121.823964433
736.000000000	39.689842438	-121.823974692
737.000000000	39.689848615	-121.823980812
738.000000000	39.689859348	-121.823991372
739.000000000	39.689871802	-121.824003758
740.000000000	39.689883982	-121.824017057
741.000000000	39.689898043	-121.824030775
742.000000000	39.689911730	-121.824044805
743.000000000	39.689924637	-121.824058045
744.000000000	39.689936220	-121.824068833
745.000000000	39.689946878	-121.824081135
746.000000000	39.689957112	-121.824091418
747.000000000	39.689968087	-121.824101940
748.000000000	39.689979567	-121.824114512
749.000000000	39.689991613	-121.824126508
750.000000000	39.690001402	-121.824134165
751.000000000	39.690012467	-121.824145178
752.000000000	39.690019433	-121.824157483
753.000000000	39.690023693	-121.824164792
754.000000000	39.690026278	-121.824169212
755.000000000	39.690033585	-121.824182503
756.000000000	39.690041363	-121.824199790
757.000000000	39.690051872	-121.824216348
758.000000000	39.690061877	-121.824230903
759.000000000	39.690074803	-121.824242768
760.000000000	39.690088683	-121.824252468
761.000000000	39.690100332	-121.824261567
762.000000000	39.690113052	-121.824271838
763.000000000	39.690125300	-121.824281975
764.000000000	39.690138405	-121.824292988
765.000000000	39.690149983	-121.824302680
766.000000000	39.690162162	-121.824312958
767.000000000	39.690173282	-121.824322410
768.000000000	39.690185495	-121.824332510
769.000000000	39.690197045	-121.824342053
770.000000000	39.690208360	-121.824351440
771.000000000	39.690219290	-121.824360277
772.000000000	39.690230957	-121.824369393
773.000000000	39.690243018	-121.824378667
774.000000000	39.690255492	-121.824388063
775.000000000	39.690267503	-121.824398123
776.000000000	39.690281212	-121.824404922
777.000000000	39.690298498	-121.824413115
778.000000000	39.690318352	-121.824423710
779.000000000	39.690336628	-121.824434230
780.000000000	39.690356972	-121.824446087
781.000000000	39.690377903	-121.824458662
782.000000000	39.690398185	-121.824471708
783.000000000	39.690414905	-121.824483033
784.000000000	39.690427198	-121.824491767
785.000000000	39.690438577	-121.824500222
786.000000000	39.690453063	-121.824511217
787.000000000	39.690468245	-121.824523475
788.000000000	39.690481592	-121.824535253
789.000000000	39.690497528	-121.824549872
790.000000000	39.690509392	-121.824561560
791.000000000	39.690518392	-121.824570662
792.000000000	39.690524140	-121.824576688
793.000000000	39.690528280	-121.824580448
794.000000000	39.690529572	-121.824581625
795.000000000	39.690533193	-121.824585392
796.000000000	39.690536202	-121.824588308
797.000000000	39.690540535	-121.824592820
798.000000000	39.690545483	-121.824598055
799.000000000	39.690549172	-121.824602490
800.000000000	39.690553713	-121.824607282
801.000000000	39.690555670	-121.824609107
802.000000000	39.690556875	-121.824610892
803.000000000	39.690557508	-121.824611298
804.000000000	39.690556768	-121.824609183
805.000000000	39.690557410	-121.824609735
806.000000000	39.690557845	-121.824610143
807.000000000	39.690558070	-121.824610575
808.000000000	39.690558213	-121.824610667
809.000000000	39.690558197	-121.824610952
810.000000000	39.690558088	-121.824611147
811.000000000	39.690557950	-121.824611303
812.000000000	39.690557900	-121.824611448
813.000000000	39.690557857	-121.824611423
814.000000000	39.690557805	-121.824611398
815.000000000	39.690557788	-121.824611378
816.000000000	39.690557777	-121.824611305
817.000000000	39.690557760	-121.824611187
818.000000000	39.690557760	-121.824611128
819.000000000	39.690557827	-121.824611100
820.000000000	39.690557920	-121.824611015
821.000000000	39.690558000	-121.824610930
822.000000000	39.690558122	-121.824610885
823.000000000	39.690558223	-121.824610867
824.000000000	39.690558338	-121.824610910
825.000000000	39.690558503	-121.824611012
826.000000000	39.690558677	-121.824611167
827.000000000	39.690558835	-121.824611368
828.000000000	39.690559063	-121.824611570
829.000000000	39.690559203	-121.824611707
830.000000000	39.690559332	-121.824611877
831.000000000	39.690559327	-121.824611997
832.000000000	39.690559385	-121.824612078
833.000000000	39.690559353	-121.824612045
834.000000000	39.690558623	-121.824611147
835.000000000	39.690559345	-121.824612032
836.000000000	39.690559285	-121.824612048
837.000000000	39.690559180	-121.824612030
838.000000000	39.690559035	-121.824611995
839.000000000	39.690558892	-121.824611843
840.000000000	39.690558735	-121.824611752
841.000000000	39.690558598	-121.824611580
842.000000000	39.690558490	-121.824611420
843.000000000	39.690558433	-121.824611250
844.000000000	39.690558525	-121.824611220
845.000000000	39.690558585	-121.824611175
846.000000000	39.690558733	-121.824611068
847.000000000	39.690558972	-121.824611040
848.000000000	39.690559255	-121.824611007
849.000000000	39.690559595	-121.824610980
850.000000000	39.690559982	-121.824611022
851.000000000	39.690560400	-121.824611103
852.000000000	39.690560768	-121.824611108
853.000000000	39.690561153	-121.824611065
854.000000000	39.690561437	-121.824611123
855.000000000	39.690561685	-121.824611142
856.000000000	39.690561925	-121.824611210
857.000000000	39.690562107	-121.824611308
858.000000000	39.690562248	-121.824611448
859.000000000	39.690562382	-121.824611573
860.000000000	39.690562412	-121.824611650
861.000000000	39.690562427	-121.824611702
862.000000000	39.690562380	-121.824611632
863.000000000	39.690562297	-121.824611572
864.000000000	39.690562248	-121.824611415
865.000000000	39.690562117	-121.824611188
866.000000000	39.690562050	-121.824610978
867.000000000	39.690561877	-121.824610708
868.000000000	39.690561858	-121.824610458
869.000000000	39.690559830	-121.824609832
870.000000000	39.690559645	-121.824609700
871.000000000	39.690559627	-121.824609718
872.000000000	39.690559832	-121.824609605
873.000000000	39.690559797	-121.824609587
874.000000000	39.690559790	-121.824609517
875.000000000	39.690558330	-121.824607790
876.000000000	39.690558425	-121.824607968
877.000000000	39.690558542	-121.824608055
878.000000000	39.690558607	-121.824608143
879.000000000	39.690558678	-121.824608200
880.000000000	39.690558793	-121.824608280
881.000000000	39.690558848	-121.824608368
882.000000000	39.690558922	-121.824608453
883.000000000	39.690559000	-121.824608518
884.000000000	39.690559078	-121.824608570
885.000000000	39.690559223	-121.824608538
886.000000000	39.690559242	-121.824608650
887.000000000	39.690559368	-121.824608742
888.000000000	39.690559445	-121.824608797
889.000000000	39.690559585	-121.824608825
890.000000000	39.690559700	-121.824608927
891.000000000	39.690559778	-121.824608975
892.000000000	39.690559830	-121.824608978
893.000000000	39.690559877	-121.824608933
894.000000000	39.690559915	-121.824608923
895.000000000	39.690559875	-121.824608905
896.000000000	39.690559943	-121.824608883
897.000000000	39.690559928	-121.824608883
898.000000000	39.690559945	-121.824608937
899.000000000	39.690559895	-121.824608923
900.000000000	39.690559852	-121.824608952
901.000000000	39.690559845	-121.824608930
902.000000000	39.690559788	-121.824608882
903.000000000	39.690559778	-121.824608768
904.000000000	39.690559697	-121.824608650
905.000000000	39.690559700	-121.824608473
906.000000000	39.690559665	-121.824608340
907.000000000	39.690559672	-121.824608205
908.000000000	39.690559667	-121.824608028
909.000000000	39.690559682	-121.824607925
910.000000000	39.690559760	-121.824607835
911.000000000	39.690559833	-121.824607780
912.000000000	39.690559950	-121.824607762
913.000000000	39.690559955	-121.824607833
914.000000000	39.690559992	-121.824607907
915.000000000	39.690559998	-121.824607985
916.000000000	39.690559980	-121.824608063
917.000000000	39.690559950	-121.824608142
918.000000000	39.690559883	-121.824608215
919.000000000	39.690560078	-121.824608650
920.000000000	39.690560228	-121.824608733
921.000000000	39.690559867	-121.824608267
922.000000000	39.690560337	-121.824608750
923.000000000	39.690560375	-121.824608763
924.000000000	39.690560483	-121.824608747
925.000000000	39.690560250	-121.824608093
926.000000000	39.690560337	-121.824608083
927.000000000	39.690559852	-121.824607410
928.000000000	39.690560433	-121.824607937
929.000000000	39.690560398	-121.824607877
930.000000000	39.690560002	-121.824607682
931.000000000	39.690560163	-121.824607712
932.000000000	39.690560108	-121.824607557
933.000000000	39.690560977	-121.824607932
934.000000000	39.690570915	-121.824610160
935.000000000	39.690590035	-121.824604790
936.000000000	39.690607090	-121.824584518
937.000000000	39.690611980	-121.824554867
938.000000000	39.690602938	-121.824526927
939.000000000	39.690588082	-121.824503962
940.000000000	39.690574757	-121.824480050
941.000000000	39.690558350	-121.824459447
942.000000000	39.690535657	-121.824453798
943.000000000	39.690519038	-121.824452035
944.000000000	39.690508932	-121.824445768
945.000000000	39.690504263	-121.824440053
946.000000000	39.690498542	-121.824430498
947.000000000	39.690494972	-121.824407227
948.000000000	39.690496065	-121.824382900
949.000000000	39.690498948	-121.824355250
950.000000000	39.690504903	-121.824327752
951.000000000	39.690510545	-121.824305680
952.000000000	39.690514273	-121.824289930
953.000000000	39.690517138	-121.824279697
954.000000000	39.690518720	-121.824273605
955.000000000	39.690519278	-121.824271513
956.000000000	39.690519463	-121.824271528
957.000000000	39.690519373	-121.824271480
958.000000000	39.690519310	-121.824271412
959.000000000	39.690519255	-121.824271423
960.000000000	39.690519258	-121.824271413
961.000000000	39.690519222	-121.824271445
962.000000000	39.690519217	-121.824271472
963.000000000	39.690519227	-121.824271440
964.000000000	39.690519273	-121.824271475
965.000000000	39.690519318	-121.824271423
966.000000000	39.690519265	-121.824271333
967.000000000	39.690519237	-121.824271498
968.000000000	39.690518448	-121.824273703
969.000000000	39.690516005	-121.824281192
970.000000000	39.690512922	-121.824292182
971.000000000	39.690509095	-121.824305357
972.000000000	39.690505273	-121.824319522
973.000000000	39.690501538	-121.824334180
974.000000000	39.690498228	-121.824348438
975.000000000	39.690495287	-121.824361983
976.000000000	39.690492522	-121.824374763
977.000000000	39.690490050	-121.824386500
978.000000000	39.690488037	-121.824397490
979.000000000	39.690486528	-121.824407635
980.000000000	39.690484795	-121.824417362
981.000000000	39.690483300	-121.824426330
982.000000000	39.690481758	-121.824435217
983.000000000	39.690480165	-121.824444783
984.000000000	39.690478730	-121.824454440
985.000000000	39.690477902	-121.824461272
986.000000000	39.690477675	-121.824463130
987.000000000	39.690477738	-121.824463065
988.000000000	39.690477712	-121.824463055
989.000000000	39.690477763	-121.824463080
990.000000000	39.690477792	-121.824463102
991.000000000	39.690477972	-121.824463225
992.000000000	39.690477817	-121.824463037
993.000000000	39.690477652	-121.824463153
994.000000000	39.690477475	-121.824463993
995.000000000	39.690477028	-121.824467788
996.000000000	39.690476095	-121.824474747
997.000000000	39.690474943	-121.824484217
998.000000000	39.690473750	-121.824495158
999.000000000	39.690472962	-121.824504903
1000.000000000	39.690472372	-121.824510865
1001.000000000	39.690472500	-121.824511493
1002.000000000	39.690472565	-121.824511332
1003.000000000	39.690472473	-121.824511375
1004.000000000	39.690472353	-121.824513752
1005.000000000	39.690471738	-121.824520678
1006.000000000	39.690470988	-121.824529563
1007.000000000	39.690470393	-121.824538087
1008.000000000	39.690470073	-121.824544455
1009.000000000	39.690470150	-121.824546592
1010.000000000	39.690470175	-121.824546588
1011.000000000	39.690470225	-121.824546677
1012.000000000	39.690470277	-121.824546700
1013.000000000	39.690470053	-121.824546332
1014.000000000	39.690469967	-121.824546172
1015.000000000	39.690470012	-121.824546118
1016.000000000	39.690470125	-121.824546168
1017.000000000	39.690470215	-121.824546208
1018.000000000	39.690470243	-121.824546218
1019.000000000	39.690470285	-121.824546163
1020.000000000	39.690470268	-121.824546228
1021.000000000	39.690470523	-121.824546093
1022.000000000	39.690470580	-121.824545900
1023.000000000	39.690470807	-121.824544425
1024.000000000	39.690471333	-121.824541898
1025.000000000	39.690471527	-121.824541378
1026.000000000	39.690471453	-121.824541407
1027.000000000	39.690471375	-121.824541438
1028.000000000	39.690471327	-121.824541482
1029.000000000	39.690471243	-121.824541543
1030.000000000	39.690471180	-121.824540135
1031.000000000	39.690469868	-121.824531140
1032.000000000	39.690469317	-121.824525947
1033.000000000	39.690467445	-121.824519947
1034.000000000	39.690462340	-121.824505650
1035.000000000	39.690455308	-121.824492520
1036.000000000	39.690444768	-121.824483665
1037.000000000	39.690433357	-121.824477592
1038.000000000	39.690423600	-121.824469373
1039.000000000	39.690414528	-121.824460115
1040.000000000	39.690402573	-121.824455935
1041.000000000	39.690390315	-121.824457608
1042.000000000	39.690379098	-121.824463613
1043.000000000	39.690369500	-121.824473203
1044.000000000	39.690361892	-121.824485362
1045.000000000	39.690356692	-121.824498993
1046.000000000	39.690354612	-121.824514817
1047.000000000	39.690356257	-121.824531083
1048.000000000	39.690361622	-121.824546065
1049.000000000	39.690367537	-121.824560248
1050.000000000	39.690376612	-121.824571657
1051.000000000	39.690388400	-121.824578463
1052.000000000	39.690400247	-121.824583570
1053.000000000	39.690412932	-121.824584427
1054.000000000	39.690425547	-121.824579465
1055.000000000	39.690436712	-121.824569695
1056.000000000	39.690447100	-121.824558628
1057.000000000	39.690453238	-121.824542855
1058.000000000	39.690457223	-121.824530425
1059.000000000	39.690462233	-121.824519312
1060.000000000	39.690465078	-121.824503763
1061.000000000	39.690469888	-121.824489868
1062.000000000	39.690476792	-121.824478128
1063.000000000	39.690484985	-121.824467560
1064.000000000	39.690494083	-121.824458907
1065.000000000	39.690503577	-121.824450270
1066.000000000	39.690511067	-121.824437377
1067.000000000	39.690513777	-121.824421387
1068.000000000	39.690513820	-121.824405190
1069.000000000	39.690514167	-121.824389787
1070.000000000	39.690518457	-121.824376618
1071.000000000	39.690525103	-121.824365257
1072.000000000	39.690532223	-121.824353690
1073.000000000	39.690536092	-121.824338793
1074.000000000	39.690536723	-121.824322692
1075.000000000	39.690538617	-121.824307367
1076.000000000	39.690535455	-121.824291572
1077.000000000	39.690528333	-121.824278082
1078.000000000	39.690518340	-121.824268165
1079.000000000	39.690506853	-121.824262097
1080.000000000	39.690496187	-121.824255192
1081.000000000	39.690484137	-121.824251850
1082.000000000	39.690474353	-121.824253038
1083.000000000	39.690468785	-121.824252345
1084.000000000	39.690466240	-121.824251988
1085.000000000	39.690465985	-121.824252050
1086.000000000	39.690466047	-121.824252130
1087.000000000	39.690466087	-121.824252228
1088.000000000	39.690466158	-121.824252267
1089.000000000	39.690466202	-121.824252323
1090.000000000	39.690466297	-121.824252362
1091.000000000	39.690466318	-121.824252343
1092.000000000	39.690466380	-121.824252313
1093.000000000	39.690466443	-121.824252297
1094.000000000	39.690466467	-121.824252308
1095.000000000	39.690466545	-121.824252273
1096.000000000	39.690466240	-121.824252132
1097.000000000	39.690466272	-121.824252117
1098.000000000	39.690466557	-121.824252215
1099.000000000	39.690466653	-121.824252225
1100.000000000	39.690466743	-121.824252255
1101.000000000	39.690466825	-121.824252293
1102.000000000	39.690466882	-121.824252375
1103.000000000	39.690466660	-121.824252277
1104.000000000	39.690466770	-121.824252342
1105.000000000	39.690466813	-121.824252390
1106.000000000	39.690466743	-121.824252440
1107.000000000	39.690466757	-121.824252500
1108.000000000	39.690466775	-121.824252545
1109.000000000	39.690467007	-121.824252678
1110.000000000	39.690466897	-121.824252698
1111.000000000	39.690466865	-121.824252760
1112.000000000	39.690466868	-121.824252768
1113.000000000	39.690466905	-121.824252730
1114.000000000	39.690466803	-121.824252745
1115.000000000	39.690466772	-121.824252738
1116.000000000	39.690466817	-121.824252717
1117.000000000	39.690466770	-121.824252712
1118.000000000	39.690466748	-121.824252673
1119.000000000	39.690466823	-121.824252633
1120.000000000	39.690466910	-121.824252572
1121.000000000	39.690467057	-121.824252533
1122.000000000	39.690467150	-121.824252482
1123.000000000	39.690463432	-121.824250732
1124.000000000	39.690455193	-121.824242113
1125.000000000	39.690449393	-121.824230543
1126.000000000	39.690447140	-121.824217387
1127.000000000	39.690445607	-121.824210077
1128.000000000	39.690444672	-121.824206883
1129.000000000	39.690444575	-121.824197405
1130.000000000	39.690448162	-121.824184222
1131.000000000	39.690455213	-121.824173848
1132.000000000	39.690464567	-121.824167347
1133.000000000	39.690475007	-121.824165270
1134.000000000	39.690485815	-121.824166880
1135.000000000	39.690495300	-121.824173127
1136.000000000	39.690502140	-121.824183620
1137.000000000	39.690506015	-121.824196440
1138.000000000	39.690506362	-121.824209975
1139.000000000	39.690502327	-121.824222268
1140.000000000	39.690496172	-121.824233080
1141.000000000	39.690486947	-121.824240005
1142.000000000	39.690476432	-121.824242020
1143.000000000	39.690466192	-121.824240225
1144.000000000	39.690456895	-121.824233835
1145.000000000	39.690449675	-121.824223872
1146.000000000	39.690445685	-121.824211262
1147.000000000	39.690445538	-121.824197658
1148.000000000	39.690448908	-121.824184373
1149.000000000	39.690455097	-121.824173227
1150.000000000	39.690463813	-121.824165808
1151.000000000	39.690473925	-121.824161287
1152.000000000	39.690484575	-121.824161327
1153.000000000	39.690494325	-121.824166570
1154.000000000	39.690502962	-121.824174843
1155.000000000	39.690508543	-121.824186552
1156.000000000	39.690510583	-121.824199837
1157.000000000	39.690509130	-121.824213123
1158.000000000	39.690505235	-121.824225693
1159.000000000	39.690498038	-121.824235162
1160.000000000	39.690488383	-121.824240403
1161.000000000	39.690477812	-121.824242140
1162.000000000	39.690467725	-121.824239325
1163.000000000	39.690458897	-121.824231730
1164.000000000	39.690452007	-121.824221520
1165.000000000	39.690448342	-121.824208708
1166.000000000	39.690445625	-121.824195167
1167.000000000	39.690440568	-121.824181990
1168.000000000	39.690439017	-121.824173038
1169.000000000	39.690438118	-121.824169392
1170.000000000	39.690438083	-121.824169255
1171.000000000	39.690438157	-121.824169270
1172.000000000	39.690438513	-121.824169032
1173.000000000	39.690438628	-121.824168987
1174.000000000	39.690438062	-121.824165367
1175.000000000	39.690440278	-121.824152457
1176.000000000	39.690444803	-121.824140005
1177.000000000	39.690448390	-121.824131803
1178.000000000	39.690449490	-121.824127945
1179.000000000	39.690449593	-121.824127462
1180.000000000	39.690449587	-121.824127443
1181.000000000	39.690449562	-121.824127463
1182.000000000	39.690449550	-121.824127428
1183.000000000	39.690449530	-121.824127433
1184.000000000	39.690449662	-121.824127027
1185.000000000	39.690453508	-121.824120645
1186.000000000	39.690461653	-121.824111408
1187.000000000	39.690471383	-121.824103740
1188.000000000	39.690482035	-121.824098987
1189.000000000	39.690493087	-121.824096108
1190.000000000	39.690504413	-121.824095560
1191.000000000	39.690515678	-121.824096833
1192.000000000	39.690526817	-121.824099998
1193.000000000	39.690537825	-121.824104053
1194.000000000	39.690548663	-121.824109638
1195.000000000	39.690559062	-121.824116580
1196.000000000	39.690569222	-121.824124238
1197.000000000	39.690578680	-121.824132790
1198.000000000	39.690587900	-121.824142335
1199.000000000	39.690596667	-121.824152428
1200.000000000	39.690604940	-121.824163042
1201.000000000	39.690613047	-121.824174018
1202.000000000	39.690620687	-121.824185550
1203.000000000	39.690628253	-121.824197252
1204.000000000	39.690635630	-121.824209162
1205.000000000	39.690642673	-121.824221407
1206.000000000	39.690649342	-121.824234048
1207.000000000	39.690655655	-121.824247000
1208.000000000	39.690662233	-121.824259533
1209.000000000	39.690668580	-121.824271897
1210.000000000	39.690674828	-121.824284555
1211.000000000	39.690677575	-121.824295198
1212.000000000	39.690677575	-121.824295198
1213.000000000	39.690688742	-121.824323663
1214.000000000	39.690696878	-121.824333583
1215.000000000	39.690703187	-121.824346440
1216.000000000	39.690709092	-121.824359768
1217.000000000	39.690709092	-121.824359768
1218.000000000	39.690709092	-121.824359768
1219.000000000	39.690709092	-121.824359768
1220.000000000	39.690709092	-121.824359768
1221.000000000	39.690709092	-121.824359768
1222.000000000	39.690709092	-121.824359768
1223.000000000	39.690709092	-121.824359768
1224.000000000	39.690709092	-121.824359768
1225.000000000	39.690709092	-121.824359768
1226.000000000	39.690709092	-121.824359768
1227.000000000	39.690709092	-121.824359768
1228.000000000	39.690709092	-121.824359768
1229.000000000	39.690709092	-121.824359768
1230.000000000	39.690709092	-121.824359768
1231.000000000	39.690709092	-121.824359768
1232.000000000	39.690709092	-121.824359768
1233.000000000	39.690709092	-121.824359768
1234.000000000	39.690709092	-121.824359768
1235.000000000	39.690709092	-121.824359768
1236.000000000	39.690709092	-121.824359768
1237.000000000	39.690709092	-121.824359768
1238.000000000	39.690709092	-121.824359768
1239.000000000	39.690709092	-121.824359768
1240.000000000	39.690709092	-121.824359768
1241.000000000	39.690709092	-121.824359768
1242.000000000	39.690709092	-121.824359768
1243.000000000	39.690709092	-121.824359768
1244.000000000	39.690709092	-121.824359768
1245.000000000	39.690709092	-121.824359768
1246.000000000	39.690709092	-121.824359768
1247.000000000	39.690709092	-121.824359768
1248.000000000	39.690709092	-121.824359768
1249.000000000	39.690709092	-121.824359768
1250.000000000	39.690709092	-121.824359768
1251.000000000	39.690709092	-121.824359768
1252.000000000	39.690709092	-121.824359768
1253.000000000	39.690709092	-121.824359768
1254.000000000	39.690709092	-121.824359768
1255.000000000	39.690709092	-121.824359768
1256.000000000	39.690709092	-121.824359768
1257.000000000	39.690709092	-121.824359768
1258.000000000	39.690709092	-121.824359768
1259.000000000	39.690709092	-121.824359768
1260.000000000	39.690709092	-121.824359768
1261.000000000	39.690709092	-121.824359768
1262.000000000	39.690709092	-121.824359768
1263.000000000	39.690709092	-121.824359768
1264.000000000	39.690709092	-121.824359768
1265.000000000	39.690709092	-121.824359768
1266.000000000	39.690709092	-121.824359768
1267.000000000	39.690709092	-121.824359768
1268.000000000	39.690709092	-121.824359768
1269.000000000	39.690709092	-121.824359768
1270.000000000	39.690709092	-121.824359768
1271.000000000	39.690709092	-121.824359768
1272.000000000	39.690709092	-121.824359768
1273.000000000	39.690709092	-121.824359768
1274.000000000	39.690709092	-121.824359768
1275.000000000	39.690709092	-121.824359768
1276.000000000	39.690709092	-121.824359768
1277.000000000	39.690709092	-121.824359768
1278.000000000	39.690709092	-121.824359768
1279.000000000	39.690709092	-121.824359768
1280.000000000	39.690709092	-121.824359768
1281.000000000	39.690709092	-121.824359768
1282.000000000	39.690709092	-121.824359768
1283.000000000	39.690709092	-121.824359768
1284.000000000	39.690709092	-121.824359768
1285.000000000	39.690709092	-121.824359768
1286.000000000	39.690709092	-121.824359768
1287.000000000	39.690709092	-121.824359768
1288.000000000	39.690709092	-121.824359768
1289.000000000	39.690709092	-121.824359768
1290.000000000	39.690709092	-121.824359768
1291.000000000	39.690709092	-121.824359768
1292.000000000	39.690709092	-121.824359768
1293.000000000	39.690709092	-121.824359768
1294.000000000	39.690709092	-121.824359768
1295.000000000	39.690709092	-121.824359768
1296.000000000	39.690709092	-121.824359768
1297.000000000	39.690709092	-121.824359768
1298.000000000	39.690709092	-121.824359768
1299.000000000	39.690709092	-121.824359768
1300.000000000	39.690709092	-121.824359768
1301.000000000	39.690709092	-121.824359768
1302.000000000	39.690709092	-121.824359768
1303.000000000	39.690709092	-121.824359768
1304.000000000	39.690709092	-121.824359768
1305.000000000	39.690709092	-121.824359768
1306.000000000	39.690709092	-121.824359768
1307.000000000	39.690709092	-121.824359768
1308.000000000	39.690709092	-121.824359768
1309.000000000	39.690709092	-121.824359768
1310.000000000	39.690709092	-121.824359768
1311.000000000	39.690709092	-121.824359768
1312.000000000	39.690709092	-121.824359768
1313.000000000	39.690709092	-121.824359768
1314.000000000	39.690709092	-121.824359768
1315.000000000	39.690709092	-121.824359768
1316.000000000	39.690709092	-121.824359768
1317.000000000	39.690709092	-121.824359768
1318.000000000	39.690709092	-121.824359768
1319.000000000	39.690709092	-121.824359768
1320.000000000	39.690709092	-121.824359768
1321.000000000	39.690709092	-121.824359768
1322.000000000	39.690709092	-121.824359768
1323.000000000	39.690709092	-121.824359768
1324.000000000	39.690709092	-121.824359768
1325.000000000	39.690709092	-121.824359768
1326.000000000	39.690709092	-121.824359768
1327.000000000	39.690709092	-121.824359768
1328.000000000	39.690709092	-121.824359768
1329.000000000	39.690709092	-121.824359768
1330.000000000	39.690709092	-121.824359768
1331.000000000	39.690709092	-121.824359768
1332.000000000	39.690709092	-121.824359768
1333.000000000	39.690709092	-121.824359768
1334.000000000	39.690709092	-121.824359768
1335.000000000	39.690709092	-121.824359768
1336.000000000	39.690709092	-121.824359768
1337.000000000	39.690709092	-121.824359768
1338.000000000	39.690709092	-121.824359768
1339.000000000	39.690709092	-121.824359768
1340.000000000	39.690709092	-121.824359768
1341.000000000	39.690709092	-121.824359768
1342.000000000	39.690709092	-121.824359768
1343.000000000	39.690709092	-121.824359768
1344.000000000	39.690709092	-121.824359768
1345.000000000	39.690709092	-121.824359768
1346.000000000	39.690709092	-121.824359768
1347.000000000	39.690709092	-121.824359768
1348.000000000	39.690709092	-121.824359768
1349.000000000	39.690709092	-121.824359768
1350.000000000	39.690709092	-121.824359768
1351.000000000	39.690709092	-121.824359768
1352.000000000	39.690709092	-121.824359768
1353.000000000	39.690709092	-121.824359768
1354.000000000	39.690709092	-121.824359768
1355.000000000	39.690709092	-121.824359768
1356.000000000	39.690709092	-121.824359768
1357.000000000	39.690709092	-121.824359768
1358.000000000	39.690709092	-121.824359768
1359.000000000	39.690709092	-121.824359768
1360.000000000	39.690709092	-121.824359768
1361.000000000	39.690709092	-121.824359768
1362.000000000	39.690709092	-121.824359768
1363.000000000	39.690709092	-121.824359768
1364.000000000	39.690709092	-121.824359768
1365.000000000	39.690709092	-121.824359768
1366.000000000	39.690709092	-121.824359768
1367.000000000	39.690709092	-121.824359768
1368.000000000	39.690709092	-121.824359768
1369.000000000	39.690709092	-121.824359768
1370.000000000	39.690709092	-121.824359768
1371.000000000	39.690709092	-121.824359768
1372.000000000	39.690709092	-121.824359768
1373.000000000	39.690709092	-121.824359768
1374.000000000	39.690709092	-121.824359768
1375.000000000	39.690709092	-121.824359768
1376.000000000	39.690709092	-121.824359768
1377.000000000	39.690709092	-121.824359768
1378.000000000	39.690709092	-121.824359768
1379.000000000	39.690709092	-121.824359768
1380.000000000	39.690709092	-121.824359768
1381.000000000	39.690709092	-121.824359768
1382.000000000	39.690709092	-121.824359768
1383.000000000	39.690709092	-121.824359768
1384.000000000	39.690709092	-121.824359768
1385.000000000	39.690709092	-121.824359768
1386.000000000	39.690709092	-121.824359768
1387.000000000	39.690709092	-121.824359768
1388.000000000	39.690709092	-121.824359768
1389.000000000	39.690709092	-121.824359768
1390.000000000	39.690709092	-121.824359768
1391.000000000	39.690709092	-121.824359768
1392.000000000	39.690709092	-121.824359768
1393.000000000	39.690709092	-121.824359768
1394.000000000	39.690709092	-121.824359768
1395.000000000	39.690709092	-121.824359768
1396.000000000	39.690709092	-121.824359768
1397.000000000	39.690709092	-121.824359768
1398.000000000	39.690709092	-121.824359768
1399.000000000	39.690709092	-121.824359768
