0.000000000	39.690182147	-121.824309323
1.000000000	39.690182147	-121.824309323
2.000000000	39.690181977	-121.824307810
3.000000000	39.690181853	-121.824307857
4.000000000	39.690181787	-121.824307702
5.000000000	39.690181615	-121.824307600
6.000000000	39.690181495	-121.824307590
7.000000000	39.690181427	-121.824307607
8.000000000	39.690181250	-121.824307637
9.000000000	39.690181257	-121.824307648
10.000000000	39.690181128	-121.824307625
11.000000000	39.690181053	-121.824307687
12.000000000	39.690180920	-121.824307682
13.000000000	39.690180743	-121.824307675
14.000000000	39.690180647	-121.824307665
15.000000000	39.690180450	-121.824307633
16.000000000	39.690180205	-121.824307510
17.000000000	39.690179928	-121.824307405
18.000000000	39.690179772	-121.824307262
19.000000000	39.690179660	-121.824307267
20.000000000	39.690179573	-121.824307275
21.000000000	39.690179463	-121.824307340
22.000000000	39.690179522	-121.824307492
23.000000000	39.690179502	-121.824307672
24.000000000	39.690179527	-121.824307898
25.000000000	39.690179573	-121.824307883
26.000000000	39.690179610	-121.824307953
27.000000000	39.690179573	-121.824307992
28.000000000	39.690179527	-121.824308045
29.000000000	39.690179448	-121.824308090
30.000000000	39.690179387	-121.824308200
31.000000000	39.690179487	-121.824308287
32.000000000	39.690179308	-121.824308180
33.000000000	39.690179268	-121.824307987
34.000000000	39.690179273	-121.824307988
35.000000000	39.690179183	-121.824307772
36.000000000	39.690179023	-121.824307480
37.000000000	39.690178873	-121.824307252
38.000000000	39.690178772	-121.824306933
39.000000000	39.690178645	-121.824306712
40.000000000	39.690178567	-121.824306598
41.000000000	39.690178470	-121.824306623
42.000000000	39.690178348	-121.824306565
43.000000000	39.690178137	-121.824306440
44.000000000	39.690178137	-121.824306440
45.000000000	39.690178137	-121.824306440
