0.000000000	39.690924983	-121.824183285
1.000000000	39.690924807	-121.824183428
2.000000000	39.690924877	-121.824183293
3.000000000	39.690924880	-121.824183262
4.000000000	39.690924910	-121.824183200
5.000000000	39.690924942	-121.824183158
6.000000000	39.690924947	-121.824183153
7.000000000	39.690925033	-121.824183222
8.000000000	39.690924965	-121.824183263
9.000000000	39.690924988	-121.824183183
10.000000000	39.690925010	-121.824183112
11.000000000	39.690925000	-121.824183115
12.000000000	39.690924925	-121.824183003
13.000000000	39.690924943	-121.824182965
14.000000000	39.690924767	-121.824183125
15.000000000	39.690925120	-121.824183038
16.000000000	39.690924943	-121.824183007
17.000000000	39.690928152	-121.824185958
18.000000000	39.690935613	-121.824196492
19.000000000	39.690940132	-121.824209763
20.000000000	39.690941483	-121.824224610
21.000000000	39.690939208	-121.824239872
22.000000000	39.690933350	-121.824253762
23.000000000	39.690924603	-121.824265713
24.000000000	39.690913675	-121.824274113
25.000000000	39.690901385	-121.824280875
26.000000000	39.690889282	-121.824289057
27.000000000	39.690877990	-121.824298307
28.000000000	39.690868452	-121.824310153
29.000000000	39.690859710	-121.824322425
30.000000000	39.690849857	-121.824332565
31.000000000	39.690838788	-121.824339423
32.000000000	39.690827188	-121.824343533
33.000000000	39.690815242	-121.824346418
34.000000000	39.690803968	-121.824353908
35.000000000	39.690793742	-121.824364080
36.000000000	39.690785092	-121.824376213
37.000000000	39.690776962	-121.824388822
38.000000000	39.690766765	-121.824397347
39.000000000	39.690755492	-121.824403135
40.000000000	39.690743843	-121.824406313
41.000000000	39.690731632	-121.824408410
42.000000000	39.690719880	-121.824415063
43.000000000	39.690709402	-121.824425572
44.000000000	39.690700750	-121.824436572
45.000000000	39.690692618	-121.824449018
46.000000000	39.690682948	-121.824456922
47.000000000	39.690676700	-121.824462268
48.000000000	39.690673412	-121.824465023
49.000000000	39.690672475	-121.824465847
50.000000000	39.690672647	-121.824466000
51.000000000	39.690672692	-121.824466008
52.000000000	39.690672732	-121.824466025
53.000000000	39.690672792	-121.824466025
54.000000000	39.690672850	-121.824466067
55.000000000	39.690672913	-121.824466042
56.000000000	39.690672968	-121.824466072
57.000000000	39.690673008	-121.824466060
58.000000000	39.690673057	-121.824466098
59.000000000	39.690673115	-121.824466058
60.000000000	39.690672807	-121.824465590
61.000000000	39.690672837	-121.824465513
62.000000000	39.690672798	-121.824465552
63.000000000	39.690672813	-121.824465737
64.000000000	39.690672930	-121.824465748
65.000000000	39.690672987	-121.824465737
66.000000000	39.690673005	-121.824465763
67.000000000	39.690673043	-121.824465827
68.000000000	39.690673092	-121.824465838
69.000000000	39.690673143	-121.824465858
70.000000000	39.690673183	-121.824465885
71.000000000	39.690673245	-121.824465898
72.000000000	39.690673200	-121.824465923
73.000000000	39.690673252	-121.824465888
74.000000000	39.690673182	-121.824465903
75.000000000	39.690673260	-121.824465942
76.000000000	39.690673252	-121.824465868
77.000000000	39.690673222	-121.824465852
78.000000000	39.690672993	-121.824465753
79.000000000	39.690672957	-121.824465607
80.000000000	39.690673063	-121.824465712
81.000000000	39.690673065	-121.824465742
82.000000000	39.690673150	-121.824465522
83.000000000	39.690673102	-121.824465458
84.000000000	39.690673033	-121.824465468
85.000000000	39.690673057	-121.824465375
86.000000000	39.690673060	-121.824465327
87.000000000	39.690673080	-121.824465267
88.000000000	39.690673158	-121.824465207
89.000000000	39.690673192	-121.824465097
90.000000000	39.690673182	-121.824465020
91.000000000	39.690673240	-121.824464962
92.000000000	39.690673072	-121.824465257
93.000000000	39.690666310	-121.824467320
94.000000000	39.690655968	-121.824466530
95.000000000	39.690650172	-121.824466937
96.000000000	39.690647380	-121.824467357
97.000000000	39.690646753	-121.824467460
98.000000000	39.690646388	-121.824467543
99.000000000	39.690639898	-121.824464813
100.000000000	39.690631185	-121.824455507
101.000000000	39.690625945	-121.824442612
102.000000000	39.690624945	-121.824428167
103.000000000	39.690628220	-121.824414277
104.000000000	39.690635408	-121.824402360
105.000000000	39.690644317	-121.824393212
106.000000000	39.690655665	-121.824390227
107.000000000	39.690667075	-121.824392948
108.000000000	39.690676643	-121.824401032
109.000000000	39.690682958	-121.824413393
110.000000000	39.690685325	-121.824427822
111.000000000	39.690683073	-121.824442178
112.000000000	39.690676727	-121.824454153
113.000000000	39.690667705	-121.824462763
114.000000000	39.690656800	-121.824466100
115.000000000	39.690645750	-121.824464657
116.000000000	39.690635928	-121.824457748
117.000000000	39.690627618	-121.824447727
118.000000000	39.690617295	-121.824439523
119.000000000	39.690604515	-121.824437235
120.000000000	39.690591780	-121.824439832
121.000000000	39.690579965	-121.824446382
122.000000000	39.690569435	-121.824456038
123.000000000	39.690560595	-121.824467752
124.000000000	39.690553237	-121.824481478
125.000000000	39.690546975	-121.824495858
126.000000000	39.690539063	-121.824508135
127.000000000	39.690529543	-121.824517307
128.000000000	39.690518762	-121.824523773
129.000000000	39.690507473	-121.824529215
130.000000000	39.690497428	-121.824539118
131.000000000	39.690489275	-121.824551847
132.000000000	39.690483152	-121.824566327
133.000000000	39.690481737	-121.824582833
134.000000000	39.690484102	-121.824599040
135.000000000	39.690489567	-121.824614215
136.000000000	39.690498507	-121.824626975
137.000000000	39.690509377	-121.824636148
138.000000000	39.690521765	-121.824641632
139.000000000	39.690534687	-121.824643470
140.000000000	39.690547453	-121.824640823
141.000000000	39.690560078	-121.824635623
142.000000000	39.690572195	-121.824628457
143.000000000	39.690583307	-121.824620182
144.000000000	39.690595413	-121.824616512
145.000000000	39.690607625	-121.824615588
146.000000000	39.690619853	-121.824617528
147.000000000	39.690631787	-121.824620915
148.000000000	39.690644712	-121.824619157
149.000000000	39.690657135	-121.824614413
150.000000000	39.690668730	-121.824606988
151.000000000	39.690679613	-121.824598297
152.000000000	39.690691495	-121.824594007
153.000000000	39.690703637	-121.824593602
154.000000000	39.690715863	-121.824595818
155.000000000	39.690728000	-121.824599615
156.000000000	39.690741010	-121.824598415
157.000000000	39.690753538	-121.824593305
158.000000000	39.690764733	-121.824584998
159.000000000	39.690774878	-121.824575167
160.000000000	39.690785990	-121.824567948
161.000000000	39.690795718	-121.824557370
162.000000000	39.690802398	-121.824543150
163.000000000	39.690806593	-121.824527153
164.000000000	39.690807730	-121.824510440
165.000000000	39.690806605	-121.824493958
166.000000000	39.690803653	-121.824477587
167.000000000	39.690800065	-121.824461960
168.000000000	39.690799892	-121.824446133
169.000000000	39.690801993	-121.824430357
170.000000000	39.690805787	-121.824415778
171.000000000	39.690810153	-121.824401603
172.000000000	39.690810538	-121.824384877
173.000000000	39.690806052	-121.824368880
174.000000000	39.690798027	-121.824354822
175.000000000	39.690787632	-121.824344030
176.000000000	39.690775810	-121.824336873
177.000000000	39.690763075	-121.824333610
178.000000000	39.690750105	-121.824333965
179.000000000	39.690737387	-121.824336637
180.000000000	39.690724968	-121.824341673
181.000000000	39.690712935	-121.824347682
182.000000000	39.690700000	-121.824349500
183.000000000	39.690687872	-121.824348787
184.000000000	39.690676518	-121.824344823
185.000000000	39.690664565	-121.824341667
186.000000000	39.690651700	-121.824342945
187.000000000	39.690639215	-121.824347073
188.000000000	39.690627405	-121.824353050
189.000000000	39.690616093	-121.824360245
190.000000000	39.690604408	-121.824362783
191.000000000	39.690594860	-121.824364153
192.000000000	39.690589020	-121.824365298
193.000000000	39.690586258	-121.824365860
194.000000000	39.690582735	-121.824366652
195.000000000	39.690570877	-121.824369477
196.000000000	39.690558642	-121.824370497
197.000000000	39.690546778	-121.824368190
198.000000000	39.690590418	-121.824285527
199.000000000	39.690521768	-121.824366348
200.000000000	39.690510442	-121.824374553
201.000000000	39.690498607	-121.824379513
202.000000000	39.690486932	-121.824377592
203.000000000	39.690477383	-121.824369568
204.000000000	39.690469873	-121.824358325
205.000000000	39.690465517	-121.824344578
206.000000000	39.690464067	-121.824329813
207.000000000	39.690465568	-121.824314682
208.000000000	39.690469260	-121.824299085
209.000000000	39.690474898	-121.824285105
210.000000000	39.690480670	-121.824271968
211.000000000	39.690485115	-121.824255915
212.000000000	39.690486438	-121.824238893
213.000000000	39.690485653	-121.824222235
214.000000000	39.690484347	-121.824209055
215.000000000	39.690485685	-121.824199895
216.000000000	39.690486725	-121.824195372
217.000000000	39.690485693	-121.824195882
218.000000000	39.690486358	-121.824196197
219.000000000	39.690486368	-121.824196253
220.000000000	39.690486368	-121.824196253
