0.000000000	39.690918868	-121.824161543
1.000000000	39.690919743	-121.824158312
2.000000000	39.690919723	-121.824158342
3.000000000	39.690919702	-121.824158363
4.000000000	39.690919687	-121.824158352
5.000000000	39.690919670	-121.824158377
6.000000000	39.690919658	-121.824158412
7.000000000	39.690919663	-121.824158388
8.000000000	39.690919633	-121.824158392
9.000000000	39.690919595	-121.824158383
10.000000000	39.690919572	-121.824158363
11.000000000	39.690919535	-121.824158362
12.000000000	39.690919538	-121.824158365
13.000000000	39.690919533	-121.824158360
14.000000000	39.690919562	-121.824158372
15.000000000	39.690919518	-121.824158385
16.000000000	39.690919545	-121.824158382
17.000000000	39.690919565	-121.824158365
18.000000000	39.690919533	-121.824158395
19.000000000	39.690919538	-121.824158435
20.000000000	39.690919527	-121.824158453
21.000000000	39.690919600	-121.824158398
22.000000000	39.690919598	-121.824158397
23.000000000	39.690919618	-121.824158407
24.000000000	39.690919602	-121.824158442
25.000000000	39.690919613	-121.824158440
26.000000000	39.690919662	-121.824158378
27.000000000	39.690919687	-121.824158378
28.000000000	39.690919647	-121.824158423
29.000000000	39.690919653	-121.824158445
30.000000000	39.690919678	-121.824158428
31.000000000	39.690919673	-121.824158407
32.000000000	39.690919670	-121.824158397
33.000000000	39.690919668	-121.824158400
34.000000000	39.690919687	-121.824158380
35.000000000	39.690919683	-121.824158395
36.000000000	39.690919703	-121.824158353
37.000000000	39.690919712	-121.824158397
38.000000000	39.690919735	-121.824158392
39.000000000	39.690919747	-121.824158383
40.000000000	39.690919740	-121.824158485
41.000000000	39.690919775	-121.824158475
42.000000000	39.690919738	-121.824158495
43.000000000	39.690919772	-121.824158513
44.000000000	39.690919768	-121.824158490
45.000000000	39.690919778	-121.824158512
46.000000000	39.690919780	-121.824158553
47.000000000	39.690919823	-121.824158567
48.000000000	39.690919812	-121.824158608
49.000000000	39.690919835	-121.824158558
50.000000000	39.690919825	-121.824158605
51.000000000	39.690919778	-121.824158612
52.000000000	39.690919743	-121.824158613
53.000000000	39.690919685	-121.824158605
54.000000000	39.690919682	-121.824158588
55.000000000	39.690919672	-121.824158580
56.000000000	39.690919705	-121.824158488
57.000000000	39.690919722	-121.824158467
58.000000000	39.690919698	-121.824158445
59.000000000	39.690919717	-121.824158433
60.000000000	39.690919710	-121.824158430
61.000000000	39.690919725	-121.824158420
62.000000000	39.690919745	-121.824158405
63.000000000	39.690919765	-121.824158380
64.000000000	39.690919895	-121.824158362
65.000000000	39.690922268	-121.824160350
66.000000000	39.690922245	-121.824160383
67.000000000	39.690922037	-121.824160195
68.000000000	39.690921850	-121.824160083
69.000000000	39.690923707	-121.824160830
70.000000000	39.690926162	-121.824161645
71.000000000	39.690935593	-121.824162078
72.000000000	39.690946350	-121.824162010
73.000000000	39.690957127	-121.824159845
74.000000000	39.690967677	-121.824160725
75.000000000	39.690976558	-121.824166368
76.000000000	39.690985523	-121.824172895
77.000000000	39.690996455	-121.824175957
78.000000000	39.691007922	-121.824173855
79.000000000	39.691018515	-121.824168525
80.000000000	39.691028143	-121.824159885
81.000000000	39.691034838	-121.824147965
82.000000000	39.691038780	-121.824133855
83.000000000	39.691039182	-121.824118542
84.000000000	39.691036000	-121.824104097
85.000000000	39.691029822	-121.824090972
86.000000000	39.691020633	-121.824081188
87.000000000	39.691012072	-121.824071060
88.000000000	39.691000207	-121.824068445
89.000000000	39.690988650	-121.824067263
90.000000000	39.690976952	-121.824073118
91.000000000	39.690966892	-121.824083215
92.000000000	39.690957635	-121.824093452
93.000000000	39.690949795	-121.824104805
94.000000000	39.690945807	-121.824120197
95.000000000	39.690945343	-121.824135855
96.000000000	39.690944113	-121.824150673
97.000000000	39.690942298	-121.824165303
98.000000000	39.690943733	-121.824180858
99.000000000	39.690943175	-121.824195520
100.000000000	39.690937633	-121.824207950
101.000000000	39.690929520	-121.824218847
102.000000000	39.690921385	-121.824230547
103.000000000	39.690914248	-121.824244030
104.000000000	39.690912452	-121.824259887
105.000000000	39.690914532	-121.824274940
106.000000000	39.690919757	-121.824288923
107.000000000	39.690927462	-121.824300230
108.000000000	39.690937508	-121.824307610
109.000000000	39.690948522	-121.824311810
110.000000000	39.690959922	-121.824312443
111.000000000	39.690971027	-121.824309083
112.000000000	39.690981368	-121.824303843
113.000000000	39.690991482	-121.824300582
114.000000000	39.691001017	-121.824293698
115.000000000	39.691008763	-121.824283392
116.000000000	39.691017163	-121.824274752
117.000000000	39.691022383	-121.824266055
118.000000000	39.691022842	-121.824264522
119.000000000	39.691022672	-121.824265098
120.000000000	39.691022612	-121.824265213
121.000000000	39.691022580	-121.824265292
122.000000000	39.691022572	-121.824265240
123.000000000	39.691022707	-121.824265067
124.000000000	39.691022393	-121.824265590
125.000000000	39.691022377	-121.824265577
126.000000000	39.691022392	-121.824265607
127.000000000	39.691022293	-121.824265802
128.000000000	39.691022255	-121.824265940
129.000000000	39.691021820	-121.824266395
130.000000000	39.691020760	-121.824267778
131.000000000	39.691015675	-121.824274605
132.000000000	39.691008648	-121.824283867
133.000000000	39.691000767	-121.824293992
134.000000000	39.690992762	-121.824304500
135.000000000	39.690984900	-121.824314983
136.000000000	39.690977527	-121.824324833
137.000000000	39.690971333	-121.824333213
138.000000000	39.690966605	-121.824339880
139.000000000	39.690963288	-121.824344187
140.000000000	39.690961865	-121.824346233
141.000000000	39.690961660	-121.824346493
142.000000000	39.690961652	-121.824346513
143.000000000	39.690961620	-121.824346517
144.000000000	39.690961527	-121.824346620
145.000000000	39.690961472	-121.824346735
146.000000000	39.690961355	-121.824346800
147.000000000	39.690961302	-121.824346983
148.000000000	39.690961217	-121.824347022
149.000000000	39.690961318	-121.824346822
150.000000000	39.690961382	-121.824346845
151.000000000	39.690961408	-121.824346708
152.000000000	39.690961900	-121.824345405
153.000000000	39.690964627	-121.824331318
154.000000000	39.690964245	-121.824316337
155.000000000	39.690960532	-121.824302163
156.000000000	39.690953832	-121.824289700
157.000000000	39.690946260	-121.824280853
158.000000000	39.690942565	-121.824274635
159.000000000	39.690939638	-121.824269883
160.000000000	39.690930820	-121.824260590
161.000000000	39.690920628	-121.824253382
162.000000000	39.690909387	-121.824247295
163.000000000	39.690896950	-121.824245843
164.000000000	39.690885250	-121.824244927
165.000000000	39.690873450	-121.824249728
166.000000000	39.690863440	-121.824258675
167.000000000	39.690854082	-121.824267812
168.000000000	39.690847442	-121.824280767
169.000000000	39.690840897	-121.824292685
170.000000000	39.690833543	-121.824303573
171.000000000	39.690825922	-121.824314138
172.000000000	39.690818152	-121.824324350
173.000000000	39.690810425	-121.824334310
174.000000000	39.690802575	-121.824344153
175.000000000	39.690794737	-121.824354115
176.000000000	39.690789727	-121.824367822
177.000000000	39.690788833	-121.824383078
178.000000000	39.690791735	-121.824397958
179.000000000	39.690797873	-121.824411318
180.000000000	39.690805255	-121.824423222
181.000000000	39.690811618	-121.824435417
182.000000000	39.690821463	-121.824443832
183.000000000	39.690832758	-121.824447355
184.000000000	39.690844220	-121.824446282
185.000000000	39.690854933	-121.824441145
186.000000000	39.690864680	-121.824432838
187.000000000	39.690874287	-121.824425642
188.000000000	39.690883948	-121.824419338
189.000000000	39.690891187	-121.824407600
190.000000000	39.690895293	-121.824393920
191.000000000	39.690896610	-121.824381490
192.000000000	39.690896410	-121.824370175
193.000000000	39.690893917	-121.824357538
194.000000000	39.690893387	-121.824350183
195.000000000	39.690893287	-121.824346585
196.000000000	39.690893270	-121.824346163
197.000000000	39.690893243	-121.824346195
198.000000000	39.690893253	-121.824346213
199.000000000	39.690893283	-121.824346195
200.000000000	39.690893315	-121.824346215
201.000000000	39.690893330	-121.824346270
202.000000000	39.690893370	-121.824345972
203.000000000	39.690893323	-121.824346185
204.000000000	39.690893337	-121.824346200
205.000000000	39.690893318	-121.824345908
206.000000000	39.690893402	-121.824345562
207.000000000	39.690893435	-121.824345710
208.000000000	39.690893482	-121.824345553
209.000000000	39.690893613	-121.824345380
210.000000000	39.690892952	-121.824342308
211.000000000	39.690888172	-121.824330907
212.000000000	39.690884873	-121.824322980
213.000000000	39.690883343	-121.824318725
214.000000000	39.690882988	-121.824317868
215.000000000	39.690882787	-121.824317398
216.000000000	39.690881542	-121.824310053
217.000000000	39.690879962	-121.824305370
218.000000000	39.690879457	-121.824303545
219.000000000	39.690879463	-121.824303565
220.000000000	39.690879470	-121.824303567
221.000000000	39.690879448	-121.824303643
222.000000000	39.690879798	-121.824303207
223.000000000	39.690879717	-121.824303227
224.000000000	39.690879748	-121.824301618
225.000000000	39.690875452	-121.824292380
226.000000000	39.690867788	-121.824281350
227.000000000	39.690858867	-121.824272223
228.000000000	39.690849342	-121.824264495
229.000000000	39.690839145	-121.824258225
230.000000000	39.690828543	-121.824253415
231.000000000	39.690817480	-121.824250177
232.000000000	39.690806272	-121.824248222
233.000000000	39.690794927	-121.824247575
234.000000000	39.690783613	-121.824248235
235.000000000	39.690772372	-121.824250087
236.000000000	39.690761383	-121.824252852
237.000000000	39.690750568	-121.824256392
238.000000000	39.690739955	-121.824260757
239.000000000	39.690729562	-121.824265863
240.000000000	39.690719383	-121.824271490
241.000000000	39.690709440	-121.824278043
242.000000000	39.690699682	-121.824285272
243.000000000	39.690689967	-121.824292850
244.000000000	39.690681078	-121.824300528
245.000000000	39.690672218	-121.824308832
246.000000000	39.690663453	-121.824317367
247.000000000	39.690654970	-121.824326305
248.000000000	39.690646723	-121.824335637
249.000000000	39.690638760	-121.824344978
250.000000000	39.690630898	-121.824354710
251.000000000	39.690623307	-121.824364430
252.000000000	39.690615882	-121.824374680
253.000000000	39.690608588	-121.824384992
254.000000000	39.690601313	-121.824395575
255.000000000	39.690594232	-121.824406335
256.000000000	39.690587242	-121.824417138
257.000000000	39.690580338	-121.824427893
258.000000000	39.690573630	-121.824438752
259.000000000	39.690567038	-121.824449840
260.000000000	39.690560398	-121.824460912
261.000000000	39.690553865	-121.824472012
262.000000000	39.690547305	-121.824483163
263.000000000	39.690540833	-121.824494298
264.000000000	39.690534320	-121.824505332
265.000000000	39.690527897	-121.824516258
266.000000000	39.690521370	-121.824527108
267.000000000	39.690514753	-121.824537723
268.000000000	39.690508238	-121.824548647
269.000000000	39.690504600	-121.824562183
270.000000000	39.690502908	-121.824576467
271.000000000	39.690503168	-121.824590703
272.000000000	39.690504992	-121.824604750
273.000000000	39.690508258	-121.824618307
274.000000000	39.690512997	-121.824631182
275.000000000	39.690518803	-121.824643082
276.000000000	39.690525795	-121.824654192
277.000000000	39.690533700	-121.824664140
278.000000000	39.690542327	-121.824673018
279.000000000	39.690551748	-121.824680692
280.000000000	39.690561640	-121.824687333
281.000000000	39.690571997	-121.824692745
282.000000000	39.690582742	-121.824697185
283.000000000	39.690593682	-121.824700317
284.000000000	39.690604723	-121.824702397
285.000000000	39.690615770	-121.824703417
286.000000000	39.690626818	-121.824703318
287.000000000	39.690637847	-121.824702260
288.000000000	39.690648902	-121.824700327
289.000000000	39.690659873	-121.824697828
290.000000000	39.690670683	-121.824694472
291.000000000	39.690681372	-121.824690292
292.000000000	39.690691852	-121.824685563
293.000000000	39.690702063	-121.824680393
294.000000000	39.690712023	-121.824674657
295.000000000	39.690721818	-121.824668173
296.000000000	39.690731350	-121.824661553
297.000000000	39.690740532	-121.824654353
298.000000000	39.690749478	-121.824646688
299.000000000	39.690758153	-121.824638673
300.000000000	39.690766470	-121.824630222
301.000000000	39.690774390	-121.824621358
302.000000000	39.690781828	-121.824611830
303.000000000	39.690788588	-121.824601388
304.000000000	39.690795023	-121.824590347
305.000000000	39.690800803	-121.824578890
306.000000000	39.690806012	-121.824567137
307.000000000	39.690810618	-121.824554943
308.000000000	39.690814732	-121.824542598
309.000000000	39.690818413	-121.824530005
310.000000000	39.690821585	-121.824517165
311.000000000	39.690824122	-121.824504213
312.000000000	39.690826295	-121.824491247
313.000000000	39.690827997	-121.824478222
314.000000000	39.690829405	-121.824465048
315.000000000	39.690830185	-121.824451572
316.000000000	39.690830573	-121.824438123
317.000000000	39.690830560	-121.824424740
318.000000000	39.690830030	-121.824411263
319.000000000	39.690828212	-121.824397985
320.000000000	39.690824907	-121.824385030
321.000000000	39.690820460	-121.824372730
322.000000000	39.690815108	-121.824361005
323.000000000	39.690808942	-121.824349958
324.000000000	39.690801873	-121.824339512
325.000000000	39.690794090	-121.824330173
326.000000000	39.690785787	-121.824321468
327.000000000	39.690777050	-121.824313925
328.000000000	39.690767960	-121.824307255
329.000000000	39.690758683	-121.824301342
330.000000000	39.690749148	-121.824296178
331.000000000	39.690739400	-121.824291912
332.000000000	39.690729413	-121.824288228
333.000000000	39.690719157	-121.824285318
334.000000000	39.690708697	-121.824283428
335.000000000	39.690698177	-121.824282070
336.000000000	39.690687748	-121.824281288
337.000000000	39.690677517	-121.824281597
338.000000000	39.690667270	-121.824282190
339.000000000	39.690657120	-121.824283278
340.000000000	39.690646953	-121.824285075
341.000000000	39.690636937	-121.824287227
342.000000000	39.690626950	-121.824290142
343.000000000	39.690617090	-121.824293373
344.000000000	39.690607303	-121.824297210
345.000000000	39.690597772	-121.824301263
346.000000000	39.690588298	-121.824305542
347.000000000	39.690579102	-121.824310393
348.000000000	39.690570100	-121.824315567
349.000000000	39.690561158	-121.824321035
350.000000000	39.690552300	-121.824327060
351.000000000	39.690543527	-121.824333445
352.000000000	39.690534643	-121.824339375
353.000000000	39.690525152	-121.824341440
354.000000000	39.690515497	-121.824341635
355.000000000	39.690506068	-121.824339722
356.000000000	39.690496977	-121.824336420
357.000000000	39.690488285	-121.824331390
358.000000000	39.690480035	-121.824325280
359.000000000	39.690472320	-121.824318015
360.000000000	39.690465130	-121.824309753
361.000000000	39.690458820	-121.824300533
362.000000000	39.690453358	-121.824290403
363.000000000	39.690448830	-121.824279457
364.000000000	39.690445060	-121.824268220
365.000000000	39.690442098	-121.824256412
366.000000000	39.690439990	-121.824244585
367.000000000	39.690438800	-121.824232127
368.000000000	39.690438672	-121.824219787
369.000000000	39.690439462	-121.824207612
370.000000000	39.690440938	-121.824195388
371.000000000	39.690443480	-121.824183743
372.000000000	39.690447077	-121.824172538
373.000000000	39.690451765	-121.824162065
374.000000000	39.690457115	-121.824152257
375.000000000	39.690463425	-121.824142832
376.000000000	39.690470318	-121.824134285
377.000000000	39.690477713	-121.824126445
378.000000000	39.690485272	-121.824119123
379.000000000	39.690493318	-121.824112912
380.000000000	39.690501523	-121.824107080
381.000000000	39.690510028	-121.824102145
382.000000000	39.690518748	-121.824097717
383.000000000	39.690527688	-121.824093937
384.000000000	39.690536762	-121.824090742
385.000000000	39.690546045	-121.824088030
386.000000000	39.690555128	-121.824086047
387.000000000	39.690564598	-121.824084215
388.000000000	39.690573902	-121.824082720
389.000000000	39.690583413	-121.824081797
390.000000000	39.690592937	-121.824081188
391.000000000	39.690602635	-121.824080653
392.000000000	39.690612067	-121.824080680
393.000000000	39.690621498	-121.824081130
394.000000000	39.690631043	-121.824081545
395.000000000	39.690640638	-121.824082317
396.000000000	39.690650108	-121.824083808
397.000000000	39.690659267	-121.824085398
398.000000000	39.690668747	-121.824086948
399.000000000	39.690678123	-121.824088637
400.000000000	39.690687532	-121.824090722
401.000000000	39.690696915	-121.824092948
402.000000000	39.690706273	-121.824095212
403.000000000	39.690715603	-121.824097815
404.000000000	39.690723907	-121.824097570
405.000000000	39.690728752	-121.824096918
406.000000000	39.690731392	-121.824097243
407.000000000	39.690732112	-121.824097257
408.000000000	39.690732087	-121.824097208
409.000000000	39.690732113	-121.824097125
410.000000000	39.690732160	-121.824097032
411.000000000	39.690732210	-121.824096945
412.000000000	39.690732248	-121.824096870
413.000000000	39.690732313	-121.824096762
414.000000000	39.690732385	-121.824096658
415.000000000	39.690732407	-121.824096507
416.000000000	39.690732450	-121.824096408
417.000000000	39.690732557	-121.824096288
418.000000000	39.690736872	-121.824094892
419.000000000	39.690745688	-121.824088300
420.000000000	39.690753913	-121.824080218
421.000000000	39.690762610	-121.824074688
422.000000000	39.690771452	-121.824071232
423.000000000	39.690780733	-121.824068900
424.000000000	39.690790115	-121.824067472
425.000000000	39.690799557	-121.824067082
426.000000000	39.690809033	-121.824067380
427.000000000	39.690818395	-121.824068530
428.000000000	39.690827717	-121.824070320
429.000000000	39.690836750	-121.824072805
430.000000000	39.690845812	-121.824075858
431.000000000	39.690854650	-121.824079432
432.000000000	39.690863150	-121.824083500
433.000000000	39.690871415	-121.824087922
434.000000000	39.690879585	-121.824092558
435.000000000	39.690887363	-121.824097602
436.000000000	39.690894965	-121.824102878
437.000000000	39.690902427	-121.824108732
438.000000000	39.690908763	-121.824113487
439.000000000	39.690911258	-121.824115428
440.000000000	39.690911167	-121.824115295
441.000000000	39.690910853	-121.824115143
442.000000000	39.690910815	-121.824115183
443.000000000	39.690910805	-121.824115245
444.000000000	39.690910782	-121.824115358
445.000000000	39.690910723	-121.824115395
446.000000000	39.690910715	-121.824115470
447.000000000	39.690910698	-121.824115538
448.000000000	39.690910647	-121.824115567
449.000000000	39.690910623	-121.824115635
450.000000000	39.690910573	-121.824115672
451.000000000	39.690910528	-121.824115710
452.000000000	39.690910538	-121.824115695
453.000000000	39.690910573	-121.824115735
454.000000000	39.690910535	-121.824115780
455.000000000	39.690910552	-121.824115802
456.000000000	39.690910563	-121.824115843
457.000000000	39.690910597	-121.824115883
458.000000000	39.690910628	-121.824115868
459.000000000	39.690910635	-121.824115922
460.000000000	39.690910643	-121.824115898
461.000000000	39.690910647	-121.824115920
462.000000000	39.690910668	-121.824115903
463.000000000	39.690910677	-121.824115857
464.000000000	39.690910667	-121.824115843
465.000000000	39.690910685	-121.824115853
466.000000000	39.690910667	-121.824115903
467.000000000	39.690910663	-121.824115888
468.000000000	39.690910635	-121.824115945
469.000000000	39.690910620	-121.824115943
470.000000000	39.690910612	-121.824115995
471.000000000	39.690910607	-121.824116018
472.000000000	39.690910597	-121.824116050
473.000000000	39.690910610	-121.824116088
474.000000000	39.690910600	-121.824116117
475.000000000	39.690910565	-121.824116132
476.000000000	39.690910593	-121.824116117
477.000000000	39.690910575	-121.824116142
478.000000000	39.690910580	-121.824116113
479.000000000	39.690910528	-121.824116137
480.000000000	39.690910543	-121.824116152
481.000000000	39.690910527	-121.824116147
482.000000000	39.690910503	-121.824116130
483.000000000	39.690910477	-121.824116173
484.000000000	39.690910432	-121.824116168
485.000000000	39.690910402	-121.824116177
486.000000000	39.690910383	-121.824116195
487.000000000	39.690910372	-121.824116188
488.000000000	39.690910382	-121.824116243
489.000000000	39.690910345	-121.824116302
490.000000000	39.690910343	-121.824116327
491.000000000	39.690910285	-121.824116363
492.000000000	39.690910257	-121.824116387
493.000000000	39.690910190	-121.824116403
494.000000000	39.690910143	-121.824116397
495.000000000	39.690910078	-121.824116457
496.000000000	39.690910042	-121.824116455
497.000000000	39.690909998	-121.824116513
498.000000000	39.690909945	-121.824116543
499.000000000	39.690909930	-121.824116573
500.000000000	39.690909903	-121.824116590
501.000000000	39.690909872	-121.824116612
502.000000000	39.690909862	-121.824116632
503.000000000	39.690909863	-121.824116645
504.000000000	39.690909882	-121.824116658
505.000000000	39.690909908	-121.824116688
506.000000000	39.690909933	-121.824116677
507.000000000	39.690909928	-121.824116642
508.000000000	39.690909963	-121.824116618
509.000000000	39.690909965	-121.824116598
510.000000000	39.690909945	-121.824116608
511.000000000	39.690909915	-121.824116667
512.000000000	39.690909913	-121.824116688
513.000000000	39.690909895	-121.824116733
514.000000000	39.690909872	-121.824116770
515.000000000	39.690909893	-121.824116800
516.000000000	39.690909867	-121.824116842
517.000000000	39.690909842	-121.824116880
518.000000000	39.690909863	-121.824116927
519.000000000	39.690909865	-121.824117000
520.000000000	39.690909840	-121.824117058
521.000000000	39.690909850	-121.824117147
522.000000000	39.690909872	-121.824117218
523.000000000	39.690909883	-121.824117297
524.000000000	39.690909917	-121.824117345
525.000000000	39.690909945	-121.824117390
526.000000000	39.690909950	-121.824117497
527.000000000	39.690909978	-121.824117518
528.000000000	39.690909973	-121.824117567
529.000000000	39.690909978	-121.824117622
530.000000000	39.690910020	-121.824117618
531.000000000	39.690910052	-121.824117662
532.000000000	39.690910085	-121.824117673
533.000000000	39.690910123	-121.824117692
534.000000000	39.690910165	-121.824117658
535.000000000	39.690910217	-121.824117665
536.000000000	39.690910267	-121.824117653
537.000000000	39.690910332	-121.824117665
538.000000000	39.690910377	-121.824117678
539.000000000	39.690910418	-121.824117642
540.000000000	39.690910437	-121.824117662
541.000000000	39.690910473	-121.824117687
542.000000000	39.690910487	-121.824117703
543.000000000	39.690910490	-121.824117733
544.000000000	39.690910502	-121.824117760
545.000000000	39.690910510	-121.824117788
546.000000000	39.690910503	-121.824117797
547.000000000	39.690910525	-121.824117793
548.000000000	39.690910515	-121.824117807
549.000000000	39.690910518	-121.824117795
550.000000000	39.690910573	-121.824117802
551.000000000	39.690910595	-121.824117797
552.000000000	39.690910598	-121.824117820
553.000000000	39.690910580	-121.824117810
554.000000000	39.690910605	-121.824117767
555.000000000	39.690910575	-121.824117728
556.000000000	39.690910598	-121.824117672
557.000000000	39.690910593	-121.824117648
558.000000000	39.690910573	-121.824117595
559.000000000	39.690910612	-121.824117510
560.000000000	39.690910612	-121.824117462
561.000000000	39.690910610	-121.824117400
562.000000000	39.690910578	-121.824117380
563.000000000	39.690910593	-121.824117312
564.000000000	39.690910568	-121.824117322
565.000000000	39.690910563	-121.824117310
566.000000000	39.690910578	-121.824117282
567.000000000	39.690910577	-121.824117232
568.000000000	39.690910588	-121.824117200
569.000000000	39.690910542	-121.824117225
570.000000000	39.690910513	-121.824117197
571.000000000	39.690910490	-121.824117197
572.000000000	39.690910493	-121.824117195
573.000000000	39.690910447	-121.824117245
574.000000000	39.690910417	-121.824117245
575.000000000	39.690910383	-121.824117307
576.000000000	39.690910348	-121.824117375
577.000000000	39.690910298	-121.824117442
578.000000000	39.690910245	-121.824117535
579.000000000	39.690910223	-121.824117575
580.000000000	39.690910203	-121.824117633
581.000000000	39.690910178	-121.824117687
582.000000000	39.690910168	-121.824117697
583.000000000	39.690910172	-121.824117757
584.000000000	39.690910185	-121.824117783
585.000000000	39.690910202	-121.824117780
586.000000000	39.690910205	-121.824117792
587.000000000	39.690910195	-121.824117768
588.000000000	39.690910188	-121.824117722
589.000000000	39.690910172	-121.824117723
590.000000000	39.690910170	-121.824117715
591.000000000	39.690910180	-121.824117723
592.000000000	39.690910163	-121.824117722
593.000000000	39.690910140	-121.824117735
594.000000000	39.690910087	-121.824117733
595.000000000	39.690910055	-121.824117760
596.000000000	39.690910062	-121.824117747
597.000000000	39.690910012	-121.824117762
598.000000000	39.690909992	-121.824117780
599.000000000	39.690909955	-121.824117838
600.000000000	39.690909945	-121.824117825
601.000000000	39.690909902	-121.824117850
602.000000000	39.690909897	-121.824117820
603.000000000	39.690909875	-121.824117835
604.000000000	39.690909853	-121.824117888
605.000000000	39.690909858	-121.824117907
606.000000000	39.690909870	-121.824117917
607.000000000	39.690909872	-121.824117943
608.000000000	39.690909880	-121.824117943
609.000000000	39.690909903	-121.824117908
610.000000000	39.690909882	-121.824117913
611.000000000	39.690909900	-121.824117857
612.000000000	39.690909897	-121.824117850
613.000000000	39.690909912	-121.824117800
614.000000000	39.690909890	-121.824117810
615.000000000	39.690909878	-121.824117803
616.000000000	39.690909860	-121.824117823
617.000000000	39.690909838	-121.824117818
618.000000000	39.690909828	-121.824117815
619.000000000	39.690909788	-121.824117833
620.000000000	39.690909767	-121.824117808
621.000000000	39.690909758	-121.824117818
622.000000000	39.690909727	-121.824117842
623.000000000	39.690909717	-121.824117855
624.000000000	39.690909712	-121.824117890
625.000000000	39.690909690	-121.824118000
626.000000000	39.690909682	-121.824118023
627.000000000	39.690909670	-121.824118047
628.000000000	39.690909662	-121.824117988
629.000000000	39.690909653	-121.824117992
630.000000000	39.690909672	-121.824117933
631.000000000	39.690909662	-121.824117903
632.000000000	39.690909657	-121.824117900
633.000000000	39.690909685	-121.824117858
634.000000000	39.690909700	-121.824117842
635.000000000	39.690909702	-121.824117773
636.000000000	39.690909762	-121.824117737
637.000000000	39.690909742	-121.824117690
638.000000000	39.690909758	-121.824117647
639.000000000	39.690909745	-121.824117630
640.000000000	39.690909720	-121.824117600
641.000000000	39.690909722	-121.824117568
642.000000000	39.690909737	-121.824117527
643.000000000	39.690909717	-121.824117507
644.000000000	39.690909703	-121.824117513
645.000000000	39.690909705	-121.824117502
646.000000000	39.690909673	-121.824117505
647.000000000	39.690909657	-121.824117478
648.000000000	39.690909622	-121.824117478
649.000000000	39.690909632	-121.824117455
650.000000000	39.690909632	-121.824117408
651.000000000	39.690909615	-121.824117425
652.000000000	39.690909618	-121.824117400
653.000000000	39.690909623	-121.824117380
654.000000000	39.690909638	-121.824117342
655.000000000	39.690909628	-121.824117290
656.000000000	39.690909623	-121.824117245
657.000000000	39.690909673	-121.824117213
658.000000000	39.690909633	-121.824117185
659.000000000	39.690909612	-121.824117153
660.000000000	39.690909583	-121.824117130
661.000000000	39.690909528	-121.824117155
662.000000000	39.690909478	-121.824117190
663.000000000	39.690909423	-121.824117170
664.000000000	39.690909375	-121.824117338
665.000000000	39.690909317	-121.824117283
666.000000000	39.690909262	-121.824117318
667.000000000	39.690909215	-121.824117372
668.000000000	39.690909190	-121.824117388
669.000000000	39.690909128	-121.824117435
670.000000000	39.690909073	-121.824117453
671.000000000	39.690909035	-121.824117480
672.000000000	39.690908997	-121.824117487
673.000000000	39.690908947	-121.824117500
674.000000000	39.690908922	-121.824117548
675.000000000	39.690908885	-121.824117545
676.000000000	39.690908873	-121.824117560
677.000000000	39.690908813	-121.824117540
678.000000000	39.690908793	-121.824117542
679.000000000	39.690908743	-121.824117510
680.000000000	39.690908723	-121.824117472
681.000000000	39.690908697	-121.824117400
682.000000000	39.690908680	-121.824117370
683.000000000	39.690908653	-121.824117370
684.000000000	39.690908650	-121.824117325
685.000000000	39.690908670	-121.824117297
686.000000000	39.690908670	-121.824117248
687.000000000	39.690908690	-121.824117257
688.000000000	39.690908657	-121.824117278
689.000000000	39.690908690	-121.824117272
690.000000000	39.690908657	-121.824117328
691.000000000	39.690908683	-121.824117338
692.000000000	39.690908647	-121.824117408
693.000000000	39.690908638	-121.824117453
694.000000000	39.690908640	-121.824117507
695.000000000	39.690908620	-121.824117535
696.000000000	39.690908600	-121.824117587
697.000000000	39.690908570	-121.824117630
698.000000000	39.690908545	-121.824117668
699.000000000	39.690908518	-121.824117715
700.000000000	39.690908502	-121.824117805
701.000000000	39.690908517	-121.824117842
702.000000000	39.690908533	-121.824117787
703.000000000	39.690908447	-121.824117868
704.000000000	39.690908533	-121.824117970
705.000000000	39.690908497	-121.824118020
