0.000000000	39.690327000	-121.824280000
1.000000000	39.689379710	-121.823868557
2.000000000	39.689380912	-121.823869015
3.000000000	39.689381980	-121.823869383
4.000000000	39.689383182	-121.823869840
5.000000000	39.689384272	-121.823870202
6.000000000	39.689385220	-121.823870537
7.000000000	39.689386068	-121.823871037
8.000000000	39.689387000	-121.823871552
9.000000000	39.689387982	-121.823872285
10.000000000	39.689388857	-121.823872927
11.000000000	39.689389577	-121.823873438
12.000000000	39.689390552	-121.823874198
13.000000000	39.689391432	-121.823874993
14.000000000	39.689392403	-121.823875495
15.000000000	39.689393038	-121.823875955
16.000000000	39.689399423	-121.823885453
17.000000000	39.689398990	-121.823884522
18.000000000	39.689400342	-121.823883827
19.000000000	39.689399535	-121.823883227
20.000000000	39.689400037	-121.823882767
21.000000000	39.689397518	-121.823889355
22.000000000	39.689398418	-121.823887263
23.000000000	39.689399815	-121.823885452
24.000000000	39.689400477	-121.823884500
25.000000000	39.689399665	-121.823886163
26.000000000	39.689398925	-121.823885243
27.000000000	39.689398417	-121.823883270
28.000000000	39.689397862	-121.823881708
29.000000000	39.689397175	-121.823880092
30.000000000	39.689396512	-121.823878813
31.000000000	39.689396210	-121.823878227
32.000000000	39.689396050	-121.823878028
33.000000000	39.689395933	-121.823878322
34.000000000	39.689396400	-121.823879155
35.000000000	39.689397373	-121.823880180
36.000000000	39.689398635	-121.823881457
37.000000000	39.689399875	-121.823882687
38.000000000	39.689400795	-121.823883222
39.000000000	39.689401632	-121.823883362
40.000000000	39.689402718	-121.823884097
41.000000000	39.689403705	-121.823884688
42.000000000	39.689404785	-121.823885698
43.000000000	39.689406027	-121.823886780
44.000000000	39.689407072	-121.823887630
45.000000000	39.689407682	-121.823887968
46.000000000	39.689407965	-121.823888195
47.000000000	39.689408195	-121.823888900
48.000000000	39.689404852	-121.823898718
49.000000000	39.689404727	-121.823898540
50.000000000	39.689404785	-121.823898623
51.000000000	39.689407953	-121.823895297
52.000000000	39.689408195	-121.823895547
53.000000000	39.689408307	-121.823895267
54.000000000	39.689407998	-121.823894377
55.000000000	39.689407675	-121.823893315
56.000000000	39.689407162	-121.823892092
57.000000000	39.689406777	-121.823890965
58.000000000	39.689406322	-121.823889797
59.000000000	39.689406043	-121.823888695
60.000000000	39.689405828	-121.823887532
61.000000000	39.689405790	-121.823886650
62.000000000	39.689405927	-121.823886288
63.000000000	39.689406063	-121.823886223
64.000000000	39.689398180	-121.823876745
65.000000000	39.689399098	-121.823877902
66.000000000	39.689403453	-121.823883498
67.000000000	39.689399583	-121.823879168
68.000000000	39.689399535	-121.823879490
69.000000000	39.689399220	-121.823879520
70.000000000	39.689399407	-121.823879813
71.000000000	39.689399452	-121.823880010
72.000000000	39.689399332	-121.823880243
73.000000000	39.689399227	-121.823880475
74.000000000	39.689398898	-121.823880248
75.000000000	39.689398378	-121.823879992
76.000000000	39.689398040	-121.823879793
77.000000000	39.689397848	-121.823879570
78.000000000	39.689397878	-121.823879497
79.000000000	39.689398087	-121.823879470
80.000000000	39.689398338	-121.823879383
81.000000000	39.689398620	-121.823879480
82.000000000	39.689398915	-121.823879748
83.000000000	39.689401383	-121.823883257
84.000000000	39.689399322	-121.823880928
85.000000000	39.689396907	-121.823878297
86.000000000	39.689395393	-121.823875643
87.000000000	39.689393785	-121.823873332
88.000000000	39.689391183	-121.823871077
89.000000000	39.689388675	-121.823869002
90.000000000	39.689386623	-121.823867038
91.000000000	39.689384668	-121.823865218
92.000000000	39.689376337	-121.823870130
93.000000000	39.689376695	-121.823867888
94.000000000	39.689387435	-121.823877222
95.000000000	39.689384315	-121.823871938
96.000000000	39.689374745	-121.823859363
97.000000000	39.689374915	-121.823858927
98.000000000	39.689394125	-121.823881178
99.000000000	39.689393797	-121.823881090
100.000000000	39.689393493	-121.823881242
101.000000000	39.689388115	-121.823875595
102.000000000	39.689387112	-121.823874928
103.000000000	39.689386488	-121.823874815
104.000000000	39.689386817	-121.823875470
105.000000000	39.689387872	-121.823876850
106.000000000	39.689389917	-121.823879328
107.000000000	39.689391865	-121.823881647
108.000000000	39.689393587	-121.823883608
109.000000000	39.689396028	-121.823886298
110.000000000	39.689398603	-121.823888948
111.000000000	39.689400838	-121.823891172
112.000000000	39.689397558	-121.823887833
113.000000000	39.689400153	-121.823890785
114.000000000	39.689404433	-121.823894533
115.000000000	39.689408957	-121.823897158
116.000000000	39.689405847	-121.823890383
117.000000000	39.689420447	-121.823885257
118.000000000	39.689436058	-121.823862355
119.000000000	39.689445293	-121.823839430
120.000000000	39.689453677	-121.823825030
121.000000000	39.689461753	-121.823818775
122.000000000	39.689478517	-121.823817058
123.000000000	39.689492948	-121.823818653
124.000000000	39.689501123	-121.823827308
125.000000000	39.689515950	-121.823843798
126.000000000	39.689536098	-121.823862862
127.000000000	39.689553087	-121.823880225
128.000000000	39.689564283	-121.823893313
129.000000000	39.689575563	-121.823898190
130.000000000	39.689593883	-121.823905268
131.000000000	39.689613707	-121.823915353
132.000000000	39.689628217	-121.823923978
133.000000000	39.689643872	-121.823932983
134.000000000	39.689665757	-121.823946393
135.000000000	39.689687852	-121.823960472
136.000000000	39.689709113	-121.823974423
137.000000000	39.689729708	-121.823989580
138.000000000	39.689750632	-121.824005392
139.000000000	39.689770987	-121.824020570
140.000000000	39.689785595	-121.824028705
141.000000000	39.689816422	-121.824032293
142.000000000	39.689819208	-121.824023978
143.000000000	39.689832845	-121.824025448
144.000000000	39.689838173	-121.824025905
145.000000000	39.689839603	-121.824026468
146.000000000	39.689840575	-121.824026755
147.000000000	39.689843480	-121.824039735
148.000000000	39.689850083	-121.824043175
149.000000000	39.689857033	-121.824059830
150.000000000	39.689866643	-121.824068040
151.000000000	39.689878003	-121.824076767
152.000000000	39.689892963	-121.824081858
153.000000000	39.689902778	-121.824100390
154.000000000	39.689911167	-121.824116238
155.000000000	39.689928647	-121.824137678
156.000000000	39.689946432	-121.824160268
157.000000000	39.689962770	-121.824175208
158.000000000	39.689975418	-121.824188715
159.000000000	39.689993812	-121.824208025
160.000000000	39.690014673	-121.824227328
161.000000000	39.690033700	-121.824247753
162.000000000	39.690050427	-121.824265622
163.000000000	39.690065228	-121.824274438
164.000000000	39.690075473	-121.824282563
165.000000000	39.690084265	-121.824289168
166.000000000	39.690103248	-121.824295730
167.000000000	39.690117035	-121.824302262
168.000000000	39.690127858	-121.824307318
169.000000000	39.690135710	-121.824311468
170.000000000	39.690140117	-121.824315378
171.000000000	39.690148102	-121.824321192
172.000000000	39.690156468	-121.824328715
173.000000000	39.690162833	-121.824335658
174.000000000	39.690175055	-121.824348850
175.000000000	39.690186522	-121.824354243
176.000000000	39.690197568	-121.824356658
177.000000000	39.690206218	-121.824359127
178.000000000	39.690217620	-121.824363270
179.000000000	39.690236417	-121.824372393
180.000000000	39.690250955	-121.824379657
181.000000000	39.690261998	-121.824385685
182.000000000	39.690267725	-121.824393165
183.000000000	39.690274355	-121.824403972
184.000000000	39.690284845	-121.824418333
185.000000000	39.690290793	-121.824425837
186.000000000	39.690294505	-121.824430103
187.000000000	39.690296560	-121.824432567
188.000000000	39.690297205	-121.824433227
189.000000000	39.690297027	-121.824433230
190.000000000	39.690295282	-121.824429865
191.000000000	39.690295192	-121.824429822
192.000000000	39.690296830	-121.824432758
193.000000000	39.690296855	-121.824432732
194.000000000	39.690296897	-121.824432852
195.000000000	39.690297007	-121.824432908
196.000000000	39.690297130	-121.824432992
197.000000000	39.690297185	-121.824433018
198.000000000	39.690297273	-121.824433033
199.000000000	39.690297468	-121.824433018
200.000000000	39.690297578	-121.824433133
201.000000000	39.690295787	-121.824429940
202.000000000	39.690295870	-121.824429872
203.000000000	39.690296035	-121.824429685
204.000000000	39.690295723	-121.824429147
205.000000000	39.690295825	-121.824429085
206.000000000	39.690295950	-121.824429015
207.000000000	39.690295973	-121.824428820
208.000000000	39.690296053	-121.824428423
209.000000000	39.690295923	-121.824427900
210.000000000	39.690295603	-121.824426750
211.000000000	39.690295135	-121.824425507
212.000000000	39.690295045	-121.824425087
213.000000000	39.690296457	-121.824426817
214.000000000	39.690297170	-121.824427537
215.000000000	39.690299723	-121.824430825
216.000000000	39.690300652	-121.824431987
217.000000000	39.690301930	-121.824435070
218.000000000	39.690302925	-121.824437120
219.000000000	39.690304590	-121.824450580
220.000000000	39.690304287	-121.824460707
221.000000000	39.690305810	-121.824467362
222.000000000	39.690308605	-121.824473640
223.000000000	39.690309602	-121.824476582
224.000000000	39.690309873	-121.824477700
225.000000000	39.690310325	-121.824478903
226.000000000	39.690310075	-121.824478668
227.000000000	39.690310210	-121.824479235
228.000000000	39.690311000	-121.824480592
229.000000000	39.690312618	-121.824484540
230.000000000	39.690315668	-121.824489395
231.000000000	39.690317620	-121.824491442
232.000000000	39.690325567	-121.824498078
233.000000000	39.690342623	-121.824504812
234.000000000	39.690353990	-121.824510157
235.000000000	39.690360625	-121.824516942
236.000000000	39.690365272	-121.824521008
237.000000000	39.690368030	-121.824523533
238.000000000	39.690369595	-121.824524788
239.000000000	39.690370035	-121.824525063
240.000000000	39.690369953	-121.824524963
241.000000000	39.690370142	-121.824525135
242.000000000	39.690368412	-121.824521032
243.000000000	39.690369313	-121.824523568
244.000000000	39.690369330	-121.824523485
245.000000000	39.690369300	-121.824523473
246.000000000	39.690369338	-121.824523462
247.000000000	39.690369353	-121.824523470
248.000000000	39.690369290	-121.824523450
249.000000000	39.690369280	-121.824523432
250.000000000	39.690369227	-121.824523360
251.000000000	39.690369603	-121.824523807
252.000000000	39.690369610	-121.824523732
253.000000000	39.690369653	-121.824523693
254.000000000	39.690369627	-121.824523670
255.000000000	39.690369720	-121.824523608
256.000000000	39.690369773	-121.824523562
257.000000000	39.690369940	-121.824523532
258.000000000	39.690369665	-121.824522967
259.000000000	39.690369772	-121.824522962
260.000000000	39.690369837	-121.824522965
261.000000000	39.690370305	-121.824523523
262.000000000	39.690370460	-121.824523508
263.000000000	39.690370607	-121.824523455
264.000000000	39.690370715	-121.824523400
265.000000000	39.690370883	-121.824523318
266.000000000	39.690370982	-121.824523260
267.000000000	39.690371080	-121.824523170
268.000000000	39.690371152	-121.824523100
269.000000000	39.690371260	-121.824523110
270.000000000	39.690371300	-121.824523102
271.000000000	39.690371280	-121.824523083
272.000000000	39.690371252	-121.824523075
273.000000000	39.690370933	-121.824522683
274.000000000	39.690371020	-121.824523157
275.000000000	39.690370417	-121.824522527
276.000000000	39.690370390	-121.824522707
277.000000000	39.690371120	-121.824523783
278.000000000	39.690371140	-121.824523965
279.000000000	39.690371233	-121.824524128
280.000000000	39.690371212	-121.824524280
281.000000000	39.690371260	-121.824524367
282.000000000	39.690371238	-121.824524412
283.000000000	39.690371233	-121.824524455
284.000000000	39.690371245	-121.824524513
285.000000000	39.690371142	-121.824524482
286.000000000	39.690371133	-121.824524412
287.000000000	39.690371062	-121.824524332
288.000000000	39.690371020	-121.824524293
289.000000000	39.690370978	-121.824524253
290.000000000	39.690370930	-121.824524253
291.000000000	39.690370957	-121.824524332
292.000000000	39.690371012	-121.824524483
293.000000000	39.690371095	-121.824524687
294.000000000	39.690371165	-121.824524878
295.000000000	39.690371245	-121.824525092
296.000000000	39.690371398	-121.824525282
297.000000000	39.690371607	-121.824525238
298.000000000	39.690372152	-121.824526363
299.000000000	39.690372270	-121.824526297
300.000000000	39.690372398	-121.824526213
301.000000000	39.690371265	-121.824524580
302.000000000	39.690371352	-121.824524443
303.000000000	39.690371422	-121.824524310
304.000000000	39.690371488	-121.824524198
305.000000000	39.690372755	-121.824525602
306.000000000	39.690372862	-121.824525625
307.000000000	39.690371052	-121.824523348
308.000000000	39.690371120	-121.824523222
309.000000000	39.690371078	-121.824523093
310.000000000	39.690371000	-121.824522903
311.000000000	39.690370765	-121.824523103
312.000000000	39.690370650	-121.824522875
313.000000000	39.690370928	-121.824523257
314.000000000	39.690370853	-121.824523277
315.000000000	39.690370785	-121.824523265
316.000000000	39.690370730	-121.824523310
317.000000000	39.690370637	-121.824523323
318.000000000	39.690370527	-121.824523297
319.000000000	39.690370425	-121.824523290
320.000000000	39.690370317	-121.824523227
321.000000000	39.690370197	-121.824523128
322.000000000	39.690369992	-121.824522892
323.000000000	39.690370103	-121.824522873
324.000000000	39.690370062	-121.824522802
325.000000000	39.690370043	-121.824522683
326.000000000	39.690370035	-121.824522637
327.000000000	39.690369985	-121.824522597
328.000000000	39.690370065	-121.824522478
329.000000000	39.690370103	-121.824522382
330.000000000	39.690370223	-121.824522275
331.000000000	39.690370232	-121.824522262
332.000000000	39.690370267	-121.824522097
333.000000000	39.690370252	-121.824521937
334.000000000	39.690370288	-121.824521750
335.000000000	39.690370352	-121.824521638
336.000000000	39.690370383	-121.824521472
337.000000000	39.690370430	-121.824521315
338.000000000	39.690370463	-121.824521130
339.000000000	39.690370575	-121.824520947
340.000000000	39.690370645	-121.824520737
341.000000000	39.690370718	-121.824520585
342.000000000	39.690370710	-121.824520422
343.000000000	39.690369358	-121.824517215
344.000000000	39.690374827	-121.824522198
345.000000000	39.690387183	-121.824529110
346.000000000	39.690399152	-121.824535770
347.000000000	39.690407912	-121.824546487
348.000000000	39.690415230	-121.824559057
349.000000000	39.690425498	-121.824569320
350.000000000	39.690437978	-121.824576045
351.000000000	39.690451465	-121.824578782
352.000000000	39.690465195	-121.824577735
353.000000000	39.690478403	-121.824575452
354.000000000	39.690491095	-121.824576865
355.000000000	39.690503652	-121.824579375
356.000000000	39.690516370	-121.824581287
357.000000000	39.690529195	-121.824582658
358.000000000	39.690542388	-121.824580243
359.000000000	39.690555133	-121.824576705
360.000000000	39.690567755	-121.824574887
361.000000000	39.690580390	-121.824574410
362.000000000	39.690592508	-121.824577928
363.000000000	39.690604418	-121.824582537
364.000000000	39.690617528	-121.824583728
365.000000000	39.690630623	-121.824582017
366.000000000	39.690643433	-121.824577558
367.000000000	39.690655655	-121.824571757
368.000000000	39.690668132	-121.824571097
369.000000000	39.690680220	-121.824574050
370.000000000	39.690691898	-121.824580143
371.000000000	39.690703002	-121.824587740
372.000000000	39.690716118	-121.824591313
373.000000000	39.690729630	-121.824590303
374.000000000	39.690742525	-121.824585410
375.000000000	39.690754438	-121.824578235
376.000000000	39.690766238	-121.824571963
377.000000000	39.690777065	-121.824562360
378.000000000	39.690785147	-121.824549020
379.000000000	39.690790598	-121.824533747
380.000000000	39.690793642	-121.824517305
381.000000000	39.690794505	-121.824500462
382.000000000	39.690793347	-121.824483623
383.000000000	39.690791037	-121.824467160
384.000000000	39.690791902	-121.824451233
385.000000000	39.690795167	-121.824436165
386.000000000	39.690800213	-121.824421738
387.000000000	39.690806528	-121.824407977
388.000000000	39.690809212	-121.824391557
389.000000000	39.690806863	-121.824374823
390.000000000	39.690800793	-121.824359417
391.000000000	39.690791920	-121.824346830
392.000000000	39.690780775	-121.824337427
393.000000000	39.690768330	-121.824331680
394.000000000	39.690755242	-121.824329887
395.000000000	39.690742408	-121.824331873
396.000000000	39.690729775	-121.824336292
397.000000000	39.690717558	-121.824342565
398.000000000	39.690705047	-121.824345328
399.000000000	39.690692700	-121.824345097
400.000000000	39.690681367	-121.824342625
401.000000000	39.690669225	-121.824338322
402.000000000	39.690656278	-121.824338487
403.000000000	39.690641828	-121.824340230
404.000000000	39.690629663	-121.824346078
405.000000000	39.690618012	-121.824352655
406.000000000	39.690606727	-121.824360137
407.000000000	39.690594923	-121.824362638
408.000000000	39.690583105	-121.824362037
409.000000000	39.690571503	-121.824358398
410.000000000	39.690559958	-121.824352785
411.000000000	39.690547038	-121.824351883
412.000000000	39.690533983	-121.824354790
413.000000000	39.690521368	-121.824355543
414.000000000	39.690510392	-121.824350172
415.000000000	39.690502082	-121.824339857
416.000000000	39.690496447	-121.824326583
417.000000000	39.690494088	-121.824311622
418.000000000	39.690495195	-121.824295983
419.000000000	39.690498467	-121.824280912
420.000000000	39.690503578	-121.824266462
421.000000000	39.690505812	-121.824249998
422.000000000	39.690505282	-121.824233013
423.000000000	39.690502322	-121.824216455
424.000000000	39.690497987	-121.824200667
425.000000000	39.690496418	-121.824184595
426.000000000	39.690496818	-121.824168583
427.000000000	39.690499128	-121.824152517
