0.000000000	39.690327000	-121.824280000
1.000000000	39.690327000	-121.824280000
2.000000000	39.690327000	-121.824280000
3.000000000	39.690327000	-121.824280000
4.000000000	39.690327000	-121.824280000
5.000000000	39.690327000	-121.824280000
6.000000000	39.690327000	-121.824280000
7.000000000	39.690327000	-121.824280000
8.000000000	39.690327000	-121.824280000
9.000000000	39.690327000	-121.824280000
10.000000000	39.690327000	-121.824280000
11.000000000	39.690327000	-121.824280000
12.000000000	39.690327000	-121.824280000
13.000000000	39.690327000	-121.824280000
14.000000000	39.690327000	-121.824280000
