0.000000000	39.690820000	-121.824343000
1.000000000	39.690820000	-121.824343000
2.000000000	39.690820000	-121.824343000
3.000000000	39.690820000	-121.824343000
4.000000000	39.690820000	-121.824343000
5.000000000	39.690820000	-121.824343000
6.000000000	39.690820000	-121.824343000
7.000000000	39.690820000	-121.824343000
8.000000000	39.690820000	-121.824343000
9.000000000	39.690820000	-121.824343000
10.000000000	39.690820000	-121.824343000
11.000000000	39.690820000	-121.824343000
12.000000000	39.690820000	-121.824343000
13.000000000	39.690820000	-121.824343000
14.000000000	39.690820000	-121.824343000
15.000000000	39.690820000	-121.824343000
16.000000000	39.690820000	-121.824343000
17.000000000	39.690820000	-121.824343000
18.000000000	39.690820000	-121.824343000
19.000000000	39.690820000	-121.824343000
20.000000000	39.690820000	-121.824343000
21.000000000	39.690820000	-121.824343000
22.000000000	39.690820000	-121.824343000
23.000000000	39.690820000	-121.824343000
24.000000000	39.690820000	-121.824343000
25.000000000	39.690820000	-121.824343000
26.000000000	39.690470000	-121.824343000
27.000000000	39.690470000	-121.824343000
28.000000000	39.690470000	-121.824343000
29.000000000	39.690470000	-121.824343000
30.000000000	39.690470000	-121.824523000
31.000000000	39.690470000	-121.824523000
32.000000000	39.690470000	-121.824523000
33.000000000	39.690470000	-121.824523000
34.000000000	39.690800000	-121.824523000
35.000000000	39.690800000	-121.824523000
36.000000000	39.690800000	-121.824523000
37.000000000	39.690800000	-121.824523000
38.000000000	39.690800000	-121.824523000
39.000000000	39.690800000	-121.824523000
40.000000000	39.690800000	-121.824523000
41.000000000	39.690800000	-121.824523000
42.000000000	39.690850000	-121.824523000
43.000000000	39.690850000	-121.824523000
44.000000000	39.690850000	-121.824523000
45.000000000	39.690850000	-121.824523000
46.000000000	39.690850000	-121.824423000
47.000000000	39.690850000	-121.824423000
48.000000000	39.690850000	-121.824423000
49.000000000	39.690850000	-121.824423000
50.000000000	39.690800000	-121.824423000
51.000000000	39.690800000	-121.824423000
52.000000000	39.690800000	-121.824423000
53.000000000	39.690800000	-121.824323000
54.000000000	39.690800000	-121.824323000
55.000000000	39.690800000	-121.824323000
56.000000000	39.690800000	-121.824323000
57.000000000	39.690800000	-121.824323000
58.000000000	39.690800000	-121.824323000
59.000000000	39.690500000	-121.824323000
60.000000000	39.690500000	-121.824323000
61.000000000	39.690500000	-121.824323000
62.000000000	39.690500000	-121.824323000
63.000000000	39.690500000	-121.824323000
64.000000000	39.690500000	-121.824323000
65.000000000	39.690500000	-121.824323000
66.000000000	39.690450000	-121.824323000
67.000000000	39.690450000	-121.824323000
68.000000000	39.690450000	-121.824223000
69.000000000	39.690450000	-121.824223000
70.000000000	39.690450000	-121.824223000
71.000000000	39.690450000	-121.824223000
72.000000000	39.690500000	-121.824223000
73.000000000	39.690500000	-121.824223000
74.000000000	39.690500000	-121.824223000
75.000000000	39.690500000	-121.824123000
76.000000000	39.690500000	-121.824123000
77.000000000	39.690500000	-121.824123000
78.000000000	39.690950000	-121.824123000
79.000000000	39.690950000	-121.824123000
80.000000000	39.690950000	-121.824123000
81.000000000	39.690950000	-121.824123000
82.000000000	39.690950000	-121.824123000
83.000000000	39.690950000	-121.824123000
84.000000000	39.690950000	-121.824123000
85.000000000	39.691000000	-121.824123000
86.000000000	39.691000000	-121.824123000
87.000000000	39.691000000	-121.824123000
88.000000000	39.691000000	-121.824023000
89.000000000	39.691000000	-121.824023000
90.000000000	39.691000000	-121.824023000
91.000000000	39.691000000	-121.824023000
92.000000000	39.690950000	-121.824023000
93.000000000	39.690950000	-121.824023000
94.000000000	39.690950000	-121.824023000
95.000000000	39.690950000	-121.824023000
96.000000000	39.690950000	-121.824023000
97.000000000	39.690950000	-121.823923000
98.000000000	39.690950000	-121.823923000
99.000000000	39.690950000	-121.823923000
100.000000000	39.690950000	-121.823923000
101.000000000	39.690780000	-121.823923000
102.000000000	39.690780000	-121.823923000
103.000000000	39.690780000	-121.823923000
104.000000000	39.690780000	-121.823923000
105.000000000	39.690780000	-121.823923000
106.000000000	39.690780000	-121.823923000
107.000000000	39.690780000	-121.823923000
108.000000000	39.690780000	-121.823923000
109.000000000	39.690780000	-121.823923000
110.000000000	39.690780000	-121.823923000
111.000000000	39.690780000	-121.823923000
112.000000000	39.690780000	-121.823923000
113.000000000	39.690780000	-121.823923000
114.000000000	39.690780000	-121.823923000
115.000000000	39.690780000	-121.823923000
116.000000000	39.690780000	-121.823923000
117.000000000	39.690780000	-121.823923000
118.000000000	39.690780000	-121.823923000
119.000000000	39.690780000	-121.823923000
120.000000000	39.690780000	-121.823923000
121.000000000	39.690780000	-121.823923000
122.000000000	39.690780000	-121.823923000
123.000000000	39.690780000	-121.823923000
124.000000000	39.690780000	-121.823923000
125.000000000	39.690780000	-121.823923000
126.000000000	39.690780000	-121.823923000
127.000000000	39.690780000	-121.823923000
128.000000000	39.690780000	-121.823923000
129.000000000	39.690780000	-121.823923000
130.000000000	39.690780000	-121.823923000
131.000000000	39.690780000	-121.823923000
132.000000000	39.690780000	-121.823923000
133.000000000	39.690780000	-121.823923000
134.000000000	39.690780000	-121.823923000
135.000000000	39.690780000	-121.823923000
136.000000000	39.690780000	-121.823923000
137.000000000	39.690780000	-121.823923000
138.000000000	39.690780000	-121.823923000
139.000000000	39.690780000	-121.823923000
140.000000000	39.690780000	-121.823923000
141.000000000	39.690780000	-121.823923000
142.000000000	39.690780000	-121.823923000
143.000000000	39.690780000	-121.823923000
144.000000000	39.690780000	-121.823923000
145.000000000	39.690780000	-121.823923000
146.000000000	39.690780000	-121.823923000
147.000000000	39.690780000	-121.823923000
148.000000000	39.690780000	-121.823923000
149.000000000	39.690780000	-121.823923000
150.000000000	39.690780000	-121.823923000
151.000000000	39.690780000	-121.823923000
152.000000000	39.690780000	-121.823923000
153.000000000	39.690780000	-121.823923000
154.000000000	39.690780000	-121.823923000
155.000000000	39.690780000	-121.823923000
156.000000000	39.690780000	-121.823923000
157.000000000	39.690780000	-121.823923000
158.000000000	39.690780000	-121.823923000
159.000000000	39.690780000	-121.823923000
160.000000000	39.690780000	-121.823923000
161.000000000	39.690780000	-121.823923000
162.000000000	39.690780000	-121.823923000
163.000000000	39.690780000	-121.823923000
164.000000000	39.690780000	-121.823923000
165.000000000	39.690780000	-121.823923000
166.000000000	39.690780000	-121.823923000
167.000000000	39.690780000	-121.823923000
168.000000000	39.690780000	-121.823923000
169.000000000	39.690780000	-121.823923000
170.000000000	39.690780000	-121.823923000
171.000000000	39.690780000	-121.823923000
172.000000000	39.690780000	-121.823923000
173.000000000	39.690780000	-121.823923000
174.000000000	39.690780000	-121.823923000
175.000000000	39.690780000	-121.823923000
176.000000000	39.690780000	-121.823923000
177.000000000	39.690780000	-121.823923000
178.000000000	39.690780000	-121.823923000
179.000000000	39.690780000	-121.823923000
180.000000000	39.690600000	-121.823923000
181.000000000	39.690600000	-121.823923000
182.000000000	39.690600000	-121.823923000
183.000000000	39.690600000	-121.824000000
184.000000000	39.690600000	-121.824000000
185.000000000	39.690600000	-121.824000000
186.000000000	39.690600000	-121.824000000
187.000000000	39.690600000	-121.824000000
188.000000000	39.690600000	-121.824000000
189.000000000	39.690600000	-121.824000000
190.000000000	39.690600000	-121.824000000
191.000000000	39.690600000	-121.824000000
192.000000000	39.690600000	-121.824000000
193.000000000	39.690600000	-121.824000000
194.000000000	39.690600000	-121.824000000
195.000000000	39.690600000	-121.824000000
196.000000000	39.690470000	-121.824000000
197.000000000	39.690470000	-121.824000000
198.000000000	39.690470000	-121.824480000
199.000000000	39.690470000	-121.824480000
200.000000000	39.690470000	-121.824480000
