0.000000000	39.690453748	-121.824614697
1.000000000	39.690453703	-121.824614155
2.000000000	39.690453692	-121.824614163
3.000000000	39.690453640	-121.824614300
4.000000000	39.690453713	-121.824614237
5.000000000	39.690453678	-121.824614320
6.000000000	39.690453592	-121.824614362
7.000000000	39.690453572	-121.824614348
8.000000000	39.690453542	-121.824614327
9.000000000	39.690453530	-121.824614327
10.000000000	39.690453470	-121.824614320
11.000000000	39.690453453	-121.824614308
12.000000000	39.690453445	-121.824614303
13.000000000	39.690453408	-121.824614298
14.000000000	39.690453383	-121.824614293
15.000000000	39.690453347	-121.824614325
16.000000000	39.690453282	-121.824614305
17.000000000	39.690453248	-121.824614267
18.000000000	39.690453175	-121.824614267
19.000000000	39.690453145	-121.824614200
20.000000000	39.690453093	-121.824614215
21.000000000	39.690452680	-121.824614133
22.000000000	39.690452197	-121.824613147
23.000000000	39.690452678	-121.824612400
24.000000000	39.690451965	-121.824613475
25.000000000	39.690452140	-121.824613793
26.000000000	39.690452088	-121.824613817
27.000000000	39.690451978	-121.824613873
28.000000000	39.690451882	-121.824613937
29.000000000	39.690451827	-121.824614003
30.000000000	39.690451748	-121.824614078
31.000000000	39.690451670	-121.824614195
32.000000000	39.690451590	-121.824614255
33.000000000	39.690451507	-121.824614392
34.000000000	39.690451453	-121.824614427
35.000000000	39.690451423	-121.824614477
36.000000000	39.690451380	-121.824614537
37.000000000	39.690451350	-121.824614598
38.000000000	39.690451275	-121.824614748
39.000000000	39.690451230	-121.824614853
40.000000000	39.690451242	-121.824614902
41.000000000	39.690451208	-121.824614988
42.000000000	39.690456153	-121.824616332
43.000000000	39.690460692	-121.824617453
44.000000000	39.690463058	-121.824618040
45.000000000	39.690463470	-121.824618128
46.000000000	39.690463550	-121.824618083
47.000000000	39.690463568	-121.824618030
48.000000000	39.690463533	-121.824618195
49.000000000	39.690463727	-121.824617878
50.000000000	39.690463757	-121.824617815
51.000000000	39.690463758	-121.824617802
52.000000000	39.690463758	-121.824617795
53.000000000	39.690463765	-121.824617797
54.000000000	39.690463737	-121.824617847
55.000000000	39.690463662	-121.824617925
56.000000000	39.690463627	-121.824617963
57.000000000	39.690463593	-121.824618008
58.000000000	39.690463592	-121.824617962
59.000000000	39.690463547	-121.824617942
60.000000000	39.690463550	-121.824617955
61.000000000	39.690463417	-121.824618017
62.000000000	39.690463412	-121.824617878
63.000000000	39.690463722	-121.824617792
64.000000000	39.690463777	-121.824617790
65.000000000	39.690463812	-121.824617688
66.000000000	39.690463817	-121.824617717
67.000000000	39.690463790	-121.824617730
68.000000000	39.690463650	-121.824617937
69.000000000	39.690463660	-121.824617913
70.000000000	39.690463818	-121.824617715
71.000000000	39.690463802	-121.824617767
72.000000000	39.690463835	-121.824617738
73.000000000	39.690463830	-121.824617783
74.000000000	39.690463885	-121.824617717
75.000000000	39.690463900	-121.824617732
76.000000000	39.690463958	-121.824617720
77.000000000	39.690463958	-121.824617720
