0.000000000	39.690327000	-121.824280000
1.000000000	39.691013123	-121.824067620
2.000000000	39.691013098	-121.824067633
3.000000000	39.691013082	-121.824067657
4.000000000	39.691012998	-121.824067728
5.000000000	39.691010387	-121.824072040
6.000000000	39.691008232	-121.824074282
7.000000000	39.691003212	-121.824079718
8.000000000	39.690998600	-121.824082862
9.000000000	39.690987918	-121.824094338
10.000000000	39.690981632	-121.824099933
11.000000000	39.690977153	-121.824103958
12.000000000	39.690973977	-121.824106285
13.000000000	39.690972530	-121.824107132
14.000000000	39.690972613	-121.824107133
15.000000000	39.690972552	-121.824107147
16.000000000	39.690972637	-121.824107098
17.000000000	39.690972630	-121.824107087
18.000000000	39.690972657	-121.824107083
19.000000000	39.690975527	-121.824102375
20.000000000	39.690975472	-121.824102608
21.000000000	39.690974545	-121.824104625
22.000000000	39.690969153	-121.824111498
23.000000000	39.690958988	-121.824118002
24.000000000	39.690945097	-121.824116750
25.000000000	39.690934293	-121.824106542
26.000000000	39.690931535	-121.824093995
27.000000000	39.690931867	-121.824085615
28.000000000	39.690931912	-121.824085190
29.000000000	39.690932005	-121.824088932
30.000000000	39.690932235	-121.824092490
31.000000000	39.690933040	-121.824101398
32.000000000	39.690933653	-121.824106590
33.000000000	39.690934073	-121.824109502
34.000000000	39.690934877	-121.824114637
35.000000000	39.690935882	-121.824136385
36.000000000	39.690927708	-121.824161085
37.000000000	39.690911202	-121.824177672
38.000000000	39.690890445	-121.824185838
39.000000000	39.690869897	-121.824198768
40.000000000	39.690849158	-121.824207128
41.000000000	39.690829655	-121.824206103
42.000000000	39.690814305	-121.824209393
43.000000000	39.690795838	-121.824216822
44.000000000	39.690775403	-121.824216450
45.000000000	39.690756932	-121.824206073
46.000000000	39.690735863	-121.824196697
47.000000000	39.690714385	-121.824188453
48.000000000	39.690691920	-121.824185488
49.000000000	39.690669963	-121.824187190
50.000000000	39.690639483	-121.824203250
51.000000000	39.690624398	-121.824208767
52.000000000	39.690623970	-121.824211622
53.000000000	39.690614722	-121.824215052
54.000000000	39.690597948	-121.824215718
55.000000000	39.690595925	-121.824215927
56.000000000	39.690594980	-121.824214868
57.000000000	39.690594537	-121.824216693
58.000000000	39.690607465	-121.824219093
59.000000000	39.690594815	-121.824217657
60.000000000	39.690600027	-121.824205693
61.000000000	39.690598460	-121.824206767
62.000000000	39.690591655	-121.824206688
63.000000000	39.690574895	-121.824199340
64.000000000	39.690558907	-121.824184313
65.000000000	39.690537890	-121.824174040
66.000000000	39.690515172	-121.824170642
67.000000000	39.690493123	-121.824180238
68.000000000	39.690472500	-121.824190972
69.000000000	39.690451772	-121.824199817
70.000000000	39.690431747	-121.824212935
71.000000000	39.690413625	-121.824230265
72.000000000	39.690394518	-121.824244055
73.000000000	39.690376218	-121.824261340
74.000000000	39.690360538	-121.824282702
75.000000000	39.690349813	-121.824308823
76.000000000	39.690354328	-121.824337597
77.000000000	39.690366968	-121.824354545
78.000000000	39.690376025	-121.824366140
79.000000000	39.690382548	-121.824373738
80.000000000	39.690387167	-121.824378855
81.000000000	39.690389707	-121.824381377
82.000000000	39.690390337	-121.824382218
83.000000000	39.690390333	-121.824382332
84.000000000	39.690390382	-121.824382270
85.000000000	39.690390385	-121.824382278
86.000000000	39.690390345	-121.824382515
87.000000000	39.690390337	-121.824382478
88.000000000	39.690390267	-121.824382578
89.000000000	39.690390190	-121.824382703
90.000000000	39.690390150	-121.824382753
91.000000000	39.690390045	-121.824382865
92.000000000	39.690389873	-121.824383108
93.000000000	39.690389750	-121.824383375
94.000000000	39.690389653	-121.824383433
95.000000000	39.690389503	-121.824383557
96.000000000	39.690389403	-121.824383752
97.000000000	39.690389260	-121.824383632
98.000000000	39.690389165	-121.824383788
99.000000000	39.690389087	-121.824383917
100.000000000	39.690389035	-121.824384053
101.000000000	39.690388943	-121.824384263
102.000000000	39.690388855	-121.824384412
103.000000000	39.690388765	-121.824384607
104.000000000	39.690388597	-121.824384850
105.000000000	39.690388493	-121.824385078
106.000000000	39.690388368	-121.824385320
107.000000000	39.690388215	-121.824385483
108.000000000	39.690388177	-121.824385707
109.000000000	39.690388180	-121.824385708
110.000000000	39.690388173	-121.824385772
111.000000000	39.690388153	-121.824385738
112.000000000	39.690388210	-121.824385607
113.000000000	39.690388353	-121.824385470
114.000000000	39.690388257	-121.824385373
115.000000000	39.690388307	-121.824385125
116.000000000	39.690388320	-121.824385035
117.000000000	39.690388265	-121.824385062
118.000000000	39.690388218	-121.824385188
119.000000000	39.690388168	-121.824385300
120.000000000	39.690388168	-121.824385300
121.000000000	39.690388168	-121.824385300
122.000000000	39.690388168	-121.824385300
123.000000000	39.690388168	-121.824385300
