0.000000000	39.689464043	-121.823839073	1.000000000
1.000000000	39.689464043	-121.823839073	1.000000000
2.000000000	39.689415490	-121.823809410	1.000000000
3.000000000	39.689414905	-121.823808835	1.000000000
4.000000000	39.689414848	-121.823808903	1.000000000
5.000000000	39.689491338	-121.823826925	1.000000000
6.000000000	39.689499765	-121.823821340	1.000000000
7.000000000	39.689498470	-121.823809273	1.000000000
8.000000000	39.689486793	-121.823825645	1.000000000
9.000000000	39.689470015	-121.823816638	1.000000000
10.000000000	39.689476175	-121.823813333	1.000000000
11.000000000	39.689476355	-121.823811335	1.000000000
12.000000000	39.689471117	-121.823815790	1.000000000
13.000000000	39.689471325	-121.823816393	1.000000000
14.000000000	39.689470488	-121.823818392	1.000000000
15.000000000	39.689471617	-121.823818090	1.000000000
16.000000000	39.689474355	-121.823815837	1.000000000
17.000000000	39.689475422	-121.823815652	1.000000000
18.000000000	39.689477067	-121.823815723	1.000000000
19.000000000	39.689478427	-121.823814887	1.000000000
20.000000000	39.689478427	-121.823814887	1.000000000
21.000000000	39.689478272	-121.823814318	1.000000000
22.000000000	39.689478885	-121.823813320	1.000000000
23.000000000	39.689479742	-121.823811942	1.000000000
24.000000000	39.689479467	-121.823812090	1.000000000
25.000000000	39.689479467	-121.823812090	1.000000000
26.000000000	39.689479467	-121.823812090	1.000000000
27.000000000	39.689479467	-121.823812090	1.000000000
28.000000000	39.689479467	-121.823812090	1.000000000
29.000000000	39.689479467	-121.823812090	1.000000000
30.000000000	39.689479467	-121.823812090	1.000000000
31.000000000	39.689479467	-121.823812090	1.000000000
32.000000000	39.689479467	-121.823812090	1.000000000
