0.000000000	39.690954723	-121.824184325
1.000000000	39.690954723	-121.824184325
2.000000000	39.690867697	-121.824337597
3.000000000	39.690867742	-121.824337692
4.000000000	39.690867887	-121.824337755
5.000000000	39.690867872	-121.824337815
6.000000000	39.690867827	-121.824337663
7.000000000	39.690867807	-121.824337508
8.000000000	39.690867743	-121.824337038
9.000000000	39.690867680	-121.824337120
10.000000000	39.690867680	-121.824337042
11.000000000	39.690867733	-121.824337123
12.000000000	39.690867753	-121.824337080
13.000000000	39.690867858	-121.824337133
14.000000000	39.690867927	-121.824336852
15.000000000	39.690868003	-121.824337445
16.000000000	39.690868087	-121.824337957
17.000000000	39.690868262	-121.824338340
18.000000000	39.690868297	-121.824338368
19.000000000	39.690868372	-121.824338503
20.000000000	39.690868423	-121.824338648
21.000000000	39.690868548	-121.824338787
22.000000000	39.690868632	-121.824338972
23.000000000	39.690868713	-121.824339033
24.000000000	39.690868760	-121.824339192
25.000000000	39.690868822	-121.824339197
26.000000000	39.690868900	-121.824339112
27.000000000	39.690868962	-121.824339158
28.000000000	39.690869093	-121.824339273
29.000000000	39.690869097	-121.824339003
30.000000000	39.690869100	-121.824339293
31.000000000	39.690869212	-121.824338878
32.000000000	39.690869268	-121.824339055
33.000000000	39.690869322	-121.824339098
34.000000000	39.690869403	-121.824339338
35.000000000	39.690869453	-121.824339495
36.000000000	39.690869537	-121.824339790
37.000000000	39.690869655	-121.824339945
38.000000000	39.690869732	-121.824340182
39.000000000	39.690869792	-121.824340363
40.000000000	39.690869908	-121.824340620
41.000000000	39.690869998	-121.824340872
42.000000000	39.690870118	-121.824341157
43.000000000	39.690870205	-121.824341395
44.000000000	39.690870165	-121.824341388
45.000000000	39.690870185	-121.824341382
46.000000000	39.690870265	-121.824341507
47.000000000	39.690870262	-121.824341508
48.000000000	39.690870377	-121.824341735
49.000000000	39.690870457	-121.824341962
50.000000000	39.690870517	-121.824342088
51.000000000	39.690870530	-121.824342150
52.000000000	39.690870520	-121.824342090
53.000000000	39.690870473	-121.824342023
54.000000000	39.690870530	-121.824341962
55.000000000	39.690870542	-121.824341747
56.000000000	39.690870460	-121.824341475
57.000000000	39.690870462	-121.824341290
58.000000000	39.690870417	-121.824341075
59.000000000	39.690870358	-121.824340905
60.000000000	39.690870262	-121.824340670
61.000000000	39.690870237	-121.824340520
62.000000000	39.690870192	-121.824340392
63.000000000	39.690870097	-121.824340117
64.000000000	39.690870047	-121.824339910
65.000000000	39.690870005	-121.824339760
66.000000000	39.690869968	-121.824339622
67.000000000	39.690869953	-121.824339525
68.000000000	39.690869860	-121.824339310
69.000000000	39.690869813	-121.824339148
70.000000000	39.690869762	-121.824338878
71.000000000	39.690869747	-121.824338740
72.000000000	39.690869667	-121.824338655
73.000000000	39.690869540	-121.824338132
74.000000000	39.690869583	-121.824338070
75.000000000	39.690870723	-121.824334490
76.000000000	39.690875543	-121.824320653
77.000000000	39.690883012	-121.824309500
78.000000000	39.690890730	-121.824298265
79.000000000	39.690894452	-121.824283228
80.000000000	39.690893397	-121.824267705
81.000000000	39.690889005	-121.824252257
82.000000000	39.690881080	-121.824239778
83.000000000	39.690871062	-121.824230208
84.000000000	39.690862122	-121.824219880
85.000000000	39.690854257	-121.824208252
86.000000000	39.690843278	-121.824200878
87.000000000	39.690830728	-121.824198982
88.000000000	39.690818543	-121.824201843
89.000000000	39.690807023	-121.824207905
90.000000000	39.690797488	-121.824218203
91.000000000	39.690787468	-121.824226830
92.000000000	39.690778307	-121.824237205
93.000000000	39.690771023	-121.824250033
94.000000000	39.690768125	-121.824265470
95.000000000	39.690764767	-121.824280533
96.000000000	39.690758297	-121.824292795
97.000000000	39.690749955	-121.824303062
98.000000000	39.690740242	-121.824310757
99.000000000	39.690729643	-121.824317542
100.000000000	39.690720448	-121.824327945
101.000000000	39.690712763	-121.824340133
102.000000000	39.690706907	-121.824353720
103.000000000	39.690701355	-121.824367152
104.000000000	39.690693797	-121.824379010
105.000000000	39.690689577	-121.824393825
106.000000000	39.690686752	-121.824408970
107.000000000	39.690680867	-121.824421480
108.000000000	39.690671558	-121.824429262
109.000000000	39.690661532	-121.824436310
110.000000000	39.690650982	-121.824441718
111.000000000	39.690639958	-121.824446497
112.000000000	39.690629995	-121.824455545
113.000000000	39.690620988	-121.824466295
114.000000000	39.690611775	-121.824475788
115.000000000	39.690601188	-121.824481208
116.000000000	39.690590502	-121.824487442
117.000000000	39.690579667	-121.824493127
118.000000000	39.690570093	-121.824503048
119.000000000	39.690561252	-121.824513633
120.000000000	39.690551868	-121.824522807
121.000000000	39.690542045	-121.824530795
122.000000000	39.690531390	-121.824535707
123.000000000	39.690520677	-121.824534523
124.000000000	39.690509158	-121.824533533
125.000000000	39.690497485	-121.824537788
126.000000000	39.690488132	-121.824547438
127.000000000	39.690480285	-121.824558973
128.000000000	39.690475603	-121.824572997
129.000000000	39.690473838	-121.824587930
130.000000000	39.690470598	-121.824602652
131.000000000	39.690471062	-121.824618510
132.000000000	39.690475678	-121.824633700
133.000000000	39.690483137	-121.824646643
134.000000000	39.690492818	-121.824656897
135.000000000	39.690504430	-121.824663562
136.000000000	39.690516930	-121.824666257
137.000000000	39.690529370	-121.824665537
138.000000000	39.690541687	-121.824661515
139.000000000	39.690553747	-121.824654805
140.000000000	39.690565718	-121.824648908
141.000000000	39.690577692	-121.824649420
142.000000000	39.690588527	-121.824654552
143.000000000	39.690600023	-121.824658518
144.000000000	39.690610385	-121.824665498
145.000000000	39.690622353	-121.824668847
146.000000000	39.690634930	-121.824665717
147.000000000	39.690646972	-121.824659867
148.000000000	39.690658592	-121.824655152
149.000000000	39.690670548	-121.824653822
150.000000000	39.690682083	-121.824647745
151.000000000	39.690692393	-121.824639085
152.000000000	39.690701183	-121.824627995
153.000000000	39.690709150	-121.824616193
154.000000000	39.690719327	-121.824608480
155.000000000	39.690728987	-121.824599637
156.000000000	39.690737162	-121.824592195
157.000000000	39.690746460	-121.824588368
158.000000000	39.690757637	-121.824583995
159.000000000	39.690767445	-121.824574923
160.000000000	39.690776203	-121.824564270
161.000000000	39.690786460	-121.824557460
162.000000000	39.690796543	-121.824550115
163.000000000	39.690804515	-121.824538122
164.000000000	39.690809607	-121.824523643
165.000000000	39.690812082	-121.824508293
166.000000000	39.690812222	-121.824492645
167.000000000	39.690810570	-121.824477038
168.000000000	39.690808407	-121.824461738
169.000000000	39.690810393	-121.824447157
170.000000000	39.690815840	-121.824434637
171.000000000	39.690819052	-121.824419947
172.000000000	39.690817965	-121.824404537
173.000000000	39.690814545	-121.824389373
174.000000000	39.690808095	-121.824376222
175.000000000	39.690798998	-121.824366072
176.000000000	39.690788302	-121.824358625
177.000000000	39.690776625	-121.824353902
178.000000000	39.690764173	-121.824352660
179.000000000	39.690752008	-121.824353953
180.000000000	39.690739948	-121.824357863
181.000000000	39.690728153	-121.824362802
182.000000000	39.690716822	-121.824362070
183.000000000	39.690706932	-121.824356425
184.000000000	39.690695888	-121.824352045
185.000000000	39.690684285	-121.824349118
186.000000000	39.690672327	-121.824351888
187.000000000	39.690661185	-121.824357507
188.000000000	39.690650203	-121.824363917
189.000000000	39.690639465	-121.824370142
190.000000000	39.690629998	-121.824372833
191.000000000	39.690624080	-121.824376652
192.000000000	39.690620517	-121.824378938
193.000000000	39.690614712	-121.824385338
194.000000000	39.690606443	-121.824396678
195.000000000	39.690596322	-121.824404093
196.000000000	39.690585137	-121.824406248
197.000000000	39.690573847	-121.824409967
198.000000000	39.690562995	-121.824416777
199.000000000	39.690551698	-121.824418677
200.000000000	39.690540827	-121.824415840
201.000000000	39.690531417	-121.824408765
202.000000000	39.690524242	-121.824398390
203.000000000	39.690516520	-121.824390007
204.000000000	39.690506723	-121.824381380
205.000000000	39.690500273	-121.824369145
206.000000000	39.690496883	-121.824355465
207.000000000	39.690494198	-121.824341092
208.000000000	39.690493228	-121.824326363
209.000000000	39.690494385	-121.824311835
210.000000000	39.690496420	-121.824297303
211.000000000	39.690497302	-121.824282150
212.000000000	39.690497300	-121.824266602
213.000000000	39.690497248	-121.824253510
214.000000000	39.690497423	-121.824242348
215.000000000	39.690495622	-121.824226957
216.000000000	39.690495695	-121.824211773
217.000000000	39.690496500	-121.824196730
218.000000000	39.690494822	-121.824181085
219.000000000	39.690497083	-121.824166620
220.000000000	39.690503340	-121.824154867
221.000000000	39.690511890	-121.824145985
222.000000000	39.690522290	-121.824139667
223.000000000	39.690533177	-121.824136147
224.000000000	39.690544095	-121.824130318
225.000000000	39.690554710	-121.824123030
226.000000000	39.690565620	-121.824121287
227.000000000	39.690570940	-121.824120257
228.000000000	39.690571257	-121.824120217
229.000000000	39.690567590	-121.824121433
230.000000000	39.690558710	-121.824124897
231.000000000	39.690547677	-121.824126863
232.000000000	39.690536110	-121.824129998
233.000000000	39.690524667	-121.824132388
234.000000000	39.690514548	-121.824136037
235.000000000	39.690507143	-121.824136138
236.000000000	39.690501195	-121.824135205
237.000000000	39.690499000	-121.824134750
238.000000000	39.690503080	-121.824134220
239.000000000	39.690514590	-121.824128415
240.000000000	39.690523570	-121.824117567
241.000000000	39.690529572	-121.824104540
242.000000000	39.690534302	-121.824096035
243.000000000	39.690542302	-121.824089545
244.000000000	39.690545835	-121.824088728
245.000000000	39.690545300	-121.824088953
246.000000000	39.690542118	-121.824091455
247.000000000	39.690534747	-121.824101022
248.000000000	39.690524410	-121.824110935
249.000000000	39.690511252	-121.824112938
250.000000000	39.690498322	-121.824116290
251.000000000	39.690486285	-121.824113960
252.000000000	39.690474368	-121.824111222
253.000000000	39.690463180	-121.824108192
254.000000000	39.690454277	-121.824105855
255.000000000	39.690449822	-121.824104857
256.000000000	39.690449652	-121.824105252
257.000000000	39.690458310	-121.824103413
258.000000000	39.690468272	-121.824096632
259.000000000	39.690474767	-121.824093297
260.000000000	39.690485575	-121.824090983
261.000000000	39.690496907	-121.824091328
262.000000000	39.690507840	-121.824095558
263.000000000	39.690518523	-121.824101047
264.000000000	39.690529960	-121.824105055
265.000000000	39.690541655	-121.824107857
266.000000000	39.690550872	-121.824108413
267.000000000	39.690556040	-121.824110165
268.000000000	39.690558088	-121.824110873
269.000000000	39.690557933	-121.824110893
270.000000000	39.690557887	-121.824110897
271.000000000	39.690557833	-121.824110898
272.000000000	39.690557832	-121.824110913
273.000000000	39.690557563	-121.824110658
274.000000000	39.690553573	-121.824110317
275.000000000	39.690546257	-121.824108602
276.000000000	39.690538127	-121.824107627
277.000000000	39.690532715	-121.824107948
278.000000000	39.690529998	-121.824106952
279.000000000	39.690529330	-121.824106448
280.000000000	39.690529405	-121.824106197
281.000000000	39.690529388	-121.824106220
282.000000000	39.690529372	-121.824106187
283.000000000	39.690529420	-121.824106107
284.000000000	39.690529400	-121.824106080
285.000000000	39.690529465	-121.824106153
286.000000000	39.690529517	-121.824106222
287.000000000	39.690529530	-121.824106583
288.000000000	39.690529233	-121.824106700
289.000000000	39.690529943	-121.824107287
290.000000000	39.690517705	-121.824087108
291.000000000	39.690517953	-121.824089380
292.000000000	39.690516560	-121.824090965
293.000000000	39.690517307	-121.824092732
294.000000000	39.690517358	-121.824092877
295.000000000	39.690517675	-121.824093327
296.000000000	39.690517918	-121.824093557
297.000000000	39.690517997	-121.824093747
298.000000000	39.690518033	-121.824094062
299.000000000	39.690519150	-121.824097323
300.000000000	39.690520110	-121.824109790
301.000000000	39.690516963	-121.824123240
302.000000000	39.690513960	-121.824137273
303.000000000	39.690514800	-121.824152880
304.000000000	39.690518790	-121.824167705
305.000000000	39.690520433	-121.824182618
306.000000000	39.690524895	-121.824197137
307.000000000	39.690533048	-121.824209177
308.000000000	39.690543252	-121.824218060
309.000000000	39.690555013	-121.824223525
310.000000000	39.690567417	-121.824225780
311.000000000	39.690579842	-121.824224965
312.000000000	39.690592043	-121.824221467
313.000000000	39.690603735	-121.824216512
314.000000000	39.690615517	-121.824213685
315.000000000	39.690627257	-121.824212202
316.000000000	39.690638795	-121.824213892
317.000000000	39.690650338	-121.824216113
318.000000000	39.690662658	-121.824213692
319.000000000	39.690674260	-121.824209342
320.000000000	39.690684933	-121.824203397
321.000000000	39.690695508	-121.824197283
322.000000000	39.690706810	-121.824195260
323.000000000	39.690718310	-121.824195250
324.000000000	39.690729628	-121.824197083
325.000000000	39.690741083	-121.824199697
326.000000000	39.690753223	-121.824197963
327.000000000	39.690764838	-121.824193802
328.000000000	39.690775907	-121.824187577
329.000000000	39.690786198	-121.824179550
330.000000000	39.690794293	-121.824168153
331.000000000	39.690800875	-121.824155317
332.000000000	39.690807592	-121.824142755
333.000000000	39.690809642	-121.824127438
334.000000000	39.690811938	-121.824112407
335.000000000	39.690817780	-121.824099787
336.000000000	39.690826637	-121.824091563
337.000000000	39.690836832	-121.824086265
338.000000000	39.690847662	-121.824084978
339.000000000	39.690858652	-121.824087108
340.000000000	39.690868975	-121.824091928
341.000000000	39.690878272	-121.824099385
342.000000000	39.690886742	-121.824108932
343.000000000	39.690895362	-121.824118767
344.000000000	39.690906122	-121.824124420
345.000000000	39.690916240	-121.824130670
346.000000000	39.690924190	-121.824140678
347.000000000	39.690931035	-121.824152018
348.000000000	39.690934365	-121.824165320
349.000000000	39.690935932	-121.824175325
350.000000000	39.690937798	-121.824180675
351.000000000	39.690938365	-121.824182312
352.000000000	39.690938278	-121.824182117
353.000000000	39.690938158	-121.824181745
354.000000000	39.690938248	-121.824181877
355.000000000	39.690938290	-121.824181853
356.000000000	39.690938310	-121.824181868
357.000000000	39.690938392	-121.824181877
358.000000000	39.690938458	-121.824181902
359.000000000	39.690938500	-121.824182008
360.000000000	39.690938568	-121.824182048
361.000000000	39.690938620	-121.824182167
362.000000000	39.690938655	-121.824182130
363.000000000	39.690938612	-121.824182007
364.000000000	39.690938690	-121.824182247
365.000000000	39.690938713	-121.824182265
366.000000000	39.690938708	-121.824182222
367.000000000	39.690938712	-121.824182265
368.000000000	39.690938678	-121.824182272
369.000000000	39.690938678	-121.824182270
370.000000000	39.690938680	-121.824182330
371.000000000	39.690938662	-121.824182260
372.000000000	39.690938782	-121.824182197
373.000000000	39.690938727	-121.824182237
374.000000000	39.690938667	-121.824181995
375.000000000	39.690938670	-121.824181882
