0.000000000	39.690487567	-121.824214190
1.000000000	39.690487567	-121.824214190
2.000000000	39.690491670	-121.824209272
3.000000000	39.690491245	-121.824209178
4.000000000	39.690494023	-121.824209218
5.000000000	39.690493975	-121.824209267
6.000000000	39.690493677	-121.824209393
7.000000000	39.690493642	-121.824209618
8.000000000	39.690493530	-121.824209770
9.000000000	39.690494353	-121.824209777
10.000000000	39.690493865	-121.824209732
11.000000000	39.690493873	-121.824209667
12.000000000	39.690494112	-121.824209395
13.000000000	39.690496037	-121.824209427
14.000000000	39.690496035	-121.824209520
15.000000000	39.690495392	-121.824209808
16.000000000	39.690494327	-121.824210072
17.000000000	39.690493322	-121.824209982
18.000000000	39.690489047	-121.824209395
19.000000000	39.690488642	-121.824209868
20.000000000	39.690485895	-121.824203550
21.000000000	39.690484553	-121.824192255
22.000000000	39.690484130	-121.824180547
23.000000000	39.690481185	-121.824168658
24.000000000	39.690474775	-121.824158428
25.000000000	39.690466033	-121.824151237
26.000000000	39.690456025	-121.824146877
27.000000000	39.690446042	-121.824145822
28.000000000	39.690436348	-121.824147613
29.000000000	39.690427142	-121.824152338
30.000000000	39.690419118	-121.824159375
31.000000000	39.690412447	-121.824168522
32.000000000	39.690407698	-121.824179198
33.000000000	39.690404642	-121.824191052
34.000000000	39.690403058	-121.824203385
35.000000000	39.690403380	-121.824216055
36.000000000	39.690405243	-121.824228375
37.000000000	39.690408242	-121.824240500
38.000000000	39.690411743	-121.824252090
39.000000000	39.690413210	-121.824263992
40.000000000	39.690413897	-121.824275715
41.000000000	39.690413957	-121.824287515
42.000000000	39.690414388	-121.824299583
43.000000000	39.690417390	-121.824311637
44.000000000	39.690420637	-121.824323352
45.000000000	39.690423242	-121.824334632
46.000000000	39.690425130	-121.824342733
47.000000000	39.690426182	-121.824347643
48.000000000	39.690426455	-121.824349633
49.000000000	39.690426292	-121.824350218
50.000000000	39.690426098	-121.824350352
51.000000000	39.690425923	-121.824350457
52.000000000	39.690425917	-121.824353010
53.000000000	39.690426782	-121.824364543
54.000000000	39.690429103	-121.824376407
55.000000000	39.690432280	-121.824388202
56.000000000	39.690435843	-121.824399600
57.000000000	39.690439087	-121.824410767
58.000000000	39.690440250	-121.824422662
59.000000000	39.690441007	-121.824434498
60.000000000	39.690441790	-121.824446447
61.000000000	39.690443122	-121.824458327
62.000000000	39.690446808	-121.824470045
63.000000000	39.690450568	-121.824481412
64.000000000	39.690452513	-121.824493092
65.000000000	39.690453785	-121.824504813
66.000000000	39.690454548	-121.824515918
67.000000000	39.690455240	-121.824528578
68.000000000	39.690457475	-121.824537873
69.000000000	39.690458305	-121.824542707
70.000000000	39.690458713	-121.824544237
71.000000000	39.690458668	-121.824545453
72.000000000	39.690461235	-121.824555037
73.000000000	39.690467557	-121.824564765
74.000000000	39.690475773	-121.824572368
75.000000000	39.690484893	-121.824577673
76.000000000	39.690494657	-121.824580738
77.000000000	39.690504552	-121.824581927
78.000000000	39.690514248	-121.824581185
79.000000000	39.690523983	-121.824579367
80.000000000	39.690533435	-121.824577403
81.000000000	39.690542898	-121.824575508
82.000000000	39.690552235	-121.824576477
83.000000000	39.690561483	-121.824577585
84.000000000	39.690570873	-121.824578652
85.000000000	39.690580262	-121.824578943
86.000000000	39.690589760	-121.824576743
87.000000000	39.690599057	-121.824574482
88.000000000	39.690608398	-121.824574652
89.000000000	39.690617588	-121.824575522
90.000000000	39.690626883	-121.824577188
91.000000000	39.690636155	-121.824578593
92.000000000	39.690645785	-121.824576920
93.000000000	39.690655258	-121.824574802
94.000000000	39.690664702	-121.824573435
95.000000000	39.690674103	-121.824573022
96.000000000	39.690683265	-121.824574523
97.000000000	39.690692560	-121.824576127
98.000000000	39.690702290	-121.824574775
99.000000000	39.690711782	-121.824572868
100.000000000	39.690721215	-121.824571207
101.000000000	39.690730697	-121.824570647
102.000000000	39.690739920	-121.824572400
103.000000000	39.690749042	-121.824574360
104.000000000	39.690758768	-121.824573382
105.000000000	39.690768293	-121.824571565
106.000000000	39.690777498	-121.824569955
107.000000000	39.690786885	-121.824568958
108.000000000	39.690795955	-121.824565197
109.000000000	39.690803848	-121.824557530
110.000000000	39.690810363	-121.824548012
111.000000000	39.690815070	-121.824537087
112.000000000	39.690818433	-121.824525197
113.000000000	39.690819913	-121.824512765
114.000000000	39.690819680	-121.824500135
115.000000000	39.690818335	-121.824487620
116.000000000	39.690815495	-121.824475400
117.000000000	39.690812442	-121.824463512
118.000000000	39.690811593	-121.824451583
119.000000000	39.690811103	-121.824439593
120.000000000	39.690810957	-121.824427605
121.000000000	39.690810567	-121.824415600
122.000000000	39.690807630	-121.824403783
123.000000000	39.690803983	-121.824392290
124.000000000	39.690800220	-121.824381182
125.000000000	39.690793923	-121.824371927
126.000000000	39.690786077	-121.824364228
127.000000000	39.690777212	-121.824358787
128.000000000	39.690767680	-121.824355217
129.000000000	39.690758052	-121.824354230
130.000000000	39.690748273	-121.824355177
131.000000000	39.690738528	-121.824357397
132.000000000	39.690729147	-121.824360078
133.000000000	39.690719893	-121.824362805
134.000000000	39.690710685	-121.824362572
135.000000000	39.690701602	-121.824362103
136.000000000	39.690692640	-121.824360908
137.000000000	39.690683360	-121.824360457
138.000000000	39.690673995	-121.824362898
139.000000000	39.690664743	-121.824365500
140.000000000	39.690655627	-121.824366147
141.000000000	39.690646478	-121.824365863
142.000000000	39.690637430	-121.824364633
143.000000000	39.690628378	-121.824363445
144.000000000	39.690618902	-121.824365570
145.000000000	39.690609667	-121.824368205
146.000000000	39.690600630	-121.824370415
147.000000000	39.690591350	-121.824371882
148.000000000	39.690582310	-121.824370860
149.000000000	39.690573327	-121.824369622
150.000000000	39.690563892	-121.824370147
151.000000000	39.690554512	-121.824371997
152.000000000	39.690545165	-121.824374780
153.000000000	39.690536052	-121.824377147
154.000000000	39.690526972	-121.824376628
155.000000000	39.690518240	-121.824374493
156.000000000	39.690510733	-121.824368968
157.000000000	39.690504022	-121.824361490
158.000000000	39.690498532	-121.824352720
159.000000000	39.690494287	-121.824342693
160.000000000	39.690491572	-121.824332033
161.000000000	39.690490018	-121.824320607
162.000000000	39.690489743	-121.824308827
163.000000000	39.690490073	-121.824296873
164.000000000	39.690491208	-121.824285050
165.000000000	39.690492648	-121.824273298
166.000000000	39.690493093	-121.824261167
167.000000000	39.690492875	-121.824248848
168.000000000	39.690492510	-121.824236598
169.000000000	39.690492832	-121.824224500
170.000000000	39.690494880	-121.824212883
171.000000000	39.690497047	-121.824201247
172.000000000	39.690498150	-121.824189008
173.000000000	39.690500965	-121.824177738
174.000000000	39.690506550	-121.824168895
175.000000000	39.690513372	-121.824161568
176.000000000	39.690521307	-121.824155887
177.000000000	39.690529517	-121.824151178
178.000000000	39.690538497	-121.824148573
179.000000000	39.690547553	-121.824147480
180.000000000	39.690556930	-121.824147905
181.000000000	39.690566083	-121.824148800
182.000000000	39.690575182	-121.824150487
183.000000000	39.690584378	-121.824152107
184.000000000	39.690593888	-121.824151258
185.000000000	39.690603232	-121.824150762
186.000000000	39.690612557	-121.824151500
187.000000000	39.690621677	-121.824152902
188.000000000	39.690630738	-121.824154907
189.000000000	39.690639977	-121.824156603
190.000000000	39.690649482	-121.824155450
191.000000000	39.690658900	-121.824154470
192.000000000	39.690668200	-121.824155460
193.000000000	39.690677493	-121.824156810
194.000000000	39.690686630	-121.824158772
195.000000000	39.690695903	-121.824160640
196.000000000	39.690705535	-121.824159855
197.000000000	39.690714988	-121.824158745
198.000000000	39.690724385	-121.824158262
199.000000000	39.690733628	-121.824158477
200.000000000	39.690742683	-121.824160478
201.000000000	39.690751722	-121.824162528
202.000000000	39.690761350	-121.824162270
203.000000000	39.690770162	-121.824162257
204.000000000	39.690774005	-121.824162820
205.000000000	39.690773915	-121.824162853
206.000000000	39.690773927	-121.824162875
207.000000000	39.690773997	-121.824162857
208.000000000	39.690773675	-121.824162698
209.000000000	39.690772312	-121.824162735
210.000000000	39.690769592	-121.824162687
211.000000000	39.690768213	-121.824162642
212.000000000	39.690768425	-121.824162622
213.000000000	39.690768355	-121.824162647
214.000000000	39.690768278	-121.824162607
215.000000000	39.690768248	-121.824162517
216.000000000	39.690769432	-121.824162453
217.000000000	39.690776870	-121.824161940
218.000000000	39.690786165	-121.824162972
219.000000000	39.690795188	-121.824165373
220.000000000	39.690804357	-121.824167527
221.000000000	39.690813963	-121.824166862
222.000000000	39.690823338	-121.824166340
223.000000000	39.690832633	-121.824166255
224.000000000	39.690841890	-121.824166888
225.000000000	39.690850942	-121.824168767
226.000000000	39.690859997	-121.824170650
227.000000000	39.690869355	-121.824169863
228.000000000	39.690878547	-121.824169182
229.000000000	39.690887580	-121.824168985
230.000000000	39.690896755	-121.824169388
231.000000000	39.690905473	-121.824171122
232.000000000	39.690914072	-121.824173230
233.000000000	39.690923100	-121.824172693
234.000000000	39.690930548	-121.824171948
235.000000000	39.690932665	-121.824171995
236.000000000	39.690932268	-121.824171938
237.000000000	39.690932405	-121.824171082
238.000000000	39.690931742	-121.824172307
239.000000000	39.690931437	-121.824172270
240.000000000	39.690931208	-121.824172268
241.000000000	39.690931222	-121.824172453
242.000000000	39.690931568	-121.824172682
243.000000000	39.690931547	-121.824172847
244.000000000	39.690931553	-121.824172905
245.000000000	39.690931628	-121.824172808
246.000000000	39.690931710	-121.824172740
