0.000000000	39.690941152	-121.824175558
1.000000000	39.690937562	-121.824185070
2.000000000	39.690937623	-121.824185090
3.000000000	39.690937645	-121.824185135
4.000000000	39.690937713	-121.824185188
5.000000000	39.690937727	-121.824185255
6.000000000	39.690937807	-121.824185275
7.000000000	39.690937812	-121.824185305
8.000000000	39.690937797	-121.824185363
9.000000000	39.690937768	-121.824185462
10.000000000	39.690937768	-121.824185473
11.000000000	39.690937718	-121.824185552
12.000000000	39.690937688	-121.824185615
13.000000000	39.690937652	-121.824185693
14.000000000	39.690937673	-121.824185837
15.000000000	39.690937693	-121.824185923
16.000000000	39.690937713	-121.824185995
17.000000000	39.690937750	-121.824186097
18.000000000	39.690937793	-121.824186163
19.000000000	39.690937812	-121.824186217
20.000000000	39.690937828	-121.824186402
21.000000000	39.690938047	-121.824186262
22.000000000	39.690938032	-121.824186375
23.000000000	39.690937972	-121.824186507
24.000000000	39.690938062	-121.824186475
25.000000000	39.690937985	-121.824186623
26.000000000	39.690937985	-121.824186643
27.000000000	39.690937993	-121.824186690
28.000000000	39.690937977	-121.824186770
29.000000000	39.690937997	-121.824186782
30.000000000	39.690937975	-121.824186865
31.000000000	39.690937972	-121.824186865
32.000000000	39.690937927	-121.824186830
33.000000000	39.690937877	-121.824186852
34.000000000	39.690937827	-121.824186883
35.000000000	39.690937785	-121.824186855
36.000000000	39.690937758	-121.824186823
37.000000000	39.690937710	-121.824186798
38.000000000	39.690937675	-121.824186743
39.000000000	39.690937760	-121.824186460
40.000000000	39.690937770	-121.824186488
41.000000000	39.690937710	-121.824186568
42.000000000	39.690937722	-121.824186608
43.000000000	39.690937970	-121.824186588
44.000000000	39.690937492	-121.824186247
45.000000000	39.690937483	-121.824186252
46.000000000	39.690937500	-121.824186188
47.000000000	39.690937537	-121.824186108
48.000000000	39.690937578	-121.824186057
49.000000000	39.690937590	-121.824186045
50.000000000	39.690937838	-121.824186365
51.000000000	39.690937855	-121.824186322
52.000000000	39.690937843	-121.824186297
53.000000000	39.690937900	-121.824186207
54.000000000	39.690937935	-121.824186197
55.000000000	39.690937910	-121.824186152
56.000000000	39.690937947	-121.824186115
57.000000000	39.690937923	-121.824186097
58.000000000	39.690937875	-121.824185948
59.000000000	39.690937942	-121.824185848
60.000000000	39.690939093	-121.824185842
61.000000000	39.690942197	-121.824186003
62.000000000	39.690947187	-121.824187673
63.000000000	39.690958635	-121.824191453
64.000000000	39.690970453	-121.824195408
65.000000000	39.690980830	-121.824203237
66.000000000	39.690992590	-121.824209263
67.000000000	39.691001315	-121.824218823
68.000000000	39.691006980	-121.824224877
69.000000000	39.691010568	-121.824227788
70.000000000	39.691003168	-121.824225905
71.000000000	39.691003043	-121.824225953
72.000000000	39.691001688	-121.824224930
73.000000000	39.690996897	-121.824221007
74.000000000	39.690990815	-121.824215997
75.000000000	39.690985303	-121.824208090
76.000000000	39.690979175	-121.824199805
77.000000000	39.690971773	-121.824190590
78.000000000	39.690966655	-121.824182103
79.000000000	39.690958985	-121.824177467
80.000000000	39.690946683	-121.824175812
81.000000000	39.690933648	-121.824169627
82.000000000	39.690920785	-121.824162477
83.000000000	39.690910595	-121.824156465
84.000000000	39.690901507	-121.824160088
85.000000000	39.690893390	-121.824165537
86.000000000	39.690885263	-121.824170835
87.000000000	39.690878093	-121.824176458
88.000000000	39.690872317	-121.824181723
89.000000000	39.690867782	-121.824186213
90.000000000	39.690864550	-121.824189668
91.000000000	39.690862968	-121.824191412
92.000000000	39.690862805	-121.824191380
93.000000000	39.690862930	-121.824191078
94.000000000	39.690862953	-121.824190922
95.000000000	39.690863075	-121.824190805
96.000000000	39.690863110	-121.824190760
97.000000000	39.690863178	-121.824190702
98.000000000	39.690863247	-121.824190850
99.000000000	39.690863048	-121.824190952
100.000000000	39.690863272	-121.824190670
101.000000000	39.690863308	-121.824190537
102.000000000	39.690863270	-121.824190513
103.000000000	39.690863342	-121.824190553
104.000000000	39.690863437	-121.824190515
105.000000000	39.690863398	-121.824190490
106.000000000	39.690863422	-121.824190423
107.000000000	39.690863437	-121.824190393
108.000000000	39.690863470	-121.824190225
109.000000000	39.690863507	-121.824190118
110.000000000	39.690863542	-121.824190007
111.000000000	39.690863558	-121.824189937
112.000000000	39.690864890	-121.824187925
113.000000000	39.690872437	-121.824174583
114.000000000	39.690879222	-121.824160650
115.000000000	39.690883090	-121.824144695
116.000000000	39.690883815	-121.824127892
117.000000000	39.690880998	-121.824111323
118.000000000	39.690874827	-121.824096295
119.000000000	39.690866602	-121.824082853
120.000000000	39.690855795	-121.824072573
121.000000000	39.690843007	-121.824066750
122.000000000	39.690830147	-121.824063185
123.000000000	39.690817597	-121.824064412
124.000000000	39.690807707	-121.824065160
125.000000000	39.690794988	-121.824070213
126.000000000	39.690783487	-121.824079158
127.000000000	39.690772840	-121.824089253
128.000000000	39.690764532	-121.824102463
129.000000000	39.690757685	-121.824117022
130.000000000	39.690752752	-121.824132838
131.000000000	39.690750087	-121.824149792
132.000000000	39.690747830	-121.824166275
133.000000000	39.690741327	-121.824179657
134.000000000	39.690730892	-121.824185693
135.000000000	39.690719957	-121.824193682
136.000000000	39.690711542	-121.824206822
137.000000000	39.690705813	-121.824222433
138.000000000	39.690700600	-121.824237298
139.000000000	39.690698437	-121.824253272
140.000000000	39.690696943	-121.824268573
141.000000000	39.690697343	-121.824285282
142.000000000	39.690694197	-121.824300643
143.000000000	39.690688062	-121.824314218
144.000000000	39.690679213	-121.824324815
145.000000000	39.690670788	-121.824335878
146.000000000	39.690662803	-121.824348508
147.000000000	39.690658388	-121.824364327
148.000000000	39.690653252	-121.824379108
149.000000000	39.690649945	-121.824395382
150.000000000	39.690644188	-121.824409298
151.000000000	39.690638383	-121.824423447
152.000000000	39.690632492	-121.824437622
153.000000000	39.690624213	-121.824448992
154.000000000	39.690616072	-121.824461043
155.000000000	39.690605455	-121.824467372
156.000000000	39.690594643	-121.824475192
157.000000000	39.690583017	-121.824479658
158.000000000	39.690571557	-121.824486337
159.000000000	39.690562153	-121.824498220
160.000000000	39.690553048	-121.824510027
161.000000000	39.690544168	-121.824521667
162.000000000	39.690533603	-121.824530010
163.000000000	39.690524082	-121.824540795
164.000000000	39.690513092	-121.824547495
165.000000000	39.690501253	-121.824550912
166.000000000	39.690489157	-121.824554258
167.000000000	39.690477187	-121.824557347
168.000000000	39.690468257	-121.824562772
169.000000000	39.690462887	-121.824564478
170.000000000	39.690460175	-121.824565053
171.000000000	39.690460165	-121.824565005
172.000000000	39.690460320	-121.824565002
173.000000000	39.690460373	-121.824564973
174.000000000	39.690460418	-121.824564993
175.000000000	39.690468643	-121.824575467
176.000000000	39.690470822	-121.824577393
177.000000000	39.690466217	-121.824573855
178.000000000	39.690468975	-121.824575170
179.000000000	39.690469038	-121.824575137
180.000000000	39.690469030	-121.824575127
181.000000000	39.690469090	-121.824575137
182.000000000	39.690469277	-121.824575130
183.000000000	39.690469335	-121.824575112
184.000000000	39.690469383	-121.824575013
185.000000000	39.690469473	-121.824574942
186.000000000	39.690469603	-121.824574838
187.000000000	39.690469665	-121.824574747
188.000000000	39.690469528	-121.824574448
189.000000000	39.690469658	-121.824574430
190.000000000	39.690469820	-121.824574380
191.000000000	39.690469827	-121.824574238
192.000000000	39.690469948	-121.824574182
193.000000000	39.690470017	-121.824574118
194.000000000	39.690470063	-121.824574010
195.000000000	39.690470082	-121.824573962
196.000000000	39.690470183	-121.824573972
197.000000000	39.690470105	-121.824573910
198.000000000	39.690470203	-121.824573953
199.000000000	39.690470193	-121.824573895
200.000000000	39.690470182	-121.824573795
201.000000000	39.690470203	-121.824573748
202.000000000	39.690470305	-121.824573753
203.000000000	39.690470253	-121.824573680
204.000000000	39.690470338	-121.824573610
205.000000000	39.690470128	-121.824573435
206.000000000	39.690464933	-121.824576003
207.000000000	39.690455132	-121.824586508
208.000000000	39.690447443	-121.824599428
209.000000000	39.690441892	-121.824613740
210.000000000	39.690438383	-121.824630002
211.000000000	39.690437788	-121.824646960
212.000000000	39.690439685	-121.824664015
213.000000000	39.690444270	-121.824680182
214.000000000	39.690451217	-121.824694845
215.000000000	39.690459913	-121.824707563
216.000000000	39.690470430	-121.824717948
217.000000000	39.690483358	-121.824727008
218.000000000	39.690494453	-121.824730947
219.000000000	39.690507405	-121.824733845
220.000000000	39.690520485	-121.824734028
221.000000000	39.690533632	-121.824729212
222.000000000	39.690545488	-121.824720625
223.000000000	39.690555915	-121.824707802
224.000000000	39.690563372	-121.824692622
225.000000000	39.690567543	-121.824676405
226.000000000	39.690569755	-121.824660977
227.000000000	39.690570532	-121.824644287
228.000000000	39.690575693	-121.824629867
229.000000000	39.690581088	-121.824618667
230.000000000	39.690596223	-121.824618345
231.000000000	39.690607885	-121.824621580
232.000000000	39.690619238	-121.824627773
233.000000000	39.690629320	-121.824636453
234.000000000	39.690641468	-121.824641780
235.000000000	39.690654557	-121.824643992
236.000000000	39.690667592	-121.824643268
237.000000000	39.690680490	-121.824640488
238.000000000	39.690693318	-121.824636085
239.000000000	39.690705588	-121.824630252
240.000000000	39.690717402	-121.824622880
241.000000000	39.690728895	-121.824615697
242.000000000	39.690741865	-121.824609263
243.000000000	39.690751387	-121.824598207
244.000000000	39.690758192	-121.824583857
245.000000000	39.690762232	-121.824567547
246.000000000	39.690763082	-121.824550658
247.000000000	39.690761217	-121.824534273
248.000000000	39.690756352	-121.824518863
249.000000000	39.690748547	-121.824505320
250.000000000	39.690738897	-121.824494802
251.000000000	39.690727670	-121.824486708
252.000000000	39.690715475	-121.824482305
253.000000000	39.690702518	-121.824481505
254.000000000	39.690689813	-121.824484337
255.000000000	39.690677438	-121.824490057
256.000000000	39.690666537	-121.824499222
257.000000000	39.690657107	-121.824511240
258.000000000	39.690650062	-121.824525645
259.000000000	39.690645383	-121.824541500
260.000000000	39.690643152	-121.824558532
261.000000000	39.690643865	-121.824575787
262.000000000	39.690647267	-121.824592370
263.000000000	39.690652975	-121.824607835
264.000000000	39.690661057	-121.824621165
265.000000000	39.690670898	-121.824632533
266.000000000	39.690682178	-121.824641292
267.000000000	39.690694622	-121.824647552
268.000000000	39.690707807	-121.824650680
269.000000000	39.690721178	-121.824651103
270.000000000	39.690734427	-121.824648507
271.000000000	39.690747072	-121.824643383
272.000000000	39.690758873	-121.824636078
273.000000000	39.690769720	-121.824626833
274.000000000	39.690779365	-121.824615898
275.000000000	39.690787968	-121.824603498
276.000000000	39.690795512	-121.824589945
277.000000000	39.690801858	-121.824575430
278.000000000	39.690806342	-121.824559650
279.000000000	39.690809627	-121.824543593
280.000000000	39.690811508	-121.824526968
281.000000000	39.690812390	-121.824510415
282.000000000	39.690812165	-121.824493762
283.000000000	39.690811713	-121.824477190
284.000000000	39.690810928	-121.824460638
285.000000000	39.690810005	-121.824444317
286.000000000	39.690809118	-121.824427927
287.000000000	39.690807877	-121.824411602
288.000000000	39.690806440	-121.824395542
289.000000000	39.690803877	-121.824379215
290.000000000	39.690799817	-121.824363288
291.000000000	39.690792995	-121.824348845
292.000000000	39.690784305	-121.824336200
293.000000000	39.690774135	-121.824325738
294.000000000	39.690762908	-121.824317420
295.000000000	39.690750773	-121.824311295
296.000000000	39.690738098	-121.824307472
297.000000000	39.690725283	-121.824305668
298.000000000	39.690712175	-121.824305842
299.000000000	39.690699133	-121.824307622
300.000000000	39.690686307	-121.824310622
301.000000000	39.690674147	-121.824314822
302.000000000	39.690661988	-121.824319515
303.000000000	39.690649888	-121.824323877
304.000000000	39.690637472	-121.824325567
305.000000000	39.690624970	-121.824326898
306.000000000	39.690612503	-121.824330327
307.000000000	39.690600067	-121.824334582
308.000000000	39.690588165	-121.824339972
309.000000000	39.690576430	-121.824345037
310.000000000	39.690564168	-121.824347448
311.000000000	39.690551850	-121.824349638
312.000000000	39.690539483	-121.824353875
313.000000000	39.690527277	-121.824359127
314.000000000	39.690515520	-121.824365828
315.000000000	39.690503875	-121.824372358
316.000000000	39.690492037	-121.824372553
317.000000000	39.690482488	-121.824364102
318.000000000	39.690477087	-121.824351267
319.000000000	39.690475573	-121.824336422
320.000000000	39.690475573	-121.824336422
321.000000000	39.690475573	-121.824336422
322.000000000	39.690475573	-121.824336422
323.000000000	39.690475573	-121.824336422
324.000000000	39.690475573	-121.824336422
325.000000000	39.690475573	-121.824336422
326.000000000	39.690475573	-121.824336422
327.000000000	39.690475573	-121.824336422
328.000000000	39.690475573	-121.824336422
329.000000000	39.690475573	-121.824336422
330.000000000	39.690475573	-121.824336422
331.000000000	39.690475573	-121.824336422
332.000000000	39.690475573	-121.824336422
333.000000000	39.690475573	-121.824336422
334.000000000	39.690475573	-121.824336422
335.000000000	39.690475573	-121.824336422
336.000000000	39.690475573	-121.824336422
337.000000000	39.690475573	-121.824336422
338.000000000	39.690475573	-121.824336422
339.000000000	39.690475573	-121.824336422
340.000000000	39.690475573	-121.824336422
341.000000000	39.690475573	-121.824336422
342.000000000	39.690475573	-121.824336422
343.000000000	39.690475573	-121.824336422
344.000000000	39.690475573	-121.824336422
345.000000000	39.690475573	-121.824336422
346.000000000	39.690475573	-121.824336422
347.000000000	39.690475573	-121.824336422
348.000000000	39.690475573	-121.824336422
349.000000000	39.690475573	-121.824336422
350.000000000	39.690475573	-121.824336422
351.000000000	39.690475573	-121.824336422
352.000000000	39.690475573	-121.824336422
353.000000000	39.690475573	-121.824336422
354.000000000	39.690475573	-121.824336422
355.000000000	39.690475573	-121.824336422
356.000000000	39.690475573	-121.824336422
357.000000000	39.690475573	-121.824336422
358.000000000	39.690475573	-121.824336422
359.000000000	39.690475573	-121.824336422
360.000000000	39.690475573	-121.824336422
361.000000000	39.690475573	-121.824336422
362.000000000	39.690475573	-121.824336422
363.000000000	39.690475573	-121.824336422
364.000000000	39.690475573	-121.824336422
365.000000000	39.690475573	-121.824336422
366.000000000	39.690475573	-121.824336422
367.000000000	39.690475573	-121.824336422
368.000000000	39.690475573	-121.824336422
369.000000000	39.690475573	-121.824336422
370.000000000	39.690475573	-121.824336422
371.000000000	39.690475573	-121.824336422
372.000000000	39.690475573	-121.824336422
373.000000000	39.690475573	-121.824336422
374.000000000	39.690475573	-121.824336422
375.000000000	39.690475573	-121.824336422
376.000000000	39.690475573	-121.824336422
377.000000000	39.690475573	-121.824336422
378.000000000	39.690475573	-121.824336422
379.000000000	39.690475573	-121.824336422
380.000000000	39.690475573	-121.824336422
381.000000000	39.690475573	-121.824336422
382.000000000	39.690475573	-121.824336422
383.000000000	39.690475573	-121.824336422
384.000000000	39.690475573	-121.824336422
385.000000000	39.690475573	-121.824336422
386.000000000	39.690475573	-121.824336422
387.000000000	39.690475573	-121.824336422
388.000000000	39.690475573	-121.824336422
389.000000000	39.690475573	-121.824336422
390.000000000	39.690475573	-121.824336422
391.000000000	39.690475573	-121.824336422
392.000000000	39.690475573	-121.824336422
393.000000000	39.690475573	-121.824336422
394.000000000	39.690475573	-121.824336422
395.000000000	39.690475573	-121.824336422
