0.000000000	39.690943547	-121.824170612
1.000000000	39.690944803	-121.824173637
2.000000000	39.690944767	-121.824173612
3.000000000	39.690946283	-121.824174215
4.000000000	39.690953798	-121.824181535
5.000000000	39.690960155	-121.824193002
6.000000000	39.690965220	-121.824206412
7.000000000	39.690967762	-121.824221267
8.000000000	39.690967608	-121.824236725
9.000000000	39.690964530	-121.824251872
10.000000000	39.690959062	-121.824266233
11.000000000	39.690951085	-121.824278568
12.000000000	39.690941408	-121.824289253
13.000000000	39.690930468	-121.824297990
14.000000000	39.690918738	-121.824305267
15.000000000	39.690906800	-121.824312060
16.000000000	39.690895145	-121.824318820
17.000000000	39.690885428	-121.824329883
18.000000000	39.690876818	-121.824341617
19.000000000	39.690868107	-121.824353032
20.000000000	39.690859332	-121.824363967
21.000000000	39.690848763	-121.824371895
22.000000000	39.690837787	-121.824378643
23.000000000	39.690826457	-121.824384320
24.000000000	39.690815037	-121.824389713
25.000000000	39.690804120	-121.824397082
26.000000000	39.690793348	-121.824404727
27.000000000	39.690782828	-121.824413022
28.000000000	39.690772493	-121.824421810
29.000000000	39.690762313	-121.824431110
30.000000000	39.690751992	-121.824439772
31.000000000	39.690740928	-121.824446082
32.000000000	39.690729900	-121.824452035
33.000000000	39.690719358	-121.824459907
34.000000000	39.690709003	-121.824468292
35.000000000	39.690698830	-121.824477075
36.000000000	39.690688515	-121.824485127
37.000000000	39.690677370	-121.824490758
38.000000000	39.690666190	-121.824495957
39.000000000	39.690655308	-121.824503293
40.000000000	39.690644637	-121.824511162
41.000000000	39.690634138	-121.824519458
42.000000000	39.690623605	-121.824527098
43.000000000	39.690612205	-121.824531905
44.000000000	39.690600512	-121.824535462
45.000000000	39.690588698	-121.824538065
46.000000000	39.690576788	-121.824540570
47.000000000	39.690565082	-121.824545118
48.000000000	39.690553990	-121.824551960
49.000000000	39.690542965	-121.824558603
50.000000000	39.690531870	-121.824564633
51.000000000	39.690520013	-121.824567202
52.000000000	39.690508172	-121.824568217
53.000000000	39.690496210	-121.824568050
54.000000000	39.690484297	-121.824567718
55.000000000	39.690472772	-121.824572767
56.000000000	39.690465057	-121.824584307
57.000000000	39.690460433	-121.824599187
58.000000000	39.690459588	-121.824615653
59.000000000	39.690463100	-121.824631418
60.000000000	39.690470102	-121.824645140
61.000000000	39.690480287	-121.824655357
62.000000000	39.690492473	-121.824661007
63.000000000	39.690505460	-121.824661728
64.000000000	39.690518237	-121.824658115
65.000000000	39.690529878	-121.824650487
66.000000000	39.690540648	-121.824640162
67.000000000	39.690551498	-121.824631413
68.000000000	39.690562005	-121.824623893
69.000000000	39.690573853	-121.824619328
70.000000000	39.690586048	-121.824616093
71.000000000	39.690598668	-121.824615010
72.000000000	39.690611240	-121.824614483
73.000000000	39.690623502	-121.824611542
74.000000000	39.690635577	-121.824607347
75.000000000	39.690646563	-121.824600005
76.000000000	39.690656937	-121.824591428
77.000000000	39.690668522	-121.824586738
78.000000000	39.690680387	-121.824584475
79.000000000	39.690692562	-121.824584498
80.000000000	39.690704765	-121.824585562
81.000000000	39.690717233	-121.824583903
82.000000000	39.690729503	-121.824580745
83.000000000	39.690741172	-121.824574148
84.000000000	39.690752112	-121.824566165
85.000000000	39.690763937	-121.824562760
86.000000000	39.690775792	-121.824562593
87.000000000	39.690787387	-121.824564483
88.000000000	39.690799377	-121.824563438
89.000000000	39.690810023	-121.824555363
90.000000000	39.690818137	-121.824543425
91.000000000	39.690823008	-121.824528535
92.000000000	39.690824398	-121.824512665
93.000000000	39.690822697	-121.824496453
94.000000000	39.690818240	-121.824481190
95.000000000	39.690811957	-121.824467255
96.000000000	39.690804745	-121.824454340
97.000000000	39.690800623	-121.824439988
98.000000000	39.690798638	-121.824425015
99.000000000	39.690798663	-121.824409918
100.000000000	39.690799768	-121.824394608
101.000000000	39.690800688	-121.824379058
102.000000000	39.690797080	-121.824363668
103.000000000	39.690788722	-121.824351463
104.000000000	39.690777663	-121.824343813
105.000000000	39.690765383	-121.824340328
106.000000000	39.690752673	-121.824340833
107.000000000	39.690740322	-121.824345590
108.000000000	39.690729075	-121.824352945
109.000000000	39.690717667	-121.824359128
110.000000000	39.690706733	-121.824364572
111.000000000	39.690694982	-121.824366273
112.000000000	39.690683128	-121.824366577
113.000000000	39.690671263	-121.824365452
114.000000000	39.690659472	-121.824363725
115.000000000	39.690647322	-121.824364055
116.000000000	39.690635092	-121.824365997
117.000000000	39.690623308	-121.824370940
118.000000000	39.690611890	-121.824377188
119.000000000	39.690600005	-121.824379460
120.000000000	39.690588030	-121.824379383
121.000000000	39.690576223	-121.824377362
122.000000000	39.690564458	-121.824374033
123.000000000	39.690552305	-121.824373118
124.000000000	39.690539870	-121.824373578
125.000000000	39.690527985	-121.824377808
126.000000000	39.690516383	-121.824383420
127.000000000	39.690504680	-121.824384137
128.000000000	39.690493750	-121.824379710
129.000000000	39.690483883	-121.824371987
130.000000000	39.690475662	-121.824361355
131.000000000	39.690469427	-121.824348803
132.000000000	39.690465153	-121.824334493
133.000000000	39.690463152	-121.824319652
134.000000000	39.690463145	-121.824304602
135.000000000	39.690464763	-121.824289528
136.000000000	39.690467907	-121.824274590
137.000000000	39.690472248	-121.824260038
138.000000000	39.690477110	-121.824245808
139.000000000	39.690480387	-121.824230555
140.000000000	39.690483362	-121.824215145
141.000000000	39.690485745	-121.824199590
142.000000000	39.690488772	-121.824184342
143.000000000	39.690495360	-121.824171692
144.000000000	39.690504072	-121.824161758
145.000000000	39.690514225	-121.824153995
146.000000000	39.690525403	-121.824148948
147.000000000	39.690537177	-121.824146707
148.000000000	39.690549057	-121.824146622
149.000000000	39.690560932	-121.824148147
150.000000000	39.690572998	-121.824150312
151.000000000	39.690585405	-121.824150155
152.000000000	39.690597758	-121.824149415
153.000000000	39.690609970	-121.824148138
154.000000000	39.690622187	-121.824147448
155.000000000	39.690634170	-121.824149178
156.000000000	39.690646115	-121.824151420
157.000000000	39.690658447	-121.824151598
158.000000000	39.690670742	-121.824151463
159.000000000	39.690682932	-121.824150645
160.000000000	39.690695088	-121.824150352
161.000000000	39.690707023	-121.824152300
162.000000000	39.690719105	-121.824154347
163.000000000	39.690731363	-121.824154448
164.000000000	39.690743570	-121.824154325
165.000000000	39.690755753	-121.824153638
166.000000000	39.690767780	-121.824153457
167.000000000	39.690779705	-121.824155597
168.000000000	39.690793190	-121.824156697
169.000000000	39.690805360	-121.824157380
170.000000000	39.690815097	-121.824159110
171.000000000	39.690824518	-121.824164600
172.000000000	39.690836922	-121.824166653
173.000000000	39.690849052	-121.824164562
174.000000000	39.690860700	-121.824160523
175.000000000	39.690871382	-121.824156753
176.000000000	39.690880283	-121.824158238
177.000000000	39.690886013	-121.824159153
178.000000000	39.690888723	-121.824159542
179.000000000	39.690888805	-121.824159612
180.000000000	39.690888862	-121.824159715
181.000000000	39.690894303	-121.824160895
182.000000000	39.690905855	-121.824163730
183.000000000	39.690917143	-121.824166500
184.000000000	39.690928497	-121.824168415
185.000000000	39.690938625	-121.824169407
186.000000000	39.690943620	-121.824169802
187.000000000	39.690944203	-121.824169872
188.000000000	39.690943740	-121.824169887
189.000000000	39.690943335	-121.824169782
190.000000000	39.690942933	-121.824169647
191.000000000	39.690942442	-121.824169693
192.000000000	39.690941970	-121.824169748
193.000000000	39.690941428	-121.824169785
194.000000000	39.690941148	-121.824169512
195.000000000	39.690940870	-121.824169497
196.000000000	39.690940297	-121.824169740
197.000000000	39.690940227	-121.824169737
198.000000000	39.690940223	-121.824169823
199.000000000	39.690940470	-121.824169662
200.000000000	39.690940428	-121.824169740
201.000000000	39.690940448	-121.824169783
202.000000000	39.690940407	-121.824169880
203.000000000	39.690940418	-121.824169913
204.000000000	39.690940275	-121.824169912
205.000000000	39.690939935	-121.824169995
206.000000000	39.690939783	-121.824169970
207.000000000	39.690939735	-121.824169955
208.000000000	39.690939768	-121.824169837
209.000000000	39.690939703	-121.824169817
210.000000000	39.690939685	-121.824169807
211.000000000	39.690939407	-121.824170018
212.000000000	39.690939343	-121.824170008
213.000000000	39.690939305	-121.824170017
214.000000000	39.690939253	-121.824170012
215.000000000	39.690939218	-121.824170015
216.000000000	39.690939208	-121.824170005
217.000000000	39.690939182	-121.824170060
218.000000000	39.690939207	-121.824170067
219.000000000	39.690939160	-121.824170125
220.000000000	39.690939127	-121.824170127
221.000000000	39.690939137	-121.824170177
222.000000000	39.690939105	-121.824170197
223.000000000	39.690939177	-121.824170197
224.000000000	39.690939225	-121.824170260
225.000000000	39.690939298	-121.824170218
226.000000000	39.690939342	-121.824170233
227.000000000	39.690939355	-121.824170308
228.000000000	39.690939398	-121.824170288
229.000000000	39.690939422	-121.824170267
230.000000000	39.690939443	-121.824170247
231.000000000	39.690939448	-121.824170240
232.000000000	39.690939465	-121.824170230
233.000000000	39.690939447	-121.824170183
234.000000000	39.690939520	-121.824170130
235.000000000	39.690939467	-121.824170092
236.000000000	39.690939525	-121.824170123
237.000000000	39.690939545	-121.824170092
238.000000000	39.690939595	-121.824170080
239.000000000	39.690939597	-121.824170162
240.000000000	39.690939662	-121.824170173
241.000000000	39.690939727	-121.824170235
242.000000000	39.690939762	-121.824170288
243.000000000	39.690939767	-121.824170293
244.000000000	39.690939765	-121.824170378
245.000000000	39.690939763	-121.824170378
246.000000000	39.690939827	-121.824170315
247.000000000	39.690939832	-121.824170342
248.000000000	39.690939805	-121.824170408
249.000000000	39.690939800	-121.824170410
250.000000000	39.690939827	-121.824170347
251.000000000	39.690939817	-121.824170365
252.000000000	39.690939840	-121.824170353
253.000000000	39.690939812	-121.824170360
254.000000000	39.690939817	-121.824170460
255.000000000	39.690940353	-121.824169865
256.000000000	39.690940372	-121.824169895
257.000000000	39.690940347	-121.824169940
258.000000000	39.690940327	-121.824169990
259.000000000	39.690940423	-121.824169940
260.000000000	39.690940425	-121.824169943
261.000000000	39.690940375	-121.824170110
262.000000000	39.690940440	-121.824170052
263.000000000	39.690940425	-121.824170013
264.000000000	39.690940498	-121.824170035
265.000000000	39.690940427	-121.824169972
266.000000000	39.690940317	-121.824169880
267.000000000	39.690948987	-121.824175292
268.000000000	39.690948390	-121.824174930
269.000000000	39.690948477	-121.824174962
270.000000000	39.690948790	-121.824175088
271.000000000	39.690948513	-121.824174845
272.000000000	39.690948292	-121.824174705
273.000000000	39.690948227	-121.824174508
274.000000000	39.690949807	-121.824175422
