0.000000000	39.690932520	-121.824171325
1.000000000	39.690930292	-121.824173032
2.000000000	39.690930353	-121.824173083
3.000000000	39.690930370	-121.824173122
4.000000000	39.690930338	-121.824173283
5.000000000	39.690930393	-121.824173287
6.000000000	39.690930337	-121.824173410
7.000000000	39.690930410	-121.824173328
8.000000000	39.690930457	-121.824173337
9.000000000	39.690930497	-121.824173305
10.000000000	39.690930610	-121.824173233
11.000000000	39.690930720	-121.824173122
12.000000000	39.690930790	-121.824173055
13.000000000	39.690930850	-121.824172968
