0.000000000	39.690800000	-121.824573000
1.000000000	39.690800000	-121.824573000
2.000000000	39.690800000	-121.824573000
3.000000000	39.690800000	-121.824573000
4.000000000	39.690800000	-121.824573000
5.000000000	39.690800000	-121.824573000
6.000000000	39.690800000	-121.824573000
7.000000000	39.690800000	-121.824573000
8.000000000	39.690800000	-121.824573000
9.000000000	39.690800000	-121.824573000
10.000000000	39.690800000	-121.824573000
11.000000000	39.690800000	-121.824573000
12.000000000	39.690800000	-121.824573000
13.000000000	39.690800000	-121.824573000
14.000000000	39.690800000	-121.824573000
15.000000000	39.690470000	-121.824573000
16.000000000	39.690470000	-121.824573000
17.000000000	39.690470000	-121.824573000
18.000000000	39.690470000	-121.824573000
19.000000000	39.690470000	-121.824573000
20.000000000	39.690470000	-121.824573000
21.000000000	39.690470000	-121.824573000
22.000000000	39.690470000	-121.824573000
23.000000000	39.690470000	-121.824573000
24.000000000	39.690470000	-121.824573000
25.000000000	39.690470000	-121.824573000
26.000000000	39.690470000	-121.824573000
27.000000000	39.690470000	-121.824573000
28.000000000	39.690470000	-121.824573000
29.000000000	39.690470000	-121.824573000
30.000000000	39.690470000	-121.824573000
31.000000000	39.690470000	-121.824573000
32.000000000	39.690470000	-121.824573000
33.000000000	39.690470000	-121.824573000
34.000000000	39.690470000	-121.824573000
35.000000000	39.690470000	-121.824573000
36.000000000	39.690470000	-121.824573000
37.000000000	39.690470000	-121.824573000
38.000000000	39.690470000	-121.824573000
39.000000000	39.690470000	-121.824573000
40.000000000	39.690470000	-121.824573000
41.000000000	39.690470000	-121.824573000
42.000000000	39.690470000	-121.824573000
43.000000000	39.690470000	-121.824573000
44.000000000	39.690470000	-121.824573000
45.000000000	39.690470000	-121.824573000
46.000000000	39.690470000	-121.824573000
47.000000000	39.690470000	-121.824573000
48.000000000	39.690470000	-121.824573000
49.000000000	39.690470000	-121.824573000
50.000000000	39.690470000	-121.824573000
