0.000000000	39.690939205	-121.824181128	0.000000000
1.000000000	39.690939205	-121.824181128	0.000000000
2.000000000	39.690952207	-121.824166633	0.000000000
3.000000000	39.690952695	-121.824166698	0.000000000
4.000000000	39.690952920	-121.824167240	0.000000000
5.000000000	39.690953230	-121.824167543	0.000000000
6.000000000	39.690953660	-121.824167822	1.000000000
7.000000000	39.690954257	-121.824167892	1.000000000
8.000000000	39.690954750	-121.824167873	1.000000000
9.000000000	39.690955418	-121.824167653	1.000000000
10.000000000	39.690955330	-121.824168075	0.000000000
11.000000000	39.690955285	-121.824168422	1.000000000
12.000000000	39.690959398	-121.824164940	0.000000000
13.000000000	39.690957972	-121.824165868	1.000000000
14.000000000	39.690956843	-121.824166572	0.000000000
15.000000000	39.690955602	-121.824167380	0.000000000
16.000000000	39.690954328	-121.824168200	0.000000000
17.000000000	39.690953392	-121.824168822	0.000000000
18.000000000	39.690952852	-121.824169300	0.000000000
19.000000000	39.690953100	-121.824169167	1.000000000
20.000000000	39.690953207	-121.824169163	0.000000000
21.000000000	39.690952473	-121.824169223	0.000000000
22.000000000	39.690952550	-121.824186337	0.000000000
23.000000000	39.690954447	-121.824172357	0.000000000
24.000000000	39.690954067	-121.824172038	0.000000000
25.000000000	39.690953818	-121.824171457	1.000000000
26.000000000	39.690954858	-121.824168142	0.000000000
27.000000000	39.690956352	-121.824168697	1.000000000
28.000000000	39.690955867	-121.824168888	1.000000000
29.000000000	39.690956275	-121.824168485	0.000000000
30.000000000	39.690952450	-121.824171633	0.000000000
31.000000000	39.690958022	-121.824166568	0.000000000
32.000000000	39.690957433	-121.824166752	0.000000000
33.000000000	39.690957912	-121.824166680	0.000000000
34.000000000	39.690951527	-121.824170185	0.000000000
35.000000000	39.690960412	-121.824174098	0.000000000
36.000000000	39.690972717	-121.824173320	0.000000000
37.000000000	39.690984225	-121.824165997	0.000000000
38.000000000	39.690995828	-121.824159167	0.000000000
39.000000000	39.691007668	-121.824157885	0.000000000
40.000000000	39.691018883	-121.824162522	0.000000000
41.000000000	39.691029153	-121.824170507	0.000000000
42.000000000	39.691037715	-121.824180903	0.000000000
43.000000000	39.691044037	-121.824193765	0.000000000
44.000000000	39.691047478	-121.824207510	1.000000000
45.000000000	39.691048577	-121.824222818	0.000000000
46.000000000	39.691046020	-121.824238137	0.000000000
47.000000000	39.691041583	-121.824252752	0.000000000
48.000000000	39.691035430	-121.824266127	0.000000000
49.000000000	39.691027542	-121.824278378	1.000000000
50.000000000	39.691017783	-121.824288788	0.000000000
51.000000000	39.691005888	-121.824294502	0.000000000
52.000000000	39.690993335	-121.824300178	0.000000000
53.000000000	39.690980725	-121.824304843	0.000000000
54.000000000	39.690968267	-121.824312318	0.000000000
55.000000000	39.690956192	-121.824320513	0.000000000
56.000000000	39.690944702	-121.824329318	0.000000000
57.000000000	39.690933695	-121.824339058	0.000000000
58.000000000	39.690923142	-121.824349263	0.000000000
59.000000000	39.690913358	-121.824359978	0.000000000
60.000000000	39.690904228	-121.824371338	0.000000000
61.000000000	39.690894818	-121.824381952	0.000000000
62.000000000	39.690883953	-121.824389647	0.000000000
63.000000000	39.690872732	-121.824396038	0.000000000
64.000000000	39.690861088	-121.824401120	0.000000000
65.000000000	39.690849382	-121.824406530	0.000000000
66.000000000	39.690838013	-121.824413873	0.000000000
67.000000000	39.690827062	-121.824422077	0.000000000
68.000000000	39.690816428	-121.824431047	0.000000000
69.000000000	39.690806032	-121.824440543	0.000000000
70.000000000	39.690795963	-121.824450650	0.000000000
71.000000000	39.690785808	-121.824460345	0.000000000
72.000000000	39.690774710	-121.824467017	0.000000000
73.000000000	39.690763475	-121.824472523	0.000000000
74.000000000	39.690751857	-121.824476772	0.000000000
75.000000000	39.690740158	-121.824481230	1.000000000
76.000000000	39.690728588	-121.824488103	0.000000000
77.000000000	39.690720032	-121.824500342	0.000000000
78.000000000	39.690709250	-121.824515882	0.000000000
79.000000000	39.690700285	-121.824526738	0.000000000
80.000000000	39.690691860	-121.824538527	0.000000000
81.000000000	39.690681612	-121.824547015	0.000000000
82.000000000	39.690673833	-121.824550820	0.000000000
83.000000000	39.690662312	-121.824555270	1.000000000
84.000000000	39.690650575	-121.824557203	0.000000000
85.000000000	39.690639232	-121.824553482	0.000000000
86.000000000	39.690628023	-121.824548083	0.000000000
87.000000000	39.690615343	-121.824547323	0.000000000
88.000000000	39.690600365	-121.824555030	0.000000000
89.000000000	39.690589280	-121.824563158	0.000000000
90.000000000	39.690581322	-121.824568218	0.000000000
91.000000000	39.690570138	-121.824574520	0.000000000
92.000000000	39.690558310	-121.824577068	0.000000000
93.000000000	39.690546118	-121.824577635	0.000000000
94.000000000	39.690533882	-121.824576542	0.000000000
95.000000000	39.690521730	-121.824575002	0.000000000
96.000000000	39.690509223	-121.824576130	0.000000000
97.000000000	39.690497070	-121.824577698	0.000000000
98.000000000	39.690486842	-121.824579423	0.000000000
99.000000000	39.690481608	-121.824580815	1.000000000
100.000000000	39.690477795	-121.824583042	1.000000000
101.000000000	39.690477380	-121.824583332	0.000000000
102.000000000	39.690475723	-121.824583197	0.000000000
103.000000000	39.690468117	-121.824582420	0.000000000
104.000000000	39.690456453	-121.824589015	0.000000000
105.000000000	39.690444900	-121.824595752	0.000000000
106.000000000	39.690431678	-121.824600265	0.000000000
107.000000000	39.690420707	-121.824609990	0.000000000
108.000000000	39.690414517	-121.824625310	0.000000000
109.000000000	39.690412888	-121.824641662	1.000000000
110.000000000	39.690413885	-121.824657920	0.000000000
111.000000000	39.690415508	-121.824671282	0.000000000
112.000000000	39.690415012	-121.824679750	1.000000000
113.000000000	39.690415672	-121.824685222	1.000000000
114.000000000	39.690415920	-121.824686242	1.000000000
115.000000000	39.690415687	-121.824685862	0.000000000
116.000000000	39.690415505	-121.824686898	1.000000000
117.000000000	39.690415923	-121.824687208	1.000000000
118.000000000	39.690416060	-121.824686135	1.000000000
119.000000000	39.690415677	-121.824678130	1.000000000
120.000000000	39.690413932	-121.824668648	1.000000000
121.000000000	39.690413123	-121.824657808	1.000000000
122.000000000	39.690412413	-121.824647895	1.000000000
123.000000000	39.690414023	-121.824637060	1.000000000
124.000000000	39.690416472	-121.824623697	1.000000000
125.000000000	39.690421280	-121.824610838	1.000000000
126.000000000	39.690427520	-121.824593658	1.000000000
127.000000000	39.690425433	-121.824579853	0.000000000
128.000000000	39.690421995	-121.824568282	1.000000000
129.000000000	39.690421102	-121.824565677	0.000000000
130.000000000	39.690421263	-121.824565652	0.000000000
131.000000000	39.690422290	-121.824562188	1.000000000
132.000000000	39.690424405	-121.824549987	1.000000000
133.000000000	39.690423485	-121.824533898	1.000000000
134.000000000	39.690423777	-121.824517892	0.000000000
135.000000000	39.690425642	-121.824504442	1.000000000
136.000000000	39.690427760	-121.824493667	1.000000000
137.000000000	39.690426855	-121.824487272	1.000000000
138.000000000	39.690428092	-121.824490622	1.000000000
139.000000000	39.690430387	-121.824505607	0.000000000
140.000000000	39.690435895	-121.824517297	0.000000000
141.000000000	39.690430140	-121.824535227	0.000000000
142.000000000	39.690449302	-121.824543882	0.000000000
143.000000000	39.690462088	-121.824547808	0.000000000
144.000000000	39.690476550	-121.824547790	0.000000000
145.000000000	39.690489720	-121.824545213	0.000000000
146.000000000	39.690502392	-121.824542943	0.000000000
147.000000000	39.690514630	-121.824541112	0.000000000
148.000000000	39.690526942	-121.824542325	0.000000000
149.000000000	39.690539270	-121.824543180	0.000000000
150.000000000	39.690551903	-121.824541493	0.000000000
151.000000000	39.690564342	-121.824538912	0.000000000
152.000000000	39.690576687	-121.824535087	0.000000000
153.000000000	39.690588772	-121.824531867	1.000000000
154.000000000	39.690600010	-121.824532530	1.000000000
155.000000000	39.690611697	-121.824536010	1.000000000
156.000000000	39.690624030	-121.824540482	0.000000000
157.000000000	39.690636262	-121.824540547	0.000000000
158.000000000	39.690648063	-121.824538473	0.000000000
159.000000000	39.690659900	-121.824536187	0.000000000
160.000000000	39.690668138	-121.824536788	0.000000000
161.000000000	39.690669090	-121.824537162	0.000000000
162.000000000	39.690669093	-121.824537073	1.000000000
163.000000000	39.690669177	-121.824537037	1.000000000
164.000000000	39.690667508	-121.824537348	1.000000000
165.000000000	39.690666723	-121.824537488	1.000000000
166.000000000	39.690668455	-121.824537127	1.000000000
167.000000000	39.690672570	-121.824535227	0.000000000
168.000000000	39.690671450	-121.824536637	0.000000000
169.000000000	39.690680077	-121.824537507	0.000000000
170.000000000	39.690691952	-121.824540390	0.000000000
171.000000000	39.690704107	-121.824544067	0.000000000
172.000000000	39.690716223	-121.824548748	0.000000000
173.000000000	39.690729962	-121.824552143	0.000000000
174.000000000	39.690742662	-121.824554608	0.000000000
175.000000000	39.690754055	-121.824561420	0.000000000
176.000000000	39.690764855	-121.824569005	0.000000000
177.000000000	39.690777548	-121.824572495	0.000000000
178.000000000	39.690789128	-121.824570645	0.000000000
179.000000000	39.690795777	-121.824567625	0.000000000
180.000000000	39.690797105	-121.824566825	0.000000000
181.000000000	39.690801015	-121.824563155	0.000000000
182.000000000	39.690809342	-121.824550463	0.000000000
183.000000000	39.690814493	-121.824535182	0.000000000
184.000000000	39.690815337	-121.824518408	0.000000000
185.000000000	39.690813328	-121.824502087	0.000000000
186.000000000	39.690808453	-121.824486610	0.000000000
187.000000000	39.690801420	-121.824472950	0.000000000
188.000000000	39.690796503	-121.824458568	0.000000000
189.000000000	39.690793912	-121.824443535	0.000000000
190.000000000	39.690793712	-121.824428007	0.000000000
191.000000000	39.690794298	-121.824412277	0.000000000
192.000000000	39.690795887	-121.824396528	0.000000000
193.000000000	39.690796715	-121.824382242	0.000000000
194.000000000	39.690796113	-121.824372750	0.000000000
195.000000000	39.690796137	-121.824366440	0.000000000
196.000000000	39.690794553	-121.824360040	0.000000000
197.000000000	39.690787635	-121.824346685	0.000000000
198.000000000	39.690776848	-121.824338023	1.000000000
199.000000000	39.690763963	-121.824334642	0.000000000
200.000000000	39.690751325	-121.824332662	0.000000000
201.000000000	39.690739772	-121.824327305	0.000000000
202.000000000	39.690726802	-121.824324183	0.000000000
203.000000000	39.690713807	-121.824328028	0.000000000
204.000000000	39.690702102	-121.824335548	0.000000000
205.000000000	39.690691930	-121.824344413	0.000000000
206.000000000	39.690681158	-121.824352515	0.000000000
207.000000000	39.690669713	-121.824357130	0.000000000
208.000000000	39.690658075	-121.824360392	0.000000000
209.000000000	39.690646210	-121.824361723	0.000000000
210.000000000	39.690634003	-121.824363365	0.000000000
211.000000000	39.690621710	-121.824367590	0.000000000
212.000000000	39.690609872	-121.824372762	0.000000000
213.000000000	39.690598007	-121.824377202	0.000000000
214.000000000	39.690585883	-121.824378990	0.000000000
215.000000000	39.690573770	-121.824378960	1.000000000
216.000000000	39.690561593	-121.824378590	1.000000000
217.000000000	39.690549670	-121.824384022	0.000000000
218.000000000	39.690541223	-121.824396437	0.000000000
219.000000000	39.690532618	-121.824408203	0.000000000
220.000000000	39.690521962	-121.824414932	0.000000000
221.000000000	39.690510725	-121.824417440	0.000000000
222.000000000	39.690498910	-121.824416803	0.000000000
223.000000000	39.690487630	-121.824412390	0.000000000
224.000000000	39.690477518	-121.824405038	0.000000000
225.000000000	39.690468653	-121.824394857	0.000000000
226.000000000	39.690462162	-121.824382317	0.000000000
227.000000000	39.690458123	-121.824368310	0.000000000
228.000000000	39.690456985	-121.824353355	0.000000000
229.000000000	39.690458858	-121.824338380	0.000000000
230.000000000	39.690463442	-121.824324380	0.000000000
231.000000000	39.690470655	-121.824312383	0.000000000
232.000000000	39.690479625	-121.824302510	0.000000000
233.000000000	39.690490263	-121.824296030	0.000000000
234.000000000	39.690501875	-121.824292495	0.000000000
235.000000000	39.690513582	-121.824292703	0.000000000
236.000000000	39.690525130	-121.824296588	0.000000000
237.000000000	39.690535445	-121.824303893	0.000000000
238.000000000	39.690544737	-121.824313707	0.000000000
239.000000000	39.690552022	-121.824325803	0.000000000
240.000000000	39.690557298	-121.824339735	0.000000000
241.000000000	39.690559832	-121.824354780	0.000000000
242.000000000	39.690559728	-121.824369910	0.000000000
243.000000000	39.690557242	-121.824385063	0.000000000
244.000000000	39.690552065	-121.824398558	0.000000000
245.000000000	39.690544388	-121.824410780	0.000000000
246.000000000	39.690534712	-121.824420252	0.000000000
247.000000000	39.690524107	-121.824425568	0.000000000
248.000000000	39.690513643	-121.824430143	0.000000000
249.000000000	39.690502070	-121.824423542	0.000000000
250.000000000	39.690491517	-121.824417340	0.000000000
251.000000000	39.690482158	-121.824408245	0.000000000
252.000000000	39.690474312	-121.824396847	0.000000000
253.000000000	39.690468522	-121.824385193	0.000000000
254.000000000	39.690466455	-121.824376892	0.000000000
255.000000000	39.690465753	-121.824372730	0.000000000
256.000000000	39.690464843	-121.824366957	0.000000000
257.000000000	39.690463048	-121.824351517	0.000000000
258.000000000	39.690462742	-121.824335905	0.000000000
259.000000000	39.690463653	-121.824320305	0.000000000
260.000000000	39.690465737	-121.824304820	0.000000000
261.000000000	39.690468133	-121.824289225	0.000000000
262.000000000	39.690468485	-121.824272902	0.000000000
263.000000000	39.690469100	-121.824256922	0.000000000
264.000000000	39.690466568	-121.824241590	0.000000000
265.000000000	39.690470950	-121.824226935	0.000000000
266.000000000	39.690477077	-121.824213480	0.000000000
267.000000000	39.690483378	-121.824200330	0.000000000
268.000000000	39.690487747	-121.824186078	0.000000000
269.000000000	39.690490387	-121.824175848	0.000000000
270.000000000	39.690492250	-121.824168678	0.000000000
271.000000000	39.690495670	-121.824162555	0.000000000
272.000000000	39.690503718	-121.824151428	0.000000000
273.000000000	39.690513463	-121.824141993	0.000000000
274.000000000	39.690524128	-121.824135147	0.000000000
275.000000000	39.690535538	-121.824130195	0.000000000
276.000000000	39.690547368	-121.824127747	0.000000000
277.000000000	39.690559357	-121.824127042	0.000000000
278.000000000	39.690571695	-121.824127838	0.000000000
279.000000000	39.690584035	-121.824129055	0.000000000
280.000000000	39.690596658	-121.824127302	0.000000000
281.000000000	39.690609092	-121.824124638	0.000000000
282.000000000	39.690621328	-121.824120937	0.000000000
283.000000000	39.690633332	-121.824117918	0.000000000
284.000000000	39.690645602	-121.824118467	0.000000000
285.000000000	39.690657712	-121.824120257	0.000000000
286.000000000	39.690669707	-121.824123462	0.000000000
287.000000000	39.690681735	-121.824126683	0.000000000
288.000000000	39.690694292	-121.824127403	0.000000000
289.000000000	39.690706805	-121.824127498	0.000000000
290.000000000	39.690719308	-121.824126452	0.000000000
291.000000000	39.690731635	-121.824126175	0.000000000
292.000000000	39.690743777	-121.824128677	0.000000000
293.000000000	39.690755863	-121.824131013	0.000000000
294.000000000	39.690768397	-121.824131227	0.000000000
295.000000000	39.690780897	-121.824130555	1.000000000
296.000000000	39.690793155	-121.824129265	1.000000000
297.000000000	39.690804790	-121.824132978	0.000000000
298.000000000	39.690814512	-121.824141317	0.000000000
299.000000000	39.690824362	-121.824150203	0.000000000
300.000000000	39.690836653	-121.824154238	0.000000000
301.000000000	39.690849253	-121.824153467	0.000000000
302.000000000	39.690861378	-121.824149108	0.000000000
303.000000000	39.690872897	-121.824142820	0.000000000
304.000000000	39.690884557	-121.824140565	0.000000000
305.000000000	39.690896220	-121.824141642	0.000000000
306.000000000	39.690907558	-121.824145277	0.000000000
307.000000000	39.690919163	-121.824150288	0.000000000
308.000000000	39.690929342	-121.824157288	0.000000000
309.000000000	39.690937653	-121.824164688	0.000000000
310.000000000	39.690941882	-121.824168920	0.000000000
311.000000000	39.690942750	-121.824169823	0.000000000
312.000000000	39.690942693	-121.824169648	0.000000000
313.000000000	39.690942678	-121.824169607	1.000000000
314.000000000	39.690942248	-121.824169837	1.000000000
