0.000000000	39.690327000	-121.824280000	0.000000000
1.000000000	39.690265013	-121.824475418	1.000000000
2.000000000	39.690265647	-121.824474865	0.000000000
3.000000000	39.690265260	-121.824475352	0.000000000
4.000000000	39.690265337	-121.824475412	0.000000000
5.000000000	39.690265193	-121.824475463	1.000000000
6.000000000	39.690265255	-121.824475487	1.000000000
7.000000000	39.690265307	-121.824475525	1.000000000
8.000000000	39.690265288	-121.824475517	0.000000000
9.000000000	39.690263643	-121.824474647	0.000000000
10.000000000	39.690263687	-121.824474675	0.000000000
11.000000000	39.690263723	-121.824474682	0.000000000
12.000000000	39.690263720	-121.824474672	1.000000000
13.000000000	39.690263743	-121.824474738	1.000000000
14.000000000	39.690263842	-121.824474810	1.000000000
15.000000000	39.690263888	-121.824474713	1.000000000
16.000000000	39.690263867	-121.824474817	0.000000000
17.000000000	39.690258183	-121.824469005	0.000000000
18.000000000	39.690254203	-121.824456425	0.000000000
19.000000000	39.690256308	-121.824443728	0.000000000
20.000000000	39.690260427	-121.824430490	0.000000000
21.000000000	39.690268230	-121.824420372	0.000000000
22.000000000	39.690276937	-121.824413963	0.000000000
23.000000000	39.690288727	-121.824414427	0.000000000
24.000000000	39.690302217	-121.824415925	0.000000000
25.000000000	39.690311302	-121.824423973	0.000000000
26.000000000	39.690316180	-121.824436622	0.000000000
27.000000000	39.690315977	-121.824450407	0.000000000
28.000000000	39.690310543	-121.824461838	0.000000000
29.000000000	39.690302678	-121.824471348	0.000000000
30.000000000	39.690292782	-121.824475962	0.000000000
31.000000000	39.690282188	-121.824475200	0.000000000
32.000000000	39.690272923	-121.824468453	0.000000000
33.000000000	39.690266722	-121.824457137	0.000000000
34.000000000	39.690263810	-121.824444127	0.000000000
35.000000000	39.690265477	-121.824429990	0.000000000
36.000000000	39.690267665	-121.824419418	0.000000000
37.000000000	39.690267850	-121.824419162	0.000000000
38.000000000	39.690266758	-121.824419785	0.000000000
39.000000000	39.690264098	-121.824416157	0.000000000
40.000000000	39.690268042	-121.824419480	0.000000000
41.000000000	39.690267858	-121.824419068	0.000000000
42.000000000	39.690267858	-121.824419068	0.000000000
