0.000000000	39.690985188	-121.824150522
1.000000000	39.690984827	-121.824151572
2.000000000	39.690984793	-121.824151645
3.000000000	39.690984768	-121.824151743
4.000000000	39.690984768	-121.824151825
5.000000000	39.690984753	-121.824151952
6.000000000	39.690984675	-121.824151983
7.000000000	39.690984642	-121.824152060
8.000000000	39.690984583	-121.824152175
9.000000000	39.690984555	-121.824152233
10.000000000	39.690984488	-121.824152308
11.000000000	39.690984452	-121.824152322
12.000000000	39.690984403	-121.824152277
13.000000000	39.690984415	-121.824152252
14.000000000	39.690984393	-121.824152193
15.000000000	39.690984432	-121.824152065
16.000000000	39.690984448	-121.824151933
17.000000000	39.690984463	-121.824151825
18.000000000	39.690984447	-121.824151755
19.000000000	39.690984460	-121.824151682
20.000000000	39.690984468	-121.824151632
21.000000000	39.690984445	-121.824151545
22.000000000	39.690984413	-121.824151522
23.000000000	39.690984377	-121.824151538
24.000000000	39.690984400	-121.824151572
25.000000000	39.690984352	-121.824151637
26.000000000	39.690984298	-121.824151710
27.000000000	39.690985893	-121.824149342
28.000000000	39.690992890	-121.824139330
29.000000000	39.690992370	-121.824139778
30.000000000	39.690992740	-121.824139078
31.000000000	39.690992640	-121.824139373
32.000000000	39.690992590	-121.824139532
33.000000000	39.690992563	-121.824140048
34.000000000	39.690994020	-121.824147435
35.000000000	39.690993318	-121.824168700
36.000000000	39.690981647	-121.824190192
37.000000000	39.690963345	-121.824201945
38.000000000	39.690942245	-121.824203420
39.000000000	39.690921015	-121.824196717
40.000000000	39.690898145	-121.824194507
41.000000000	39.690875782	-121.824195125
42.000000000	39.690853803	-121.824197705
43.000000000	39.690831427	-121.824204675
44.000000000	39.690810122	-121.824213202
45.000000000	39.690789543	-121.824224507
46.000000000	39.690770052	-121.824238030
47.000000000	39.690751668	-121.824253990
48.000000000	39.690734392	-121.824272028
49.000000000	39.690719218	-121.824290842
50.000000000	39.690708463	-121.824306185
51.000000000	39.690696038	-121.824315515
52.000000000	39.690677698	-121.824319837
53.000000000	39.690660033	-121.824311722
54.000000000	39.690643898	-121.824296235
55.000000000	39.690623188	-121.824286462
56.000000000	39.690605012	-121.824272767
57.000000000	39.690592012	-121.824252758
58.000000000	39.690574590	-121.824236003
59.000000000	39.690552193	-121.824236203
60.000000000	39.690532195	-121.824249083
61.000000000	39.690511883	-121.824258857
62.000000000	39.690490955	-121.824261660
63.000000000	39.690470867	-121.824274622
64.000000000	39.690461885	-121.824301473
65.000000000	39.690458057	-121.824329878
66.000000000	39.690454962	-121.824358223
67.000000000	39.690454103	-121.824386652
68.000000000	39.690454710	-121.824410125
69.000000000	39.690456047	-121.824427352
70.000000000	39.690457355	-121.824439543
71.000000000	39.690458337	-121.824447342
72.000000000	39.690458992	-121.824451797
73.000000000	39.690459108	-121.824453237
74.000000000	39.690459078	-121.824453455
75.000000000	39.690463468	-121.824449470
76.000000000	39.690460002	-121.824454088
77.000000000	39.690459153	-121.824454157
78.000000000	39.690459132	-121.824454090
79.000000000	39.690459067	-121.824454002
80.000000000	39.690459153	-121.824453872
81.000000000	39.690459108	-121.824453867
82.000000000	39.690459200	-121.824453785
83.000000000	39.690459158	-121.824453733
84.000000000	39.690459113	-121.824453723
85.000000000	39.690459125	-121.824453705
86.000000000	39.690459130	-121.824453650
87.000000000	39.690459017	-121.824453658
88.000000000	39.690459065	-121.824453683
89.000000000	39.690458963	-121.824453697
90.000000000	39.690458972	-121.824453708
91.000000000	39.690458910	-121.824453732
92.000000000	39.690458860	-121.824453763
93.000000000	39.690458862	-121.824453803
94.000000000	39.690458852	-121.824453808
95.000000000	39.690458863	-121.824453852
96.000000000	39.690458760	-121.824453907
97.000000000	39.690458740	-121.824453917
98.000000000	39.690458762	-121.824454012
99.000000000	39.690458687	-121.824454093
100.000000000	39.690458713	-121.824454153
101.000000000	39.690458642	-121.824454213
102.000000000	39.690458548	-121.824454272
103.000000000	39.690458473	-121.824454417
104.000000000	39.690458402	-121.824454535
105.000000000	39.690458327	-121.824454617
106.000000000	39.690458312	-121.824454707
107.000000000	39.690458358	-121.824454907
108.000000000	39.690458300	-121.824455127
109.000000000	39.690457908	-121.824455230
110.000000000	39.690457947	-121.824455325
111.000000000	39.690457943	-121.824455435
112.000000000	39.690457837	-121.824455582
113.000000000	39.690457753	-121.824455663
114.000000000	39.690457725	-121.824455750
115.000000000	39.690457670	-121.824455865
116.000000000	39.690457645	-121.824455920
117.000000000	39.690457610	-121.824455972
118.000000000	39.690457597	-121.824456028
119.000000000	39.690457577	-121.824456047
120.000000000	39.690457695	-121.824456373
121.000000000	39.690457467	-121.824456443
122.000000000	39.690456990	-121.824452753
123.000000000	39.690455523	-121.824442508
124.000000000	39.690453953	-121.824428475
125.000000000	39.690452727	-121.824412693
126.000000000	39.690452165	-121.824395927
127.000000000	39.690452333	-121.824378550
128.000000000	39.690453162	-121.824361938
129.000000000	39.690454347	-121.824348292
130.000000000	39.690455430	-121.824339512
131.000000000	39.690455307	-121.824339453
132.000000000	39.690454250	-121.824343470
133.000000000	39.690446210	-121.824358488
134.000000000	39.690429947	-121.824369562
135.000000000	39.690411048	-121.824372165
136.000000000	39.690390487	-121.824379880
137.000000000	39.690375427	-121.824401303
138.000000000	39.690376160	-121.824430042
139.000000000	39.690386130	-121.824452327
140.000000000	39.690391458	-121.824467288
141.000000000	39.690392325	-121.824483203
142.000000000	39.690388300	-121.824502925
143.000000000	39.690387437	-121.824516097
144.000000000	39.690394228	-121.824534660
145.000000000	39.690403783	-121.824545718
146.000000000	39.690409325	-121.824552993
147.000000000	39.690412232	-121.824557663
148.000000000	39.690414227	-121.824559920
149.000000000	39.690414538	-121.824560315
150.000000000	39.690414557	-121.824560370
151.000000000	39.690416923	-121.824562018
152.000000000	39.690429643	-121.824564627
153.000000000	39.690438818	-121.824561695
154.000000000	39.690443953	-121.824560325
155.000000000	39.690449228	-121.824560660
156.000000000	39.690452952	-121.824560915
157.000000000	39.690461215	-121.824560895
158.000000000	39.690468805	-121.824560948
159.000000000	39.690473338	-121.824561355
160.000000000	39.690475417	-121.824561620
161.000000000	39.690477145	-121.824558962
162.000000000	39.690476820	-121.824559433
163.000000000	39.690477070	-121.824558850
164.000000000	39.690477010	-121.824558853
165.000000000	39.690477032	-121.824558702
166.000000000	39.690476983	-121.824558685
167.000000000	39.690476365	-121.824559572
168.000000000	39.690476400	-121.824559408
169.000000000	39.690476412	-121.824559382
170.000000000	39.690476357	-121.824559448
171.000000000	39.690476307	-121.824559547
172.000000000	39.690476223	-121.824559665
173.000000000	39.690476850	-121.824557128
174.000000000	39.690476930	-121.824556808
175.000000000	39.690477375	-121.824556197
176.000000000	39.690477223	-121.824556542
177.000000000	39.690477142	-121.824556663
178.000000000	39.690477067	-121.824556887
179.000000000	39.690477037	-121.824557008
180.000000000	39.690476853	-121.824557340
181.000000000	39.690476557	-121.824557613
182.000000000	39.690476275	-121.824558150
183.000000000	39.690476097	-121.824558393
184.000000000	39.690476095	-121.824558587
185.000000000	39.690475938	-121.824558687
186.000000000	39.690475872	-121.824558683
187.000000000	39.690475830	-121.824558667
188.000000000	39.690475812	-121.824558628
189.000000000	39.690475785	-121.824558650
190.000000000	39.690475777	-121.824558692
191.000000000	39.690475780	-121.824558742
192.000000000	39.690475742	-121.824558817
193.000000000	39.690475728	-121.824558872
194.000000000	39.690475730	-121.824558923
195.000000000	39.690475738	-121.824558982
196.000000000	39.690475755	-121.824559018
197.000000000	39.690475733	-121.824559072
198.000000000	39.690475728	-121.824559132
199.000000000	39.690475678	-121.824559217
200.000000000	39.690475648	-121.824559295
201.000000000	39.690475610	-121.824559352
202.000000000	39.690475747	-121.824558875
203.000000000	39.690475588	-121.824559362
204.000000000	39.690475682	-121.824559268
205.000000000	39.690476122	-121.824558340
206.000000000	39.690476095	-121.824558367
207.000000000	39.690476425	-121.824557517
208.000000000	39.690476338	-121.824557552
209.000000000	39.690476255	-121.824557583
210.000000000	39.690475943	-121.824558495
211.000000000	39.690479125	-121.824559310
212.000000000	39.690495252	-121.824557505
213.000000000	39.690513548	-121.824555045
214.000000000	39.690531783	-121.824551595
215.000000000	39.690549837	-121.824547318
216.000000000	39.690567765	-121.824542358
217.000000000	39.690585513	-121.824537342
218.000000000	39.690603040	-121.824531680
219.000000000	39.690620447	-121.824525635
220.000000000	39.690637947	-121.824520002
221.000000000	39.690655482	-121.824514298
222.000000000	39.690672955	-121.824508820
223.000000000	39.690690817	-121.824504305
224.000000000	39.690708802	-121.824500643
225.000000000	39.690726798	-121.824498445
226.000000000	39.690745180	-121.824497840
227.000000000	39.690763497	-121.824499300
228.000000000	39.690781065	-121.824502830
229.000000000	39.690798392	-121.824508580
230.000000000	39.690814753	-121.824516978
231.000000000	39.690829692	-121.824528277
232.000000000	39.690843087	-121.824542382
233.000000000	39.690858793	-121.824553707
234.000000000	39.690877355	-121.824554428
235.000000000	39.690894532	-121.824545640
236.000000000	39.690908760	-121.824530370
237.000000000	39.690919115	-121.824510460
238.000000000	39.690925302	-121.824487898
239.000000000	39.690927228	-121.824464250
240.000000000	39.690925042	-121.824440547
241.000000000	39.690918950	-121.824417653
242.000000000	39.690909738	-121.824396882
243.000000000	39.690897548	-121.824378653
244.000000000	39.690883013	-121.824363507
245.000000000	39.690866535	-121.824352183
246.000000000	39.690848565	-121.824345197
247.000000000	39.690830313	-121.824341490
248.000000000	39.690812080	-121.824340350
249.000000000	39.690793768	-121.824341408
250.000000000	39.690775660	-121.824344415
251.000000000	39.690757707	-121.824348908
252.000000000	39.690739962	-121.824354755
253.000000000	39.690722423	-121.824361702
254.000000000	39.690705708	-121.824369460
255.000000000	39.690689070	-121.824377698
256.000000000	39.690672653	-121.824386700
257.000000000	39.690656385	-121.824395745
258.000000000	39.690640098	-121.824404913
259.000000000	39.690623663	-121.824413737
260.000000000	39.690607167	-121.824421767
261.000000000	39.690590223	-121.824428997
262.000000000	39.690573248	-121.824435410
263.000000000	39.690555890	-121.824439993
264.000000000	39.690538422	-121.824442697
265.000000000	39.690520950	-121.824442763
266.000000000	39.690503682	-121.824440135
267.000000000	39.690486912	-121.824434367
268.000000000	39.690471117	-121.824425112
269.000000000	39.690456948	-121.824412413
270.000000000	39.690444857	-121.824396200
271.000000000	39.690433338	-121.824378573
272.000000000	39.690423122	-121.824360085
273.000000000	39.690414017	-121.824340862
274.000000000	39.690406450	-121.824320233
275.000000000	39.690400135	-121.824298900
276.000000000	39.690395240	-121.824277090
277.000000000	39.690392170	-121.824254770
278.000000000	39.690390935	-121.824231788
279.000000000	39.690391377	-121.824209528
280.000000000	39.690394113	-121.824187338
281.000000000	39.690398565	-121.824165260
282.000000000	39.690405683	-121.824144698
283.000000000	39.690415245	-121.824125605
284.000000000	39.690427133	-121.824108820
285.000000000	39.690441175	-121.824095438
286.000000000	39.690456957	-121.824085145
287.000000000	39.690473690	-121.824078810
288.000000000	39.690490807	-121.824076222
289.000000000	39.690507982	-121.824077957
290.000000000	39.690524675	-121.824083452
291.000000000	39.690541358	-121.824090977
292.000000000	39.690554588	-121.824105288
293.000000000	39.690567018	-121.824121023
294.000000000	39.690577235	-121.824139338
295.000000000	39.690584623	-121.824159445
296.000000000	39.690588412	-121.824180457
297.000000000	39.690588895	-121.824202130
298.000000000	39.690585850	-121.824223562
299.000000000	39.690579707	-121.824243235
300.000000000	39.690570385	-121.824260938
301.000000000	39.690558318	-121.824275488
302.000000000	39.690543902	-121.824287455
303.000000000	39.690528007	-121.824295557
304.000000000	39.690511365	-121.824298818
305.000000000	39.690494425	-121.824298443
306.000000000	39.690477562	-121.824294273
307.000000000	39.690461565	-121.824286215
308.000000000	39.690447002	-121.824274837
309.000000000	39.690434077	-121.824260275
310.000000000	39.690423100	-121.824243323
311.000000000	39.690414387	-121.824224475
312.000000000	39.690408610	-121.824203892
313.000000000	39.690405535	-121.824182365
314.000000000	39.690405563	-121.824160472
315.000000000	39.690409092	-121.824139123
316.000000000	39.690415597	-121.824118695
317.000000000	39.690425497	-121.824100773
318.000000000	39.690437918	-121.824085558
319.000000000	39.690452273	-121.824073778
320.000000000	39.690468133	-121.824065510
321.000000000	39.690484958	-121.824060795
322.000000000	39.690501957	-121.824059845
323.000000000	39.690518208	-121.824061452
324.000000000	39.690534827	-121.824064675
325.000000000	39.690550135	-121.824073370
326.000000000	39.690564245	-121.824085053
327.000000000	39.690576423	-121.824100250
328.000000000	39.690586763	-121.824118020
329.000000000	39.690594075	-121.824138077
330.000000000	39.690598437	-121.824159368
331.000000000	39.690599688	-121.824180672
332.000000000	39.690597638	-121.824202022
333.000000000	39.690592140	-121.824222150
334.000000000	39.690584315	-121.824240992
335.000000000	39.690574018	-121.824257137
336.000000000	39.690561317	-121.824270563
337.000000000	39.690546880	-121.824281412
338.000000000	39.690531425	-121.824288628
339.000000000	39.690515383	-121.824291637
340.000000000	39.690498818	-121.824291053
341.000000000	39.690482705	-121.824287413
342.000000000	39.690467800	-121.824280718
343.000000000	39.690456600	-121.824276672
344.000000000	39.690450967	-121.824271502
345.000000000	39.690442662	-121.824257092
346.000000000	39.690435505	-121.824234463
347.000000000	39.690434795	-121.824209653
348.000000000	39.690440357	-121.824181608
349.000000000	39.690456087	-121.824157477
350.000000000	39.690476202	-121.824147197
351.000000000	39.690491137	-121.824138485
352.000000000	39.690502335	-121.824133363
353.000000000	39.690515277	-121.824135018
354.000000000	39.690524400	-121.824137298
355.000000000	39.690530105	-121.824137340
356.000000000	39.690540565	-121.824136935
357.000000000	39.690550997	-121.824136503
358.000000000	39.690558127	-121.824135752
359.000000000	39.690564393	-121.824135152
360.000000000	39.690571673	-121.824133160
361.000000000	39.690575695	-121.824132398
362.000000000	39.690577593	-121.824132080
363.000000000	39.690588107	-121.824130117
364.000000000	39.690604567	-121.824126742
365.000000000	39.690621750	-121.824121840
366.000000000	39.690638683	-121.824116635
367.000000000	39.690655703	-121.824110992
368.000000000	39.690672655	-121.824105192
369.000000000	39.690689582	-121.824099397
370.000000000	39.690706408	-121.824093632
371.000000000	39.690723730	-121.824087470
372.000000000	39.690740720	-121.824082307
373.000000000	39.690757865	-121.824077517
374.000000000	39.690774760	-121.824073103
375.000000000	39.690791733	-121.824069343
376.000000000	39.690808860	-121.824066582
377.000000000	39.690826013	-121.824064757
378.000000000	39.690843258	-121.824063850
379.000000000	39.690860287	-121.824064472
380.000000000	39.690876922	-121.824065740
381.000000000	39.690893063	-121.824068192
382.000000000	39.690908580	-121.824072293
383.000000000	39.690923593	-121.824077580
384.000000000	39.690938348	-121.824084050
385.000000000	39.690952047	-121.824092507
386.000000000	39.690965615	-121.824102532
387.000000000	39.690978500	-121.824114377
388.000000000	39.690989880	-121.824128657
389.000000000	39.690999050	-121.824143923
390.000000000	39.691006190	-121.824153527
391.000000000	39.691010802	-121.824159378
392.000000000	39.691012842	-121.824161923
393.000000000	39.691012908	-121.824161925
394.000000000	39.691012843	-121.824161977
395.000000000	39.691012775	-121.824162040
396.000000000	39.691012702	-121.824162082
397.000000000	39.691012613	-121.824162227
398.000000000	39.691012550	-121.824162300
399.000000000	39.691012473	-121.824162408
400.000000000	39.691012390	-121.824162563
401.000000000	39.691012365	-121.824162578
402.000000000	39.691012328	-121.824162692
