0.000000000	39.690327000	-121.824280000
1.000000000	39.690327000	-121.824280000
2.000000000	39.690432680	-121.824485462
3.000000000	39.690432783	-121.824485515
4.000000000	39.690432760	-121.824485648
5.000000000	39.690432930	-121.824485765
6.000000000	39.690433005	-121.824485908
7.000000000	39.690437082	-121.824485878
8.000000000	39.690436798	-121.824486095
9.000000000	39.690437968	-121.824486152
10.000000000	39.690437913	-121.824486345
11.000000000	39.690437367	-121.824486525
12.000000000	39.690437262	-121.824486603
13.000000000	39.690437307	-121.824486728
14.000000000	39.690437377	-121.824486760
15.000000000	39.690437465	-121.824486785
16.000000000	39.690437498	-121.824486807
17.000000000	39.690437597	-121.824486840
18.000000000	39.690437655	-121.824486878
19.000000000	39.690437707	-121.824486948
20.000000000	39.690437688	-121.824486943
21.000000000	39.690437658	-121.824486988
22.000000000	39.690437587	-121.824486948
23.000000000	39.690437543	-121.824487030
24.000000000	39.690437470	-121.824487093
25.000000000	39.690437467	-121.824487080
26.000000000	39.690437328	-121.824487020
27.000000000	39.690437283	-121.824487165
28.000000000	39.690437318	-121.824487058
29.000000000	39.690437415	-121.824486935
30.000000000	39.690437478	-121.824486893
31.000000000	39.690437493	-121.824486663
32.000000000	39.690437455	-121.824486712
33.000000000	39.690437265	-121.824486745
34.000000000	39.690437067	-121.824486808
35.000000000	39.690437185	-121.824486498
36.000000000	39.690437530	-121.824486370
37.000000000	39.690437468	-121.824486338
38.000000000	39.690437357	-121.824486220
39.000000000	39.690437377	-121.824486100
40.000000000	39.690437330	-121.824485995
41.000000000	39.690437025	-121.824485943
42.000000000	39.690436790	-121.824485875
43.000000000	39.690436620	-121.824485780
44.000000000	39.690436510	-121.824485660
45.000000000	39.690436343	-121.824485505
46.000000000	39.690436217	-121.824485453
47.000000000	39.690436157	-121.824485348
48.000000000	39.690435740	-121.824485217
49.000000000	39.690435862	-121.824485087
50.000000000	39.690435883	-121.824485028
51.000000000	39.690435853	-121.824485020
52.000000000	39.690435587	-121.824485068
53.000000000	39.690435598	-121.824485025
54.000000000	39.690435688	-121.824485113
55.000000000	39.690435757	-121.824485088
56.000000000	39.690435748	-121.824485167
57.000000000	39.690435820	-121.824485138
58.000000000	39.690435817	-121.824485038
59.000000000	39.690435723	-121.824485030
60.000000000	39.690437757	-121.824484763
61.000000000	39.690444560	-121.824482873
62.000000000	39.690453083	-121.824480567
63.000000000	39.690460772	-121.824477657
64.000000000	39.690465792	-121.824473347
65.000000000	39.690469420	-121.824471305
66.000000000	39.690472268	-121.824469102
67.000000000	39.690473368	-121.824467937
68.000000000	39.690474198	-121.824467465
69.000000000	39.690476078	-121.824465547
70.000000000	39.690476207	-121.824465337
71.000000000	39.690476482	-121.824465105
72.000000000	39.690477055	-121.824464373
73.000000000	39.690479363	-121.824463115
74.000000000	39.690482752	-121.824460783
75.000000000	39.690485420	-121.824458597
76.000000000	39.690494358	-121.824455917
77.000000000	39.690500417	-121.824454807
78.000000000	39.690503190	-121.824453245
79.000000000	39.690508927	-121.824452095
80.000000000	39.690518970	-121.824454663
81.000000000	39.690525383	-121.824456350
82.000000000	39.690528548	-121.824455738
83.000000000	39.690530012	-121.824455093
84.000000000	39.690531603	-121.824454748
85.000000000	39.690531502	-121.824454952
86.000000000	39.690533537	-121.824454377
87.000000000	39.690537393	-121.824453393
88.000000000	39.690549315	-121.824452013
89.000000000	39.690560797	-121.824449790
90.000000000	39.690568775	-121.824449770
91.000000000	39.690573157	-121.824448447
92.000000000	39.690578762	-121.824446343
93.000000000	39.690581332	-121.824444748
94.000000000	39.690581750	-121.824444498
95.000000000	39.690581703	-121.824444490
96.000000000	39.690581598	-121.824444442
97.000000000	39.690581550	-121.824444423
98.000000000	39.690581473	-121.824444442
99.000000000	39.690581912	-121.824444130
100.000000000	39.690582930	-121.824443155
101.000000000	39.690582652	-121.824443257
102.000000000	39.690583853	-121.824442672
103.000000000	39.690583895	-121.824442637
104.000000000	39.690583900	-121.824442695
105.000000000	39.690587625	-121.824441308
106.000000000	39.690590145	-121.824439770
107.000000000	39.690590995	-121.824439130
108.000000000	39.690591067	-121.824438997
109.000000000	39.690592057	-121.824438310
110.000000000	39.690593218	-121.824437462
111.000000000	39.690594270	-121.824436335
112.000000000	39.690594032	-121.824436573
113.000000000	39.690594035	-121.824436512
114.000000000	39.690594010	-121.824436510
115.000000000	39.690594027	-121.824436488
116.000000000	39.690594023	-121.824436495
117.000000000	39.690593982	-121.824436482
118.000000000	39.690593952	-121.824436478
119.000000000	39.690593912	-121.824436483
120.000000000	39.690593942	-121.824436473
121.000000000	39.690593995	-121.824436420
122.000000000	39.690594557	-121.824435948
123.000000000	39.690594665	-121.824436065
124.000000000	39.690594697	-121.824435843
125.000000000	39.690596028	-121.824435973
126.000000000	39.690596147	-121.824435962
127.000000000	39.690600398	-121.824431097
128.000000000	39.690605032	-121.824422413
129.000000000	39.690607863	-121.824418748
130.000000000	39.690608357	-121.824417565
131.000000000	39.690608138	-121.824417535
132.000000000	39.690608093	-121.824417342
133.000000000	39.690608555	-121.824415920
134.000000000	39.690608503	-121.824416103
135.000000000	39.690608558	-121.824416093
136.000000000	39.690608555	-121.824416127
137.000000000	39.690608548	-121.824416152
138.000000000	39.690608613	-121.824416170
139.000000000	39.690608658	-121.824416212
140.000000000	39.690608582	-121.824416263
141.000000000	39.690608618	-121.824416350
142.000000000	39.690608498	-121.824416355
143.000000000	39.690608432	-121.824416395
144.000000000	39.690608330	-121.824416392
145.000000000	39.690608158	-121.824416403
146.000000000	39.690608185	-121.824416425
147.000000000	39.690608190	-121.824416373
148.000000000	39.690608187	-121.824416415
149.000000000	39.690608910	-121.824415383
150.000000000	39.690612255	-121.824407432
151.000000000	39.690614227	-121.824395733
152.000000000	39.690614913	-121.824388973
153.000000000	39.690616175	-121.824386013
154.000000000	39.690615933	-121.824385865
155.000000000	39.690615848	-121.824385857
156.000000000	39.690615792	-121.824385862
157.000000000	39.690615703	-121.824385835
158.000000000	39.690615623	-121.824385842
159.000000000	39.690615557	-121.824385828
160.000000000	39.690615432	-121.824385843
161.000000000	39.690615442	-121.824385883
162.000000000	39.690615402	-121.824385942
163.000000000	39.690615428	-121.824386020
164.000000000	39.690615357	-121.824386020
165.000000000	39.690615362	-121.824386045
166.000000000	39.690615435	-121.824386143
167.000000000	39.690615418	-121.824386148
168.000000000	39.690615428	-121.824386197
169.000000000	39.690615487	-121.824386198
170.000000000	39.690615630	-121.824386242
171.000000000	39.690615563	-121.824386198
172.000000000	39.690616193	-121.824385595
173.000000000	39.690616240	-121.824385712
174.000000000	39.690615762	-121.824385688
175.000000000	39.690615920	-121.824385133
176.000000000	39.690615872	-121.824385325
177.000000000	39.690615855	-121.824385373
178.000000000	39.690615883	-121.824385317
179.000000000	39.690615950	-121.824385183
180.000000000	39.690616085	-121.824383008
181.000000000	39.690614512	-121.824368840
182.000000000	39.690610300	-121.824356183
183.000000000	39.690608608	-121.824348188
184.000000000	39.690607752	-121.824344220
185.000000000	39.690606157	-121.824341023
186.000000000	39.690598643	-121.824331380
187.000000000	39.690594047	-121.824325057
188.000000000	39.690591683	-121.824321480
189.000000000	39.690591187	-121.824320540
190.000000000	39.690591172	-121.824320572
191.000000000	39.690591065	-121.824320367
192.000000000	39.690591085	-121.824320445
193.000000000	39.690591100	-121.824320470
194.000000000	39.690591085	-121.824320492
195.000000000	39.690590925	-121.824320308
196.000000000	39.690584827	-121.824316177
197.000000000	39.690579143	-121.824313260
198.000000000	39.690577128	-121.824311518
199.000000000	39.690576958	-121.824311397
200.000000000	39.690576837	-121.824311317
201.000000000	39.690571075	-121.824308560
202.000000000	39.690559203	-121.824309233
203.000000000	39.690552672	-121.824308695
204.000000000	39.690549090	-121.824308847
205.000000000	39.690539387	-121.824313650
206.000000000	39.690533007	-121.824316695
207.000000000	39.690529352	-121.824317898
208.000000000	39.690528492	-121.824318207
209.000000000	39.690525738	-121.824319592
210.000000000	39.690518153	-121.824327972
211.000000000	39.690513748	-121.824332043
212.000000000	39.690511363	-121.824333875
213.000000000	39.690510890	-121.824334252
214.000000000	39.690510873	-121.824334218
215.000000000	39.690510040	-121.824335173
216.000000000	39.690509502	-121.824336015
217.000000000	39.690509365	-121.824335827
218.000000000	39.690509255	-121.824335732
219.000000000	39.690509088	-121.824335708
220.000000000	39.690509283	-121.824335783
221.000000000	39.690509165	-121.824335718
222.000000000	39.690509257	-121.824335647
223.000000000	39.690509232	-121.824335753
224.000000000	39.690509197	-121.824335962
225.000000000	39.690508992	-121.824335695
226.000000000	39.690509110	-121.824335643
227.000000000	39.690508833	-121.824335605
228.000000000	39.690508985	-121.824335533
229.000000000	39.690509053	-121.824335763
230.000000000	39.690509073	-121.824335880
231.000000000	39.690509188	-121.824335762
232.000000000	39.690509228	-121.824335882
233.000000000	39.690509255	-121.824335832
234.000000000	39.690509247	-121.824335842
235.000000000	39.690509375	-121.824335873
236.000000000	39.690509555	-121.824335825
237.000000000	39.690509563	-121.824335883
238.000000000	39.690509737	-121.824336043
239.000000000	39.690509647	-121.824336360
240.000000000	39.690509718	-121.824336425
241.000000000	39.690509773	-121.824336467
242.000000000	39.690509835	-121.824336487
243.000000000	39.690509828	-121.824336548
244.000000000	39.690509748	-121.824336545
245.000000000	39.690509767	-121.824336615
246.000000000	39.690510002	-121.824336902
247.000000000	39.690509777	-121.824336647
248.000000000	39.690509662	-121.824336715
249.000000000	39.690509505	-121.824336628
250.000000000	39.690509483	-121.824336643
251.000000000	39.690509455	-121.824336682
252.000000000	39.690509335	-121.824336597
253.000000000	39.690509225	-121.824336515
254.000000000	39.690509165	-121.824336520
255.000000000	39.690509118	-121.824336493
256.000000000	39.690509067	-121.824336497
257.000000000	39.690509038	-121.824336515
258.000000000	39.690508942	-121.824336392
259.000000000	39.690508915	-121.824336345
260.000000000	39.690508808	-121.824336348
261.000000000	39.690508830	-121.824336235
262.000000000	39.690508727	-121.824336228
263.000000000	39.690508695	-121.824336165
264.000000000	39.690508548	-121.824336098
265.000000000	39.690508512	-121.824336010
266.000000000	39.690508493	-121.824336073
267.000000000	39.690508498	-121.824336127
268.000000000	39.690508463	-121.824336082
269.000000000	39.690508423	-121.824336152
270.000000000	39.690508425	-121.824336125
271.000000000	39.690508457	-121.824336138
272.000000000	39.690508352	-121.824336032
273.000000000	39.690508210	-121.824335838
274.000000000	39.690508232	-121.824335883
275.000000000	39.690507997	-121.824335687
276.000000000	39.690507818	-121.824335442
277.000000000	39.690508263	-121.824335988
278.000000000	39.690508237	-121.824335960
279.000000000	39.690508032	-121.824335800
280.000000000	39.690507520	-121.824335208
281.000000000	39.690507633	-121.824335168
282.000000000	39.690507622	-121.824335192
283.000000000	39.690507643	-121.824335150
284.000000000	39.690507557	-121.824335155
285.000000000	39.690507545	-121.824335113
286.000000000	39.690507578	-121.824335208
287.000000000	39.690507587	-121.824335128
288.000000000	39.690507565	-121.824335232
289.000000000	39.690507640	-121.824335198
290.000000000	39.690507655	-121.824335452
291.000000000	39.690507552	-121.824335828
292.000000000	39.690506940	-121.824336485
293.000000000	39.690503483	-121.824343025
294.000000000	39.690501947	-121.824345628
295.000000000	39.690501492	-121.824346283
296.000000000	39.690501470	-121.824346292
297.000000000	39.690501440	-121.824346447
298.000000000	39.690501388	-121.824346435
299.000000000	39.690501398	-121.824346465
300.000000000	39.690501367	-121.824346507
301.000000000	39.690501322	-121.824346542
302.000000000	39.690501372	-121.824346647
303.000000000	39.690501473	-121.824346427
304.000000000	39.690501378	-121.824346773
305.000000000	39.690501283	-121.824346787
306.000000000	39.690501243	-121.824346752
307.000000000	39.690501198	-121.824346687
308.000000000	39.690501127	-121.824346598
309.000000000	39.690501097	-121.824346502
310.000000000	39.690500988	-121.824346445
311.000000000	39.690500882	-121.824346383
312.000000000	39.690500835	-121.824346447
313.000000000	39.690500797	-121.824346363
314.000000000	39.690500745	-121.824346285
315.000000000	39.690500695	-121.824346250
316.000000000	39.690500695	-121.824346250
