0.000000000	39.690595355	-121.824161633	1.000000000
1.000000000	39.690595738	-121.824161857	1.000000000
2.000000000	39.690595843	-121.824161857	1.000000000
3.000000000	39.690595893	-121.824161853	1.000000000
4.000000000	39.690596012	-121.824161825	1.000000000
5.000000000	39.690595792	-121.824161995	0.000000000
6.000000000	39.690595753	-121.824161900	1.000000000
7.000000000	39.690595773	-121.824161930	1.000000000
8.000000000	39.690595865	-121.824161883	0.000000000
9.000000000	39.690595862	-121.824161898	0.000000000
10.000000000	39.690595847	-121.824161858	0.000000000
11.000000000	39.690595878	-121.824161848	0.000000000
12.000000000	39.690595842	-121.824161848	0.000000000
13.000000000	39.690595792	-121.824161860	0.000000000
14.000000000	39.690595830	-121.824161878	0.000000000
15.000000000	39.690595820	-121.824161872	0.000000000
16.000000000	39.690595795	-121.824161877	0.000000000
17.000000000	39.690595813	-121.824161890	0.000000000
18.000000000	39.690595828	-121.824161898	0.000000000
19.000000000	39.690595845	-121.824161938	0.000000000
20.000000000	39.690595863	-121.824162018	0.000000000
21.000000000	39.690595858	-121.824162095	0.000000000
22.000000000	39.690595887	-121.824162183	0.000000000
23.000000000	39.690595927	-121.824162262	0.000000000
24.000000000	39.690595937	-121.824162332	0.000000000
25.000000000	39.690595952	-121.824162472	0.000000000
26.000000000	39.690595995	-121.824162483	0.000000000
27.000000000	39.690596085	-121.824162522	0.000000000
28.000000000	39.690596145	-121.824162588	0.000000000
29.000000000	39.690596165	-121.824162643	0.000000000
30.000000000	39.690596213	-121.824162723	0.000000000
31.000000000	39.690596220	-121.824162825	0.000000000
32.000000000	39.690596208	-121.824162898	0.000000000
33.000000000	39.690596140	-121.824163047	0.000000000
34.000000000	39.690596148	-121.824163143	0.000000000
35.000000000	39.690596045	-121.824163312	0.000000000
36.000000000	39.690596368	-121.824162993	0.000000000
37.000000000	39.690596327	-121.824163488	0.000000000
38.000000000	39.690596217	-121.824163658	1.000000000
39.000000000	39.690596132	-121.824163743	1.000000000
40.000000000	39.690596267	-121.824163728	1.000000000
41.000000000	39.690596365	-121.824163687	0.000000000
42.000000000	39.690596607	-121.824163468	0.000000000
43.000000000	39.690596890	-121.824163507	0.000000000
44.000000000	39.690594073	-121.824161800	0.000000000
45.000000000	39.690584777	-121.824154045	0.000000000
46.000000000	39.690576027	-121.824143975	0.000000000
47.000000000	39.690567682	-121.824133483	0.000000000
48.000000000	39.690556477	-121.824126707	0.000000000
49.000000000	39.690544150	-121.824128848	0.000000000
50.000000000	39.690533667	-121.824138632	0.000000000
51.000000000	39.690527540	-121.824152967	0.000000000
52.000000000	39.690527102	-121.824169413	0.000000000
53.000000000	39.690531593	-121.824184525	0.000000000
54.000000000	39.690536423	-121.824199285	0.000000000
55.000000000	39.690538032	-121.824214580	0.000000000
56.000000000	39.690534867	-121.824228525	0.000000000
57.000000000	39.690530115	-121.824242110	0.000000000
58.000000000	39.690524377	-121.824255545	0.000000000
59.000000000	39.690517728	-121.824268503	0.000000000
60.000000000	39.690511333	-121.824281890	0.000000000
61.000000000	39.690505392	-121.824295637	0.000000000
62.000000000	39.690501432	-121.824310930	0.000000000
63.000000000	39.690497052	-121.824325678	0.000000000
64.000000000	39.690490962	-121.824339280	0.000000000
65.000000000	39.690484107	-121.824351957	0.000000000
66.000000000	39.690476262	-121.824363557	0.000000000
67.000000000	39.690468063	-121.824374792	0.000000000
68.000000000	39.690460087	-121.824386647	0.000000000
69.000000000	39.690452357	-121.824397772	0.000000000
70.000000000	39.690446847	-121.824405662	0.000000000
71.000000000	39.690443270	-121.824410850	0.000000000
72.000000000	39.690440723	-121.824416613	0.000000000
73.000000000	39.690440410	-121.824432475	0.000000000
74.000000000	39.690445997	-121.824447185	0.000000000
75.000000000	39.690455978	-121.824457468	0.000000000
76.000000000	39.690468672	-121.824460760	0.000000000
77.000000000	39.690481063	-121.824456830	0.000000000
78.000000000	39.690491485	-121.824447538	0.000000000
79.000000000	39.690501560	-121.824438300	0.000000000
80.000000000	39.690512653	-121.824432178	0.000000000
81.000000000	39.690524078	-121.824427522	0.000000000
82.000000000	39.690535798	-121.824424125	0.000000000
83.000000000	39.690547555	-121.824421852	0.000000000
84.000000000	39.690559495	-121.824420840	1.000000000
85.000000000	39.690571330	-121.824422313	1.000000000
86.000000000	39.690582930	-121.824425625	1.000000000
87.000000000	39.690594203	-121.824430882	0.000000000
88.000000000	39.690605525	-121.824436333	0.000000000
89.000000000	39.690616837	-121.824442160	0.000000000
90.000000000	39.690627827	-121.824448875	0.000000000
91.000000000	39.690638617	-121.824456085	0.000000000
92.000000000	39.690649313	-121.824463848	0.000000000
93.000000000	39.690659645	-121.824472165	0.000000000
94.000000000	39.690669673	-121.824481150	0.000000000
95.000000000	39.690679488	-121.824490617	0.000000000
96.000000000	39.690689078	-121.824500532	0.000000000
97.000000000	39.690698325	-121.824511105	0.000000000
98.000000000	39.690707062	-121.824522222	0.000000000
99.000000000	39.690715598	-121.824533818	0.000000000
100.000000000	39.690723722	-121.824545943	0.000000000
101.000000000	39.690731297	-121.824558617	0.000000000
102.000000000	39.690738580	-121.824571712	0.000000000
103.000000000	39.690745293	-121.824585323	0.000000000
104.000000000	39.690751428	-121.824599140	0.000000000
105.000000000	39.690756728	-121.824613240	0.000000000
106.000000000	39.690761353	-121.824627518	0.000000000
107.000000000	39.690764940	-121.824642260	0.000000000
108.000000000	39.690767833	-121.824657388	0.000000000
109.000000000	39.690769650	-121.824672610	0.000000000
110.000000000	39.690770252	-121.824687953	0.000000000
111.000000000	39.690769885	-121.824703458	0.000000000
112.000000000	39.690768112	-121.824718722	0.000000000
113.000000000	39.690765698	-121.824731182	0.000000000
114.000000000	39.690763720	-121.824739062	0.000000000
115.000000000	39.690762603	-121.824742695	0.000000000
116.000000000	39.690762375	-121.824743275	0.000000000
117.000000000	39.690762280	-121.824743082	1.000000000
118.000000000	39.690762260	-121.824743065	0.000000000
119.000000000	39.690762258	-121.824743045	1.000000000
120.000000000	39.690762238	-121.824743047	0.000000000
121.000000000	39.690762248	-121.824743062	1.000000000
122.000000000	39.690762190	-121.824743135	1.000000000
123.000000000	39.690762155	-121.824743112	1.000000000
124.000000000	39.690762132	-121.824743090	1.000000000
125.000000000	39.690762105	-121.824743063	1.000000000
126.000000000	39.690762127	-121.824743062	1.000000000
127.000000000	39.690762328	-121.824743175	1.000000000
128.000000000	39.690762317	-121.824743065	1.000000000
129.000000000	39.690762367	-121.824742950	0.000000000
130.000000000	39.690762278	-121.824742970	0.000000000
131.000000000	39.690762272	-121.824742943	1.000000000
132.000000000	39.690762185	-121.824742878	0.000000000
133.000000000	39.690762160	-121.824742892	1.000000000
134.000000000	39.690762145	-121.824742853	1.000000000
135.000000000	39.690762160	-121.824742810	0.000000000
136.000000000	39.690762112	-121.824742783	1.000000000
137.000000000	39.690762033	-121.824742750	0.000000000
138.000000000	39.690761932	-121.824742785	0.000000000
139.000000000	39.690761773	-121.824742753	0.000000000
140.000000000	39.690761665	-121.824742498	0.000000000
141.000000000	39.690761577	-121.824742417	0.000000000
142.000000000	39.690761552	-121.824742238	1.000000000
143.000000000	39.690761527	-121.824742102	0.000000000
144.000000000	39.690761490	-121.824742003	0.000000000
145.000000000	39.690761470	-121.824741853	0.000000000
146.000000000	39.690761427	-121.824741765	0.000000000
147.000000000	39.690761375	-121.824741622	1.000000000
148.000000000	39.690761417	-121.824741577	1.000000000
149.000000000	39.690761417	-121.824741577	1.000000000
150.000000000	39.690761417	-121.824741577	1.000000000
151.000000000	39.690761417	-121.824741577	1.000000000
152.000000000	39.690761417	-121.824741577	1.000000000
153.000000000	39.690761417	-121.824741577	1.000000000
154.000000000	39.690761417	-121.824741577	1.000000000
155.000000000	39.690761417	-121.824741577	1.000000000
156.000000000	39.690761417	-121.824741577	1.000000000
157.000000000	39.690761417	-121.824741577	1.000000000
158.000000000	39.690761417	-121.824741577	1.000000000
159.000000000	39.690761417	-121.824741577	1.000000000
160.000000000	39.690761417	-121.824741577	1.000000000
161.000000000	39.690761417	-121.824741577	1.000000000
162.000000000	39.690761417	-121.824741577	1.000000000
163.000000000	39.690761417	-121.824741577	1.000000000
164.000000000	39.690761417	-121.824741577	1.000000000
165.000000000	39.690761417	-121.824741577	1.000000000
166.000000000	39.690761417	-121.824741577	1.000000000
167.000000000	39.690761417	-121.824741577	1.000000000
168.000000000	39.690761417	-121.824741577	1.000000000
169.000000000	39.690761417	-121.824741577	1.000000000
170.000000000	39.690761417	-121.824741577	1.000000000
171.000000000	39.690761417	-121.824741577	1.000000000
172.000000000	39.690761417	-121.824741577	1.000000000
173.000000000	39.690761417	-121.824741577	1.000000000
174.000000000	39.690761417	-121.824741577	1.000000000
