0.000000000	39.690486368	-121.824196253
1.000000000	39.690486728	-121.824197247
2.000000000	39.690486573	-121.824197215
3.000000000	39.690486653	-121.824197205
4.000000000	39.690486643	-121.824197225
5.000000000	39.690486657	-121.824197235
6.000000000	39.690486502	-121.824197318
7.000000000	39.690486558	-121.824197288
8.000000000	39.690486560	-121.824197283
9.000000000	39.690486538	-121.824197407
10.000000000	39.690486363	-121.824197573
11.000000000	39.690486417	-121.824197635
12.000000000	39.690486387	-121.824197648
13.000000000	39.690486275	-121.824197660
14.000000000	39.690486243	-121.824197727
15.000000000	39.690486220	-121.824197795
16.000000000	39.690486202	-121.824197778
17.000000000	39.690486130	-121.824197835
18.000000000	39.690486078	-121.824197923
19.000000000	39.690485985	-121.824198028
20.000000000	39.690486138	-121.824198148
21.000000000	39.690486105	-121.824198247
22.000000000	39.690486157	-121.824198343
23.000000000	39.690486065	-121.824198453
24.000000000	39.690486110	-121.824198552
25.000000000	39.690486185	-121.824198558
26.000000000	39.690486270	-121.824198657
27.000000000	39.690486288	-121.824198752
28.000000000	39.690486345	-121.824198808
29.000000000	39.690486333	-121.824198778
30.000000000	39.690486360	-121.824198767
31.000000000	39.690486388	-121.824198682
32.000000000	39.690486337	-121.824198605
33.000000000	39.690486312	-121.824198640
34.000000000	39.690486480	-121.824198507
35.000000000	39.690486437	-121.824198490
36.000000000	39.690487332	-121.824197325
37.000000000	39.690487377	-121.824197380
38.000000000	39.690487375	-121.824197480
39.000000000	39.690487380	-121.824197575
40.000000000	39.690487412	-121.824197648
41.000000000	39.690487465	-121.824197760
42.000000000	39.690487538	-121.824197828
43.000000000	39.690487582	-121.824197917
44.000000000	39.690487645	-121.824197950
45.000000000	39.690487690	-121.824198107
46.000000000	39.690487742	-121.824198147
47.000000000	39.690487768	-121.824198203
48.000000000	39.690487785	-121.824198327
49.000000000	39.690487797	-121.824198362
50.000000000	39.690487843	-121.824198370
51.000000000	39.690487808	-121.824198400
52.000000000	39.690487897	-121.824198393
53.000000000	39.690487905	-121.824198365
54.000000000	39.690487912	-121.824198350
55.000000000	39.690487928	-121.824198377
56.000000000	39.690487958	-121.824198275
57.000000000	39.690487957	-121.824198250
58.000000000	39.690487942	-121.824198207
59.000000000	39.690487923	-121.824198232
60.000000000	39.690487948	-121.824198230
61.000000000	39.690487930	-121.824198277
62.000000000	39.690487918	-121.824198323
63.000000000	39.690487905	-121.824198325
64.000000000	39.690487917	-121.824198353
65.000000000	39.690487900	-121.824198338
66.000000000	39.690487922	-121.824198338
67.000000000	39.690487887	-121.824198387
68.000000000	39.690487855	-121.824198420
69.000000000	39.690487910	-121.824198392
70.000000000	39.690487913	-121.824198385
71.000000000	39.690487935	-121.824198292
72.000000000	39.690487853	-121.824198363
73.000000000	39.690487797	-121.824198215
74.000000000	39.690487903	-121.824198142
75.000000000	39.690487878	-121.824198065
76.000000000	39.690487857	-121.824197997
77.000000000	39.690487803	-121.824197898
78.000000000	39.690487805	-121.824197740
79.000000000	39.690487778	-121.824197620
80.000000000	39.690487733	-121.824197500
81.000000000	39.690487727	-121.824197375
82.000000000	39.690487648	-121.824197335
83.000000000	39.690487595	-121.824197327
84.000000000	39.690487523	-121.824197307
85.000000000	39.690487437	-121.824197310
86.000000000	39.690487385	-121.824197337
87.000000000	39.690487290	-121.824197352
88.000000000	39.690487277	-121.824197463
89.000000000	39.690487235	-121.824197433
90.000000000	39.690487140	-121.824197475
91.000000000	39.690487142	-121.824197428
92.000000000	39.690487097	-121.824197395
93.000000000	39.690487173	-121.824197413
94.000000000	39.690487098	-121.824197463
95.000000000	39.690486975	-121.824197522
96.000000000	39.690486830	-121.824197542
97.000000000	39.690486657	-121.824197622
98.000000000	39.690486605	-121.824197615
99.000000000	39.690486605	-121.824197615
100.000000000	39.690486605	-121.824197615
