0.000000000	39.689434000	-121.823841000
1.000000000	39.689434000	-121.823841000
2.000000000	39.689434000	-121.823841000
3.000000000	39.689434000	-121.823841000
4.000000000	39.689434000	-121.823841000
5.000000000	39.689434000	-121.823841000
6.000000000	39.689434000	-121.823841000
7.000000000	39.689434000	-121.823841000
8.000000000	39.689434000	-121.823841000
9.000000000	39.689434000	-121.823841000
10.000000000	39.689434000	-121.823841000
11.000000000	39.689434000	-121.823841000
12.000000000	39.689434000	-121.823841000
13.000000000	39.689434000	-121.823841000
14.000000000	39.689434000	-121.823841000
15.000000000	39.689434000	-121.823841000
16.000000000	39.689434000	-121.823841000
17.000000000	39.689434000	-121.823841000
18.000000000	39.689434000	-121.823841000
19.000000000	39.689548000	-121.823841000
20.000000000	39.689548000	-121.823841000
21.000000000	39.689548000	-121.823841000
22.000000000	39.689548000	-121.823841000
23.000000000	39.689548000	-121.823841000
24.000000000	39.689548000	-121.823717000
25.000000000	39.689548000	-121.823717000
26.000000000	39.689548000	-121.823717000
27.000000000	39.689548000	-121.823717000
28.000000000	39.689548000	-121.823717000
29.000000000	39.689548000	-121.823717000
30.000000000	39.689548000	-121.823717000
31.000000000	39.689548000	-121.823717000
32.000000000	39.689548000	-121.823717000
33.000000000	39.689548000	-121.823717000
34.000000000	39.689548000	-121.823717000
35.000000000	39.689548000	-121.823717000
