0.000000000	39.690267858	-121.824419068	0.000000000
1.000000000	39.690267862	-121.824422715	0.000000000
2.000000000	39.690267865	-121.824422778	0.000000000
3.000000000	39.690267777	-121.824422747	0.000000000
4.000000000	39.690267765	-121.824422813	0.000000000
5.000000000	39.690267708	-121.824422797	0.000000000
6.000000000	39.690267780	-121.824422905	0.000000000
7.000000000	39.690267882	-121.824422957	0.000000000
8.000000000	39.690267932	-121.824422998	0.000000000
9.000000000	39.690268032	-121.824423130	0.000000000
10.000000000	39.690268098	-121.824423163	0.000000000
11.000000000	39.690268080	-121.824423195	0.000000000
12.000000000	39.690268188	-121.824423230	0.000000000
13.000000000	39.690268258	-121.824423297	0.000000000
14.000000000	39.690268262	-121.824423383	0.000000000
15.000000000	39.690268383	-121.824423508	0.000000000
16.000000000	39.690268503	-121.824423660	0.000000000
17.000000000	39.690268607	-121.824423800	0.000000000
18.000000000	39.690268622	-121.824423815	0.000000000
19.000000000	39.690268702	-121.824423868	0.000000000
20.000000000	39.690268783	-121.824423867	0.000000000
21.000000000	39.690268820	-121.824423868	0.000000000
22.000000000	39.690268875	-121.824423887	0.000000000
23.000000000	39.690268662	-121.824423713	0.000000000
24.000000000	39.690268895	-121.824423637	0.000000000
25.000000000	39.690268740	-121.824423422	0.000000000
26.000000000	39.690268588	-121.824423128	0.000000000
27.000000000	39.690268788	-121.824423245	0.000000000
28.000000000	39.690268835	-121.824423103	0.000000000
29.000000000	39.690268790	-121.824423115	0.000000000
30.000000000	39.690268840	-121.824423062	0.000000000
31.000000000	39.690269008	-121.824423260	0.000000000
32.000000000	39.690269180	-121.824423255	0.000000000
33.000000000	39.690269263	-121.824423222	0.000000000
34.000000000	39.690269400	-121.824423305	0.000000000
35.000000000	39.690269478	-121.824423357	0.000000000
36.000000000	39.690269443	-121.824422438	0.000000000
37.000000000	39.690269747	-121.824422012	0.000000000
38.000000000	39.690269977	-121.824423125	0.000000000
39.000000000	39.690270063	-121.824423137	0.000000000
40.000000000	39.690270140	-121.824423198	0.000000000
41.000000000	39.690270222	-121.824423240	0.000000000
42.000000000	39.690270038	-121.824423102	0.000000000
43.000000000	39.690270108	-121.824423130	0.000000000
44.000000000	39.690270175	-121.824423155	0.000000000
45.000000000	39.690270245	-121.824423178	0.000000000
46.000000000	39.690270262	-121.824423225	0.000000000
47.000000000	39.690270333	-121.824423277	0.000000000
48.000000000	39.690270378	-121.824423283	0.000000000
49.000000000	39.690270387	-121.824423327	0.000000000
50.000000000	39.690270390	-121.824423288	0.000000000
51.000000000	39.690270452	-121.824423355	0.000000000
52.000000000	39.690269763	-121.824421975	0.000000000
53.000000000	39.690269725	-121.824420485	0.000000000
54.000000000	39.690269692	-121.824419850	0.000000000
55.000000000	39.690269718	-121.824419785	0.000000000
56.000000000	39.690269615	-121.824419928	0.000000000
57.000000000	39.690269428	-121.824419875	0.000000000
58.000000000	39.690264912	-121.824399297	1.000000000
59.000000000	39.690269460	-121.824419822	1.000000000
60.000000000	39.690269418	-121.824419733	1.000000000
61.000000000	39.690269447	-121.824419763	1.000000000
62.000000000	39.690269310	-121.824419830	1.000000000
63.000000000	39.690269155	-121.824419743	1.000000000
64.000000000	39.690269078	-121.824419637	1.000000000
65.000000000	39.690268950	-121.824419605	1.000000000
66.000000000	39.690269052	-121.824418023	0.000000000
67.000000000	39.690267828	-121.824401595	0.000000000
68.000000000	39.690267857	-121.824384958	0.000000000
69.000000000	39.690269040	-121.824368535	0.000000000
70.000000000	39.690272840	-121.824353345	0.000000000
71.000000000	39.690278607	-121.824339978	0.000000000
72.000000000	39.690286043	-121.824328475	0.000000000
73.000000000	39.690294897	-121.824318817	0.000000000
74.000000000	39.690305070	-121.824311755	0.000000000
75.000000000	39.690316315	-121.824307497	0.000000000
76.000000000	39.690327792	-121.824306322	0.000000000
77.000000000	39.690339270	-121.824308523	0.000000000
78.000000000	39.690349898	-121.824314198	0.000000000
79.000000000	39.690359300	-121.824322503	0.000000000
80.000000000	39.690366688	-121.824333365	0.000000000
81.000000000	39.690372228	-121.824346270	0.000000000
82.000000000	39.690375673	-121.824360237	0.000000000
83.000000000	39.690377265	-121.824374917	0.000000000
84.000000000	39.690376652	-121.824389577	0.000000000
85.000000000	39.690374323	-121.824404238	0.000000000
86.000000000	39.690371197	-121.824418492	0.000000000
87.000000000	39.690367653	-121.824432693	0.000000000
88.000000000	39.690367575	-121.824448360	0.000000000
89.000000000	39.690369967	-121.824463568	0.000000000
90.000000000	39.690374420	-121.824477527	0.000000000
91.000000000	39.690382833	-121.824490283	0.000000000
92.000000000	39.690392733	-121.824499865	0.000000000
93.000000000	39.690404717	-121.824505632	0.000000000
94.000000000	39.690417675	-121.824506690	0.000000000
95.000000000	39.690430240	-121.824503207	0.000000000
96.000000000	39.690441138	-121.824495227	0.000000000
97.000000000	39.690449903	-121.824483590	0.000000000
98.000000000	39.690455887	-121.824469342	0.000000000
99.000000000	39.690458235	-121.824453682	0.000000000
100.000000000	39.690456903	-121.824437508	0.000000000
101.000000000	39.690452003	-121.824422997	0.000000000
102.000000000	39.690444187	-121.824410858	0.000000000
103.000000000	39.690437348	-121.824397988	0.000000000
104.000000000	39.690434460	-121.824383533	0.000000000
105.000000000	39.690433958	-121.824368843	0.000000000
106.000000000	39.690435143	-121.824354122	0.000000000
107.000000000	39.690439225	-121.824340363	0.000000000
108.000000000	39.690446147	-121.824328277	0.000000000
109.000000000	39.690454050	-121.824317628	0.000000000
110.000000000	39.690463700	-121.824309172	0.000000000
111.000000000	39.690474370	-121.824303413	0.000000000
112.000000000	39.690485733	-121.824300682	0.000000000
113.000000000	39.690497165	-121.824300925	0.000000000
114.000000000	39.690508640	-121.824303747	0.000000000
115.000000000	39.690519145	-121.824309842	0.000000000
116.000000000	39.690528540	-121.824318328	0.000000000
117.000000000	39.690536273	-121.824329340	0.000000000
118.000000000	39.690542028	-121.824342253	0.000000000
119.000000000	39.690545628	-121.824356487	0.000000000
120.000000000	39.690546732	-121.824371277	0.000000000
121.000000000	39.690545642	-121.824386405	0.000000000
122.000000000	39.690541633	-121.824400275	0.000000000
123.000000000	39.690537092	-121.824413535	0.000000000
124.000000000	39.690529777	-121.824424933	0.000000000
125.000000000	39.690520847	-121.824433915	0.000000000
126.000000000	39.690510795	-121.824440868	0.000000000
127.000000000	39.690499845	-121.824444902	0.000000000
128.000000000	39.690488500	-121.824446233	0.000000000
129.000000000	39.690477218	-121.824445002	1.000000000
130.000000000	39.690466643	-121.824439658	0.000000000
131.000000000	39.690456797	-121.824432347	0.000000000
132.000000000	39.690447907	-121.824423202	0.000000000
133.000000000	39.690440258	-121.824412052	0.000000000
134.000000000	39.690434128	-121.824399472	0.000000000
135.000000000	39.690429803	-121.824385760	0.000000000
136.000000000	39.690427277	-121.824371260	0.000000000
137.000000000	39.690426922	-121.824356542	0.000000000
138.000000000	39.690428518	-121.824341848	0.000000000
139.000000000	39.690432005	-121.824327670	0.000000000
140.000000000	39.690437562	-121.824314725	0.000000000
141.000000000	39.690444727	-121.824303087	0.000000000
142.000000000	39.690453513	-121.824293492	0.000000000
143.000000000	39.690463720	-121.824286038	0.000000000
144.000000000	39.690474770	-121.824281403	0.000000000
145.000000000	39.690486168	-121.824279468	0.000000000
146.000000000	39.690497688	-121.824280153	0.000000000
147.000000000	39.690508862	-121.824283613	0.000000000
148.000000000	39.690519490	-121.824289590	0.000000000
149.000000000	39.690529088	-121.824297782	0.000000000
150.000000000	39.690537223	-121.824308482	0.000000000
151.000000000	39.690543765	-121.824320585	0.000000000
152.000000000	39.690548307	-121.824334475	0.000000000
153.000000000	39.690550648	-121.824349077	0.000000000
154.000000000	39.690550972	-121.824364057	0.000000000
155.000000000	39.690548890	-121.824378535	0.000000000
156.000000000	39.690545027	-121.824392678	0.000000000
157.000000000	39.690539380	-121.824405672	0.000000000
158.000000000	39.690532652	-121.824418042	0.000000000
159.000000000	39.690524440	-121.824428867	0.000000000
160.000000000	39.690515550	-121.824438177	0.000000000
161.000000000	39.690505870	-121.824446493	0.000000000
162.000000000	39.690495333	-121.824452667	0.000000000
163.000000000	39.690484375	-121.824457543	0.000000000
164.000000000	39.690473097	-121.824460633	0.000000000
165.000000000	39.690464592	-121.824461762	0.000000000
166.000000000	39.690457840	-121.824460820	0.000000000
167.000000000	39.690457115	-121.824461022	0.000000000
168.000000000	39.690457565	-121.824460883	0.000000000
169.000000000	39.690456715	-121.824461083	0.000000000
170.000000000	39.690456550	-121.824461055	0.000000000
171.000000000	39.690456698	-121.824461040	1.000000000
172.000000000	39.690456728	-121.824461148	0.000000000
173.000000000	39.690456668	-121.824461222	0.000000000
174.000000000	39.690457277	-121.824461030	1.000000000
175.000000000	39.690457277	-121.824461063	1.000000000
176.000000000	39.690457337	-121.824461127	0.000000000
177.000000000	39.690457478	-121.824461282	0.000000000
178.000000000	39.690457675	-121.824461407	0.000000000
179.000000000	39.690457788	-121.824461537	0.000000000
180.000000000	39.690457855	-121.824461540	0.000000000
181.000000000	39.690457808	-121.824461655	0.000000000
182.000000000	39.690457965	-121.824461678	0.000000000
183.000000000	39.690458115	-121.824461862	0.000000000
184.000000000	39.690458083	-121.824461895	0.000000000
185.000000000	39.690458108	-121.824461990	0.000000000
186.000000000	39.690458047	-121.824462065	0.000000000
187.000000000	39.690458270	-121.824462118	0.000000000
188.000000000	39.690458358	-121.824462175	1.000000000
189.000000000	39.690458438	-121.824462308	0.000000000
190.000000000	39.690458485	-121.824462377	0.000000000
191.000000000	39.690458567	-121.824462425	0.000000000
192.000000000	39.690458720	-121.824462557	0.000000000
193.000000000	39.690458747	-121.824462610	0.000000000
194.000000000	39.690458807	-121.824462712	0.000000000
195.000000000	39.690458863	-121.824462665	0.000000000
196.000000000	39.690458842	-121.824462698	1.000000000
197.000000000	39.690458835	-121.824462733	1.000000000
198.000000000	39.690459005	-121.824462940	1.000000000
199.000000000	39.690459212	-121.824463078	1.000000000
200.000000000	39.690459255	-121.824463128	1.000000000
201.000000000	39.690459295	-121.824463120	1.000000000
202.000000000	39.690459482	-121.824463175	1.000000000
203.000000000	39.690459268	-121.824463225	1.000000000
204.000000000	39.690459560	-121.824463262	1.000000000
205.000000000	39.690459528	-121.824463167	1.000000000
206.000000000	39.690459540	-121.824463048	1.000000000
207.000000000	39.690459635	-121.824463228	0.000000000
208.000000000	39.690458925	-121.824462637	1.000000000
209.000000000	39.690458825	-121.824462802	1.000000000
210.000000000	39.690458858	-121.824462828	1.000000000
211.000000000	39.690458918	-121.824462960	0.000000000
212.000000000	39.690459223	-121.824462970	0.000000000
213.000000000	39.690459452	-121.824462993	0.000000000
214.000000000	39.690452872	-121.824464198	0.000000000
215.000000000	39.690452745	-121.824464340	0.000000000
216.000000000	39.690452895	-121.824464268	0.000000000
217.000000000	39.690452782	-121.824464327	0.000000000
218.000000000	39.690453340	-121.824464397	0.000000000
219.000000000	39.690453835	-121.824464558	0.000000000
220.000000000	39.690453900	-121.824464530	0.000000000
221.000000000	39.690454175	-121.824464533	0.000000000
222.000000000	39.690453997	-121.824464432	1.000000000
223.000000000	39.690455577	-121.824464865	0.000000000
224.000000000	39.690456542	-121.824465125	0.000000000
225.000000000	39.690454540	-121.824464713	0.000000000
226.000000000	39.690454228	-121.824464527	1.000000000
227.000000000	39.690454642	-121.824464440	0.000000000
228.000000000	39.690454420	-121.824464345	0.000000000
229.000000000	39.690454227	-121.824464413	0.000000000
230.000000000	39.690454225	-121.824464357	0.000000000
231.000000000	39.690454367	-121.824464335	1.000000000
232.000000000	39.690454222	-121.824464335	0.000000000
233.000000000	39.690454120	-121.824464387	0.000000000
234.000000000	39.690454702	-121.824464237	1.000000000
235.000000000	39.690454632	-121.824464068	0.000000000
236.000000000	39.690454938	-121.824464105	0.000000000
237.000000000	39.690455063	-121.824464082	0.000000000
238.000000000	39.690454758	-121.824464088	1.000000000
239.000000000	39.690454413	-121.824464107	1.000000000
240.000000000	39.690453992	-121.824464063	0.000000000
241.000000000	39.690454125	-121.824464158	0.000000000
242.000000000	39.690453497	-121.824464190	0.000000000
243.000000000	39.690453238	-121.824464228	0.000000000
244.000000000	39.690453015	-121.824464212	0.000000000
245.000000000	39.690453167	-121.824464272	0.000000000
246.000000000	39.690453087	-121.824464290	0.000000000
247.000000000	39.690453103	-121.824464340	0.000000000
248.000000000	39.690453182	-121.824464318	0.000000000
249.000000000	39.690453157	-121.824464285	0.000000000
250.000000000	39.690452950	-121.824464143	0.000000000
251.000000000	39.690453047	-121.824464195	0.000000000
252.000000000	39.690453120	-121.824464072	0.000000000
253.000000000	39.690453315	-121.824464083	0.000000000
254.000000000	39.690453797	-121.824464028	0.000000000
255.000000000	39.690454082	-121.824463960	0.000000000
256.000000000	39.690454558	-121.824463917	0.000000000
257.000000000	39.690454980	-121.824463863	0.000000000
258.000000000	39.690455280	-121.824463803	0.000000000
259.000000000	39.690455460	-121.824463873	0.000000000
260.000000000	39.690455615	-121.824463907	0.000000000
261.000000000	39.690455602	-121.824463892	0.000000000
262.000000000	39.690455548	-121.824463795	0.000000000
263.000000000	39.690455445	-121.824463778	0.000000000
264.000000000	39.690455403	-121.824463747	0.000000000
265.000000000	39.690455385	-121.824463723	0.000000000
266.000000000	39.690455298	-121.824463680	0.000000000
267.000000000	39.690455215	-121.824463568	0.000000000
268.000000000	39.690455035	-121.824463587	0.000000000
269.000000000	39.690454855	-121.824463508	0.000000000
270.000000000	39.690454765	-121.824463467	0.000000000
271.000000000	39.690454575	-121.824463402	0.000000000
272.000000000	39.690454478	-121.824463345	0.000000000
273.000000000	39.690454358	-121.824463280	0.000000000
274.000000000	39.690454323	-121.824463247	0.000000000
275.000000000	39.690454155	-121.824463142	0.000000000
276.000000000	39.690454138	-121.824463110	0.000000000
277.000000000	39.690454028	-121.824463060	0.000000000
278.000000000	39.690454070	-121.824463003	0.000000000
279.000000000	39.690454085	-121.824462987	0.000000000
280.000000000	39.690454273	-121.824463038	0.000000000
281.000000000	39.690454398	-121.824463078	0.000000000
282.000000000	39.690454592	-121.824463088	0.000000000
283.000000000	39.690454622	-121.824463050	0.000000000
284.000000000	39.690454817	-121.824463082	0.000000000
285.000000000	39.690455108	-121.824463115	0.000000000
286.000000000	39.690455487	-121.824463080	0.000000000
287.000000000	39.690455743	-121.824463142	0.000000000
288.000000000	39.690455963	-121.824463143	1.000000000
289.000000000	39.690455878	-121.824462995	0.000000000
290.000000000	39.690455790	-121.824462990	0.000000000
291.000000000	39.690455882	-121.824462865	0.000000000
292.000000000	39.690455672	-121.824462702	0.000000000
293.000000000	39.690455672	-121.824462702	0.000000000
