0.000000000	39.690581180	-121.824446642	0.000000000
1.000000000	39.690596400	-121.824445550	0.000000000
2.000000000	39.690596218	-121.824445577	0.000000000
3.000000000	39.690595988	-121.824445612	0.000000000
4.000000000	39.690595770	-121.824445678	0.000000000
5.000000000	39.690595533	-121.824445770	0.000000000
6.000000000	39.690595443	-121.824445802	0.000000000
7.000000000	39.690595263	-121.824445787	0.000000000
8.000000000	39.690595015	-121.824445807	0.000000000
9.000000000	39.690594737	-121.824445822	0.000000000
10.000000000	39.690594862	-121.824444947	0.000000000
11.000000000	39.690594005	-121.824445303	0.000000000
12.000000000	39.690590063	-121.824436663	1.000000000
13.000000000	39.690587847	-121.824425298	0.000000000
14.000000000	39.690588530	-121.824422017	0.000000000
15.000000000	39.690587083	-121.824421862	0.000000000
16.000000000	39.690585315	-121.824416705	0.000000000
17.000000000	39.690575432	-121.824406775	0.000000000
18.000000000	39.690563793	-121.824399840	0.000000000
19.000000000	39.690551320	-121.824397882	0.000000000
20.000000000	39.690538877	-121.824400265	0.000000000
21.000000000	39.690527205	-121.824406780	0.000000000
22.000000000	39.690519748	-121.824416267	0.000000000
23.000000000	39.690511353	-121.824428502	0.000000000
24.000000000	39.690504997	-121.824442812	0.000000000
25.000000000	39.690500520	-121.824458213	0.000000000
26.000000000	39.690497722	-121.824474490	0.000000000
27.000000000	39.690496357	-121.824490913	0.000000000
28.000000000	39.690495722	-121.824507188	0.000000000
29.000000000	39.690491687	-121.824521968	0.000000000
30.000000000	39.690485632	-121.824535100	0.000000000
31.000000000	39.690478122	-121.824546797	0.000000000
32.000000000	39.690471068	-121.824556502	0.000000000
33.000000000	39.690468125	-121.824563865	0.000000000
34.000000000	39.690467268	-121.824566280	0.000000000
35.000000000	39.690466518	-121.824571585	0.000000000
36.000000000	39.690463635	-121.824586595	0.000000000
37.000000000	39.690462288	-121.824602333	0.000000000
38.000000000	39.690465252	-121.824618372	0.000000000
39.000000000	39.690471365	-121.824633333	0.000000000
40.000000000	39.690480505	-121.824645652	0.000000000
41.000000000	39.690491617	-121.824654903	0.000000000
42.000000000	39.690504125	-121.824660513	0.000000000
43.000000000	39.690517258	-121.824662292	0.000000000
44.000000000	39.690530418	-121.824660268	0.000000000
45.000000000	39.690543418	-121.824655408	0.000000000
46.000000000	39.690555230	-121.824648632	0.000000000
47.000000000	39.690566463	-121.824640562	0.000000000
48.000000000	39.690578137	-121.824634983	0.000000000
49.000000000	39.690590682	-121.824629655	0.000000000
50.000000000	39.690603258	-121.824628735	0.000000000
51.000000000	39.690615770	-121.824629078	0.000000000
52.000000000	39.690625683	-121.824627895	0.000000000
53.000000000	39.690638055	-121.824623097	0.000000000
54.000000000	39.690649580	-121.824615810	0.000000000
55.000000000	39.690660458	-121.824607272	0.000000000
56.000000000	39.690672307	-121.824602770	0.000000000
57.000000000	39.690684307	-121.824601458	0.000000000
58.000000000	39.690696345	-121.824603030	0.000000000
59.000000000	39.690708377	-121.824605765	0.000000000
60.000000000	39.690721103	-121.824603325	0.000000000
61.000000000	39.690733267	-121.824597567	0.000000000
62.000000000	39.690744447	-121.824589055	0.000000000
63.000000000	39.690754583	-121.824579038	0.000000000
64.000000000	39.690765837	-121.824573452	0.000000000
65.000000000	39.690777672	-121.824572627	0.000000000
66.000000000	39.690788140	-121.824575233	0.000000000
67.000000000	39.690794350	-121.824577985	0.000000000
68.000000000	39.690796362	-121.824579243	0.000000000
69.000000000	39.690800115	-121.824580347	0.000000000
70.000000000	39.690812557	-121.824578468	0.000000000
71.000000000	39.690824168	-121.824572228	0.000000000
72.000000000	39.690834272	-121.824561925	0.000000000
73.000000000	39.690841818	-121.824548420	0.000000000
74.000000000	39.690846663	-121.824532673	0.000000000
75.000000000	39.690848743	-121.824516378	0.000000000
76.000000000	39.690847975	-121.824500100	0.000000000
77.000000000	39.690844873	-121.824484237	0.000000000
78.000000000	39.690839557	-121.824469235	0.000000000
79.000000000	39.690832955	-121.824455205	0.000000000
80.000000000	39.690827890	-121.824440448	0.000000000
81.000000000	39.690823873	-121.824425427	0.000000000
82.000000000	39.690821170	-121.824410100	0.000000000
83.000000000	39.690817472	-121.824395015	0.000000000
84.000000000	39.690811067	-121.824382300	0.000000000
85.000000000	39.690806205	-121.824375433	0.000000000
86.000000000	39.690803827	-121.824372598	0.000000000
87.000000000	39.690800340	-121.824369393	0.000000000
88.000000000	39.690787577	-121.824361983	0.000000000
89.000000000	39.690775372	-121.824357245	0.000000000
90.000000000	39.690762720	-121.824355538	0.000000000
91.000000000	39.690751762	-121.824356438	0.000000000
92.000000000	39.690739283	-121.824359867	0.000000000
93.000000000	39.690727255	-121.824364613	0.000000000
94.000000000	39.690715063	-121.824366510	0.000000000
95.000000000	39.690704240	-121.824364863	0.000000000
96.000000000	39.690692820	-121.824360832	1.000000000
97.000000000	39.690681432	-121.824355717	0.000000000
98.000000000	39.690668943	-121.824354328	0.000000000
99.000000000	39.690657212	-121.824350292	0.000000000
100.000000000	39.690644500	-121.824344363	0.000000000
101.000000000	39.690631790	-121.824343093	0.000000000
102.000000000	39.690619293	-121.824345217	0.000000000
103.000000000	39.690609173	-121.824349357	0.000000000
104.000000000	39.690597538	-121.824355803	0.000000000
105.000000000	39.690586227	-121.824362942	0.000000000
106.000000000	39.690574427	-121.824365393	0.000000000
107.000000000	39.690562323	-121.824365035	0.000000000
108.000000000	39.690550670	-121.824361732	0.000000000
109.000000000	39.690539023	-121.824357565	0.000000000
110.000000000	39.690526403	-121.824358512	0.000000000
111.000000000	39.690515172	-121.824362825	0.000000000
112.000000000	39.690506673	-121.824367788	0.000000000
113.000000000	39.690505457	-121.824370000	0.000000000
114.000000000	39.690501482	-121.824372135	0.000000000
115.000000000	39.690489948	-121.824372612	0.000000000
116.000000000	39.690479568	-121.824366497	0.000000000
117.000000000	39.690471143	-121.824356292	0.000000000
118.000000000	39.690465360	-121.824343450	0.000000000
119.000000000	39.690460418	-121.824329720	0.000000000
120.000000000	39.690460318	-121.824314712	0.000000000
121.000000000	39.690463492	-121.824300108	0.000000000
122.000000000	39.690467388	-121.824286327	0.000000000
123.000000000	39.690473722	-121.824272987	0.000000000
124.000000000	39.690481992	-121.824259930	0.000000000
125.000000000	39.690485983	-121.824244258	0.000000000
126.000000000	39.690487657	-121.824227900	0.000000000
127.000000000	39.690487153	-121.824211430	0.000000000
128.000000000	39.690485618	-121.824195040	0.000000000
129.000000000	39.690487615	-121.824180503	0.000000000
130.000000000	39.690489618	-121.824172147	0.000000000
131.000000000	39.690491893	-121.824168028	0.000000000
132.000000000	39.690494547	-121.824164147	0.000000000
133.000000000	39.690503838	-121.824154940	0.000000000
134.000000000	39.690515203	-121.824149568	0.000000000
135.000000000	39.690526733	-121.824147677	0.000000000
136.000000000	39.690538720	-121.824148722	0.000000000
137.000000000	39.690550433	-121.824152272	0.000000000
138.000000000	39.690562765	-121.824153767	0.000000000
139.000000000	39.690575433	-121.824154008	0.000000000
140.000000000	39.690588062	-121.824151470	0.000000000
141.000000000	39.690599850	-121.824148667	0.000000000
142.000000000	39.690611962	-121.824150428	0.000000000
143.000000000	39.690623873	-121.824153880	0.000000000
144.000000000	39.690635970	-121.824158848	0.000000000
145.000000000	39.690647452	-121.824164917	0.000000000
146.000000000	39.690660278	-121.824166602	0.000000000
147.000000000	39.690673243	-121.824165910	0.000000000
148.000000000	39.690685513	-121.824162070	0.000000000
149.000000000	39.690697725	-121.824157528	0.000000000
150.000000000	39.690709920	-121.824157615	0.000000000
151.000000000	39.690721762	-121.824160622	0.000000000
152.000000000	39.690733002	-121.824166332	0.000000000
153.000000000	39.690744082	-121.824173150	0.000000000
154.000000000	39.690756760	-121.824175422	0.000000000
155.000000000	39.690769492	-121.824174692	0.000000000
156.000000000	39.690782047	-121.824171110	0.000000000
157.000000000	39.690793872	-121.824166178	1.000000000
158.000000000	39.690803137	-121.824165897	1.000000000
159.000000000	39.690808863	-121.824166732	1.000000000
160.000000000	39.690811887	-121.824166832	1.000000000
161.000000000	39.690819273	-121.824168222	1.000000000
162.000000000	39.690829757	-121.824173707	0.000000000
163.000000000	39.690837335	-121.824184802	0.000000000
164.000000000	39.690845595	-121.824196227	0.000000000
165.000000000	39.690856982	-121.824203498	0.000000000
166.000000000	39.690869483	-121.824206545	0.000000000
167.000000000	39.690880950	-121.824205572	0.000000000
168.000000000	39.690893987	-121.824200435	0.000000000
169.000000000	39.690905133	-121.824193060	0.000000000
170.000000000	39.690915185	-121.824184005	0.000000000
171.000000000	39.690925682	-121.824176725	0.000000000
172.000000000	39.690935055	-121.824171192	0.000000000
173.000000000	39.690939347	-121.824170325	0.000000000
174.000000000	39.690939315	-121.824170308	0.000000000
175.000000000	39.690939162	-121.824170173	0.000000000
176.000000000	39.690939228	-121.824170162	0.000000000
177.000000000	39.690939235	-121.824170150	0.000000000
178.000000000	39.690939258	-121.824170105	0.000000000
179.000000000	39.690939285	-121.824170027	0.000000000
180.000000000	39.690939265	-121.824169963	0.000000000
181.000000000	39.690939213	-121.824169927	0.000000000
182.000000000	39.690939165	-121.824169880	0.000000000
183.000000000	39.690939170	-121.824169793	0.000000000
184.000000000	39.690938828	-121.824170112	0.000000000
185.000000000	39.690939725	-121.824171122	0.000000000
186.000000000	39.690939642	-121.824171080	1.000000000
187.000000000	39.690939588	-121.824171067	1.000000000
