0.000000000	39.690347063	-121.824610193
1.000000000	39.690352940	-121.824611127
2.000000000	39.690353580	-121.824611138
3.000000000	39.690353477	-121.824611113
4.000000000	39.690353448	-121.824611055
5.000000000	39.690353560	-121.824611018
6.000000000	39.690353625	-121.824611070
7.000000000	39.690353423	-121.824611120
8.000000000	39.690353402	-121.824611223
9.000000000	39.690353467	-121.824611300
10.000000000	39.690353500	-121.824611340
11.000000000	39.690353435	-121.824611368
12.000000000	39.690353460	-121.824611337
13.000000000	39.690353458	-121.824611352
14.000000000	39.690353545	-121.824611385
15.000000000	39.690353550	-121.824611403
16.000000000	39.690353558	-121.824611372
17.000000000	39.690353862	-121.824611370
18.000000000	39.690353912	-121.824611232
19.000000000	39.690354293	-121.824611395
20.000000000	39.690354495	-121.824611522
21.000000000	39.690352728	-121.824609108
22.000000000	39.690352843	-121.824609227
23.000000000	39.690352365	-121.824608565
24.000000000	39.690352358	-121.824608770
25.000000000	39.690352717	-121.824609230
26.000000000	39.690355570	-121.824609618
27.000000000	39.690355573	-121.824609583
28.000000000	39.690355358	-121.824609473
29.000000000	39.690355072	-121.824609218
30.000000000	39.690354538	-121.824608877
31.000000000	39.690353890	-121.824616640
32.000000000	39.690351763	-121.824631728
33.000000000	39.690353702	-121.824647545
34.000000000	39.690361553	-121.824661232
35.000000000	39.690372545	-121.824670540
36.000000000	39.690382372	-121.824675485
37.000000000	39.690388218	-121.824679377
38.000000000	39.690396517	-121.824681507
39.000000000	39.690407743	-121.824680243
40.000000000	39.690409702	-121.824679518
41.000000000	39.690409385	-121.824679793
42.000000000	39.690408577	-121.824679232
43.000000000	39.690406343	-121.824679852
44.000000000	39.690403320	-121.824679852
45.000000000	39.690401538	-121.824679472
46.000000000	39.690399433	-121.824679367
47.000000000	39.690395385	-121.824679137
48.000000000	39.690389172	-121.824678045
49.000000000	39.690381408	-121.824676658
50.000000000	39.690373428	-121.824673975
51.000000000	39.690364455	-121.824671863
52.000000000	39.690356488	-121.824668895
53.000000000	39.690348808	-121.824666840
54.000000000	39.690342828	-121.824664342
55.000000000	39.690341402	-121.824663530
56.000000000	39.690341765	-121.824663775
57.000000000	39.690341698	-121.824663785
58.000000000	39.690341788	-121.824663890
59.000000000	39.690341798	-121.824663992
60.000000000	39.690341817	-121.824664078
61.000000000	39.690341788	-121.824664073
62.000000000	39.690341792	-121.824664155
63.000000000	39.690341825	-121.824664125
64.000000000	39.690341798	-121.824664160
65.000000000	39.690341708	-121.824664157
66.000000000	39.690341660	-121.824664075
67.000000000	39.690341630	-121.824664092
68.000000000	39.690341587	-121.824664158
69.000000000	39.690341635	-121.824664173
70.000000000	39.690341562	-121.824664122
71.000000000	39.690341535	-121.824664115
72.000000000	39.690341587	-121.824664052
73.000000000	39.690341402	-121.824663992
74.000000000	39.690341362	-121.824663767
75.000000000	39.690341353	-121.824663687
76.000000000	39.690341930	-121.824664052
77.000000000	39.690343975	-121.824666443
78.000000000	39.690344517	-121.824667017
79.000000000	39.690347818	-121.824669008
80.000000000	39.690351243	-121.824670168
81.000000000	39.690351883	-121.824670463
82.000000000	39.690351752	-121.824670458
83.000000000	39.690351803	-121.824670553
84.000000000	39.690351847	-121.824670587
85.000000000	39.690351753	-121.824670627
86.000000000	39.690351788	-121.824670588
87.000000000	39.690351893	-121.824670707
88.000000000	39.690351625	-121.824670760
89.000000000	39.690351152	-121.824670540
90.000000000	39.690351858	-121.824671083
91.000000000	39.690360078	-121.824675663
92.000000000	39.690369795	-121.824676412
93.000000000	39.690372712	-121.824676220
94.000000000	39.690372038	-121.824676142
95.000000000	39.690366458	-121.824676115
96.000000000	39.690359467	-121.824674132
97.000000000	39.690355240	-121.824671547
98.000000000	39.690355467	-121.824671598
99.000000000	39.690354982	-121.824671450
100.000000000	39.690355217	-121.824671517
101.000000000	39.690355008	-121.824671553
102.000000000	39.690355062	-121.824671580
103.000000000	39.690355000	-121.824671587
104.000000000	39.690355013	-121.824671628
105.000000000	39.690355963	-121.824671900
106.000000000	39.690356070	-121.824672005
107.000000000	39.690355800	-121.824672005
108.000000000	39.690355745	-121.824672083
109.000000000	39.690356328	-121.824672160
110.000000000	39.690356322	-121.824672245
111.000000000	39.690356215	-121.824672192
112.000000000	39.690356120	-121.824672173
113.000000000	39.690356108	-121.824672222
114.000000000	39.690355328	-121.824672152
115.000000000	39.690351332	-121.824670972
116.000000000	39.690344252	-121.824668755
117.000000000	39.690336327	-121.824665713
118.000000000	39.690328702	-121.824662695
119.000000000	39.690321715	-121.824659705
120.000000000	39.690315605	-121.824656570
121.000000000	39.690311370	-121.824654653
122.000000000	39.690311117	-121.824654567
123.000000000	39.690311165	-121.824654723
124.000000000	39.690311147	-121.824654812
125.000000000	39.690311090	-121.824654838
126.000000000	39.690311065	-121.824654900
127.000000000	39.690310972	-121.824654968
128.000000000	39.690310933	-121.824655008
129.000000000	39.690310870	-121.824654962
130.000000000	39.690310782	-121.824654910
131.000000000	39.690311023	-121.824655338
132.000000000	39.690310795	-121.824655222
133.000000000	39.690310667	-121.824655138
134.000000000	39.690310630	-121.824655135
135.000000000	39.690310588	-121.824655120
136.000000000	39.690310645	-121.824655182
137.000000000	39.690310590	-121.824655143
138.000000000	39.690310632	-121.824655078
139.000000000	39.690310587	-121.824655005
140.000000000	39.690310540	-121.824654848
141.000000000	39.690310472	-121.824654762
142.000000000	39.690310377	-121.824654685
143.000000000	39.690310558	-121.824654567
144.000000000	39.690321032	-121.824656132
145.000000000	39.690326920	-121.824657897
146.000000000	39.690329367	-121.824659235
147.000000000	39.690329543	-121.824659192
148.000000000	39.690329552	-121.824659168
149.000000000	39.690329515	-121.824659220
150.000000000	39.690329352	-121.824659285
151.000000000	39.690329373	-121.824659400
152.000000000	39.690329373	-121.824659560
153.000000000	39.690329390	-121.824659732
154.000000000	39.690329435	-121.824659978
155.000000000	39.690329495	-121.824660157
156.000000000	39.690329552	-121.824660418
157.000000000	39.690329595	-121.824660632
158.000000000	39.690329608	-121.824660827
159.000000000	39.690329617	-121.824660960
160.000000000	39.690329712	-121.824661022
161.000000000	39.690329758	-121.824661023
162.000000000	39.690329847	-121.824661133
163.000000000	39.690329882	-121.824661352
164.000000000	39.690330013	-121.824661407
165.000000000	39.690330182	-121.824661723
166.000000000	39.690327005	-121.824657372
167.000000000	39.690326602	-121.824656925
168.000000000	39.690330208	-121.824657237
169.000000000	39.690342362	-121.824653847
170.000000000	39.690353433	-121.824644780
171.000000000	39.690360550	-121.824633592
172.000000000	39.690368160	-121.824622472
173.000000000	39.690376565	-121.824610992
174.000000000	39.690384388	-121.824599253
175.000000000	39.690389472	-121.824584790
176.000000000	39.690392200	-121.824569263
177.000000000	39.690397262	-121.824555662
178.000000000	39.690403960	-121.824542607
179.000000000	39.690406952	-121.824526643
180.000000000	39.690404085	-121.824509663
181.000000000	39.690398143	-121.824494763
182.000000000	39.690390723	-121.824481675
183.000000000	39.690385183	-121.824467873
184.000000000	39.690376292	-121.824456377
185.000000000	39.690363998	-121.824450930
186.000000000	39.690351258	-121.824451358
187.000000000	39.690340240	-121.824457288
188.000000000	39.690333713	-121.824462522
189.000000000	39.690326000	-121.824473588
190.000000000	39.690320875	-121.824488730
191.000000000	39.690320227	-121.824506193
192.000000000	39.690324217	-121.824522602
193.000000000	39.690332365	-121.824536215
194.000000000	39.690343448	-121.824545122
195.000000000	39.690356082	-121.824548430
196.000000000	39.690369042	-121.824545983
197.000000000	39.690380580	-121.824538197
198.000000000	39.690389800	-121.824525445
199.000000000	39.690394918	-121.824509308
200.000000000	39.690396317	-121.824492010
201.000000000	39.690392857	-121.824475775
202.000000000	39.690385127	-121.824462437
203.000000000	39.690374532	-121.824453168
204.000000000	39.690361968	-121.824449392
205.000000000	39.690349407	-121.824451272
206.000000000	39.690338457	-121.824458015
207.000000000	39.690329305	-121.824469862
208.000000000	39.690323842	-121.824484830
209.000000000	39.690322608	-121.824501877
210.000000000	39.690325897	-121.824518578
211.000000000	39.690333495	-121.824532642
212.000000000	39.690344228	-121.824542333
213.000000000	39.690356797	-121.824546625
214.000000000	39.690369870	-121.824545127
215.000000000	39.690381993	-121.824538565
216.000000000	39.690390383	-121.824531075
217.000000000	39.690396182	-121.824527293
218.000000000	39.690399968	-121.824524608
219.000000000	39.690402367	-121.824522042
220.000000000	39.690403880	-121.824520913
221.000000000	39.690404632	-121.824520412
222.000000000	39.690404933	-121.824520380
223.000000000	39.690405020	-121.824520482
224.000000000	39.690405075	-121.824520518
225.000000000	39.690406565	-121.824519325
226.000000000	39.690411043	-121.824515962
227.000000000	39.690417212	-121.824511118
228.000000000	39.690425000	-121.824505217
229.000000000	39.690431760	-121.824498072
230.000000000	39.690437427	-121.824482617
231.000000000	39.690437560	-121.824465540
232.000000000	39.690432963	-121.824449933
233.000000000	39.690424193	-121.824437557
234.000000000	39.690413157	-121.824429400
235.000000000	39.690400467	-121.824427193
236.000000000	39.690390498	-121.824428265
237.000000000	39.690385532	-121.824427913
238.000000000	39.690379822	-121.824429770
239.000000000	39.690369227	-121.824439295
240.000000000	39.690362243	-121.824451188
241.000000000	39.690358527	-121.824457277
242.000000000	39.690354780	-121.824468543
243.000000000	39.690355305	-121.824484803
244.000000000	39.690359605	-121.824500722
245.000000000	39.690367410	-121.824514113
246.000000000	39.690378867	-121.824522680
247.000000000	39.690391890	-121.824525877
248.000000000	39.690405422	-121.824522087
249.000000000	39.690417165	-121.824513333
250.000000000	39.690425175	-121.824499325
251.000000000	39.690432047	-121.824485352
252.000000000	39.690439907	-121.824475238
253.000000000	39.690444477	-121.824466885
254.000000000	39.690449017	-121.824452613
255.000000000	39.690454962	-121.824438862
256.000000000	39.690456552	-121.824422543
257.000000000	39.690452528	-121.824406830
258.000000000	39.690444387	-121.824393828
259.000000000	39.690433590	-121.824384753
260.000000000	39.690420845	-121.824381840
261.000000000	39.690408260	-121.824384890
262.000000000	39.690397202	-121.824393550
263.000000000	39.690387325	-121.824403328
264.000000000	39.690376935	-121.824410265
265.000000000	39.690367602	-121.824419910
266.000000000	39.690362592	-121.824435245
267.000000000	39.690362323	-121.824451757
268.000000000	39.690365402	-121.824467548
269.000000000	39.690372728	-121.824481188
270.000000000	39.690383640	-121.824490410
271.000000000	39.690396342	-121.824495112
272.000000000	39.690409633	-121.824493150
273.000000000	39.690418898	-121.824491943
274.000000000	39.690425838	-121.824491367
275.000000000	39.690430610	-121.824489152
276.000000000	39.690433662	-121.824488042
277.000000000	39.690435488	-121.824487253
278.000000000	39.690436208	-121.824486627
279.000000000	39.690441515	-121.824485737
280.000000000	39.690441645	-121.824485315
281.000000000	39.690441755	-121.824485248
282.000000000	39.690441247	-121.824485753
283.000000000	39.690441358	-121.824485697
284.000000000	39.690441337	-121.824485648
285.000000000	39.690441682	-121.824485667
286.000000000	39.690441607	-121.824485668
287.000000000	39.690441617	-121.824485640
288.000000000	39.690441612	-121.824485593
289.000000000	39.690441588	-121.824485612
290.000000000	39.690441557	-121.824485687
291.000000000	39.690441517	-121.824485628
292.000000000	39.690441547	-121.824485615
293.000000000	39.690441570	-121.824485585
294.000000000	39.690441697	-121.824485588
295.000000000	39.690441878	-121.824485632
296.000000000	39.690441878	-121.824485692
297.000000000	39.690441972	-121.824485727
298.000000000	39.690442075	-121.824485795
299.000000000	39.690442107	-121.824485802
300.000000000	39.690442200	-121.824485800
301.000000000	39.690442272	-121.824485872
302.000000000	39.690442345	-121.824485948
303.000000000	39.690442442	-121.824485937
304.000000000	39.690442503	-121.824485987
305.000000000	39.690442555	-121.824486008
306.000000000	39.690442625	-121.824486023
307.000000000	39.690442567	-121.824485997
308.000000000	39.690442585	-121.824485992
309.000000000	39.690442585	-121.824485992
