0.000000000	39.689387485	-121.823879032	0.000000000
1.000000000	39.689397203	-121.823888230	0.000000000
2.000000000	39.689400033	-121.823886015	0.000000000
3.000000000	39.689401032	-121.823885437	0.000000000
4.000000000	39.689401177	-121.823885857	0.000000000
5.000000000	39.689409012	-121.823871305	0.000000000
6.000000000	39.689408950	-121.823869372	0.000000000
7.000000000	39.689407225	-121.823870650	0.000000000
8.000000000	39.689413193	-121.823867652	0.000000000
9.000000000	39.689416215	-121.823866473	0.000000000
10.000000000	39.689407452	-121.823869300	0.000000000
11.000000000	39.689422090	-121.823856883	0.000000000
12.000000000	39.689442368	-121.823855697	0.000000000
13.000000000	39.689459203	-121.823859668	0.000000000
14.000000000	39.689477330	-121.823853230	0.000000000
15.000000000	39.689479703	-121.823851265	0.000000000
16.000000000	39.689490157	-121.823807640	0.000000000
17.000000000	39.689509235	-121.823800307	0.000000000
18.000000000	39.689503107	-121.823772945	0.000000000
19.000000000	39.689482485	-121.823754098	0.000000000
20.000000000	39.689461245	-121.823753523	0.000000000
21.000000000	39.689426212	-121.823778060	0.000000000
22.000000000	39.689417417	-121.823800110	0.000000000
23.000000000	39.689408905	-121.823815823	0.000000000
24.000000000	39.689403530	-121.823826685	0.000000000
25.000000000	39.689399890	-121.823833892	0.000000000
26.000000000	39.689396862	-121.823838685	0.000000000
27.000000000	39.689394795	-121.823840620	0.000000000
28.000000000	39.689393925	-121.823841065	0.000000000
29.000000000	39.689392510	-121.823841465	0.000000000
30.000000000	39.689390953	-121.823842210	0.000000000
31.000000000	39.689389892	-121.823842450	0.000000000
32.000000000	39.689389563	-121.823842695	0.000000000
33.000000000	39.689389177	-121.823842178	0.000000000
34.000000000	39.689388202	-121.823842547	0.000000000
35.000000000	39.689386628	-121.823842957	0.000000000
36.000000000	39.689384938	-121.823843458	0.000000000
37.000000000	39.689383510	-121.823843860	0.000000000
38.000000000	39.689382392	-121.823844187	0.000000000
39.000000000	39.689381233	-121.823844292	0.000000000
40.000000000	39.689380297	-121.823844510	0.000000000
41.000000000	39.689379442	-121.823844768	0.000000000
42.000000000	39.689378795	-121.823844852	0.000000000
43.000000000	39.689378282	-121.823844927	0.000000000
44.000000000	39.689377635	-121.823845002	0.000000000
45.000000000	39.689378443	-121.823844015	0.000000000
46.000000000	39.689378283	-121.823843977	0.000000000
47.000000000	39.689378750	-121.823843723	0.000000000
48.000000000	39.689378917	-121.823843578	0.000000000
49.000000000	39.689377882	-121.823844090	0.000000000
50.000000000	39.689376950	-121.823844557	0.000000000
51.000000000	39.689376408	-121.823844880	0.000000000
52.000000000	39.689376013	-121.823845100	0.000000000
53.000000000	39.689375893	-121.823845215	0.000000000
54.000000000	39.689376447	-121.823844990	0.000000000
55.000000000	39.689377052	-121.823844813	0.000000000
56.000000000	39.689378098	-121.823844407	0.000000000
57.000000000	39.689379428	-121.823843878	0.000000000
58.000000000	39.689380908	-121.823843105	0.000000000
59.000000000	39.689382238	-121.823842383	0.000000000
60.000000000	39.689383600	-121.823841602	0.000000000
61.000000000	39.689384938	-121.823840748	0.000000000
62.000000000	39.689385877	-121.823840050	0.000000000
63.000000000	39.689386422	-121.823839618	0.000000000
64.000000000	39.689386850	-121.823839312	1.000000000
65.000000000	39.689386920	-121.823839178	1.000000000
66.000000000	39.689387052	-121.823839133	1.000000000
67.000000000	39.689387385	-121.823838848	1.000000000
68.000000000	39.689387427	-121.823838843	1.000000000
69.000000000	39.689388483	-121.823838213	1.000000000
70.000000000	39.689388620	-121.823838142	1.000000000
71.000000000	39.689388492	-121.823838118	1.000000000
72.000000000	39.689386988	-121.823838987	1.000000000
73.000000000	39.689386617	-121.823839143	1.000000000
74.000000000	39.689387230	-121.823838773	1.000000000
75.000000000	39.689387467	-121.823838658	1.000000000
76.000000000	39.689387187	-121.823838693	1.000000000
77.000000000	39.689387350	-121.823838543	1.000000000
78.000000000	39.689387538	-121.823838235	1.000000000
79.000000000	39.689388137	-121.823837795	1.000000000
80.000000000	39.689388990	-121.823837180	1.000000000
81.000000000	39.689389968	-121.823836613	1.000000000
82.000000000	39.689390887	-121.823836055	1.000000000
83.000000000	39.689391905	-121.823835523	1.000000000
84.000000000	39.689392793	-121.823835102	1.000000000
85.000000000	39.689393527	-121.823834625	1.000000000
86.000000000	39.689393947	-121.823834445	1.000000000
87.000000000	39.689394277	-121.823834278	0.000000000
88.000000000	39.689394352	-121.823834198	0.000000000
89.000000000	39.689394065	-121.823832647	0.000000000
90.000000000	39.689394318	-121.823832640	0.000000000
91.000000000	39.689394298	-121.823832933	0.000000000
92.000000000	39.689394575	-121.823832857	0.000000000
93.000000000	39.689394862	-121.823832885	0.000000000
94.000000000	39.689395042	-121.823832888	0.000000000
95.000000000	39.689395183	-121.823833072	0.000000000
96.000000000	39.689395243	-121.823833238	0.000000000
97.000000000	39.689395420	-121.823833447	0.000000000
98.000000000	39.689395542	-121.823833580	0.000000000
99.000000000	39.689395735	-121.823833753	0.000000000
100.000000000	39.689395988	-121.823833872	0.000000000
101.000000000	39.689396197	-121.823833990	0.000000000
102.000000000	39.689395900	-121.823835203	0.000000000
103.000000000	39.689393760	-121.823845977	0.000000000
104.000000000	39.689392810	-121.823858337	0.000000000
105.000000000	39.689392072	-121.823870912	1.000000000
106.000000000	39.689393668	-121.823883218	0.000000000
107.000000000	39.689392673	-121.823895073	0.000000000
108.000000000	39.689389773	-121.823905882	0.000000000
109.000000000	39.689385497	-121.823915255	0.000000000
110.000000000	39.689380405	-121.823924183	1.000000000
111.000000000	39.689374550	-121.823930932	1.000000000
112.000000000	39.689368330	-121.823933453	1.000000000
113.000000000	39.689363370	-121.823933467	1.000000000
114.000000000	39.689355967	-121.823930555	0.000000000
115.000000000	39.689346057	-121.823924830	0.000000000
116.000000000	39.689339032	-121.823918075	0.000000000
117.000000000	39.689330140	-121.823915688	0.000000000
118.000000000	39.689325900	-121.823915782	0.000000000
119.000000000	39.689325785	-121.823915868	0.000000000
120.000000000	39.689324617	-121.823916045	1.000000000
121.000000000	39.689324227	-121.823915815	0.000000000
122.000000000	39.689324458	-121.823915702	0.000000000
123.000000000	39.689324467	-121.823915535	1.000000000
124.000000000	39.689325903	-121.823916227	1.000000000
125.000000000	39.689326490	-121.823916460	1.000000000
126.000000000	39.689327465	-121.823917102	1.000000000
127.000000000	39.689330428	-121.823918488	1.000000000
128.000000000	39.689336558	-121.823920762	1.000000000
129.000000000	39.689344338	-121.823923620	1.000000000
130.000000000	39.689353405	-121.823926687	1.000000000
131.000000000	39.689362422	-121.823929940	1.000000000
132.000000000	39.689368968	-121.823932020	1.000000000
133.000000000	39.689372518	-121.823933995	1.000000000
134.000000000	39.689372528	-121.823934185	1.000000000
135.000000000	39.689372277	-121.823934022	1.000000000
136.000000000	39.689372090	-121.823933903	1.000000000
137.000000000	39.689371705	-121.823934292	1.000000000
138.000000000	39.689371312	-121.823934498	1.000000000
139.000000000	39.689375605	-121.823934873	1.000000000
140.000000000	39.689376280	-121.823935615	1.000000000
141.000000000	39.689375388	-121.823935230	0.000000000
142.000000000	39.689375803	-121.823935238	0.000000000
143.000000000	39.689375862	-121.823935308	1.000000000
144.000000000	39.689374842	-121.823935917	0.000000000
145.000000000	39.689374208	-121.823935892	0.000000000
146.000000000	39.689369410	-121.823934265	0.000000000
147.000000000	39.689369508	-121.823935227	0.000000000
148.000000000	39.689369627	-121.823935402	0.000000000
149.000000000	39.689371688	-121.823934667	0.000000000
150.000000000	39.689372008	-121.823934585	1.000000000
151.000000000	39.689372642	-121.823934970	1.000000000
152.000000000	39.689373198	-121.823936715	1.000000000
153.000000000	39.689376703	-121.823936395	1.000000000
154.000000000	39.689378102	-121.823937333	1.000000000
155.000000000	39.689379500	-121.823938268	1.000000000
156.000000000	39.689377718	-121.823938878	1.000000000
157.000000000	39.689376428	-121.823939370	1.000000000
158.000000000	39.689375878	-121.823939530	0.000000000
159.000000000	39.689375592	-121.823939642	0.000000000
160.000000000	39.689375275	-121.823939002	1.000000000
161.000000000	39.689375275	-121.823939002	1.000000000
162.000000000	39.689375358	-121.823939268	0.000000000
163.000000000	39.689375415	-121.823939267	1.000000000
164.000000000	39.689375415	-121.823939267	0.000000000
165.000000000	39.689375380	-121.823939282	0.000000000
166.000000000	39.689375462	-121.823939463	0.000000000
167.000000000	39.689375583	-121.823939457	1.000000000
168.000000000	39.689375590	-121.823939597	0.000000000
169.000000000	39.689375642	-121.823939413	0.000000000
170.000000000	39.689376075	-121.823938972	0.000000000
171.000000000	39.689376243	-121.823938928	0.000000000
172.000000000	39.689382025	-121.823935798	0.000000000
173.000000000	39.689384043	-121.823934772	0.000000000
174.000000000	39.689389160	-121.823937062	0.000000000
175.000000000	39.689388588	-121.823938008	1.000000000
176.000000000	39.689389508	-121.823938828	0.000000000
177.000000000	39.689409523	-121.823950287	0.000000000
178.000000000	39.689403190	-121.823951768	0.000000000
179.000000000	39.689399467	-121.823951963	1.000000000
180.000000000	39.689381998	-121.823944683	0.000000000
181.000000000	39.689380945	-121.823945347	0.000000000
182.000000000	39.689379008	-121.823945520	0.000000000
183.000000000	39.689379093	-121.823945653	1.000000000
184.000000000	39.689381955	-121.823943492	1.000000000
185.000000000	39.689380792	-121.823944100	0.000000000
186.000000000	39.689383247	-121.823942202	0.000000000
187.000000000	39.689379277	-121.823944117	0.000000000
188.000000000	39.689379902	-121.823943485	0.000000000
189.000000000	39.689371330	-121.823945370	0.000000000
190.000000000	39.689362855	-121.823950848	0.000000000
191.000000000	39.689356683	-121.823955957	0.000000000
192.000000000	39.689351733	-121.823965087	0.000000000
193.000000000	39.689346947	-121.823976070	0.000000000
194.000000000	39.689340538	-121.823984162	0.000000000
195.000000000	39.689336198	-121.823994357	0.000000000
196.000000000	39.689334438	-121.824006722	0.000000000
197.000000000	39.689334242	-121.824018923	0.000000000
198.000000000	39.689335430	-121.824031127	0.000000000
199.000000000	39.689337278	-121.824043003	0.000000000
200.000000000	39.689339887	-121.824054763	0.000000000
201.000000000	39.689343032	-121.824065865	0.000000000
202.000000000	39.689344855	-121.824077585	0.000000000
203.000000000	39.689348888	-121.824087842	0.000000000
204.000000000	39.689352320	-121.824099442	0.000000000
205.000000000	39.689351270	-121.824111760	0.000000000
206.000000000	39.689365237	-121.824116668	0.000000000
207.000000000	39.689370728	-121.824126135	0.000000000
208.000000000	39.689373880	-121.824137152	0.000000000
209.000000000	39.689376692	-121.824148478	0.000000000
210.000000000	39.689382245	-121.824158618	0.000000000
211.000000000	39.689387690	-121.824167958	0.000000000
212.000000000	39.689394683	-121.824176238	0.000000000
213.000000000	39.689405820	-121.824182885	0.000000000
214.000000000	39.689413080	-121.824191465	0.000000000
215.000000000	39.689416365	-121.824201687	0.000000000
216.000000000	39.689419412	-121.824212622	0.000000000
217.000000000	39.689419543	-121.824224288	0.000000000
218.000000000	39.689422855	-121.824235152	0.000000000
219.000000000	39.689429222	-121.824244150	0.000000000
220.000000000	39.689434510	-121.824253587	0.000000000
221.000000000	39.689436907	-121.824264585	0.000000000
222.000000000	39.689436587	-121.824276400	0.000000000
223.000000000	39.689437367	-121.824287273	0.000000000
224.000000000	39.689436498	-121.824299083	0.000000000
225.000000000	39.689438103	-121.824308957	0.000000000
226.000000000	39.689436632	-121.824320692	0.000000000
227.000000000	39.689433957	-121.824331785	0.000000000
228.000000000	39.689430193	-121.824342518	0.000000000
229.000000000	39.689426577	-121.824353105	0.000000000
230.000000000	39.689425560	-121.824365260	0.000000000
231.000000000	39.689425235	-121.824377387	0.000000000
232.000000000	39.689426418	-121.824389385	0.000000000
233.000000000	39.689427578	-121.824401140	0.000000000
234.000000000	39.689425917	-121.824412823	0.000000000
235.000000000	39.689423943	-121.824424467	0.000000000
236.000000000	39.689422985	-121.824436063	0.000000000
237.000000000	39.689422507	-121.824447920	0.000000000
238.000000000	39.689423365	-121.824459995	0.000000000
239.000000000	39.689423692	-121.824471805	0.000000000
240.000000000	39.689420487	-121.824483602	0.000000000
241.000000000	39.689417510	-121.824494733	0.000000000
242.000000000	39.689413048	-121.824504248	0.000000000
243.000000000	39.689405332	-121.824512933	0.000000000
244.000000000	39.689397648	-121.824519287	0.000000000
245.000000000	39.689389598	-121.824524343	0.000000000
246.000000000	39.689381100	-121.824527768	0.000000000
247.000000000	39.689372545	-121.824530432	0.000000000
248.000000000	39.689363650	-121.824532305	0.000000000
249.000000000	39.689354767	-121.824533243	0.000000000
250.000000000	39.689346658	-121.824537377	0.000000000
251.000000000	39.689338783	-121.824541660	1.000000000
252.000000000	39.689333522	-121.824543887	1.000000000
253.000000000	39.689330858	-121.824544888	1.000000000
254.000000000	39.689330463	-121.824544950	1.000000000
255.000000000	39.689330332	-121.824544575	1.000000000
256.000000000	39.689330022	-121.824544307	1.000000000
257.000000000	39.689329742	-121.824544000	1.000000000
258.000000000	39.689329277	-121.824543848	1.000000000
259.000000000	39.689328790	-121.824543707	1.000000000
260.000000000	39.689328565	-121.824543637	1.000000000
261.000000000	39.689328352	-121.824543658	1.000000000
262.000000000	39.689328443	-121.824543463	1.000000000
263.000000000	39.689329608	-121.824543838	1.000000000
264.000000000	39.689328795	-121.824543842	1.000000000
265.000000000	39.689328775	-121.824543717	1.000000000
266.000000000	39.689328377	-121.824543713	1.000000000
267.000000000	39.689328148	-121.824543650	1.000000000
268.000000000	39.689327922	-121.824543550	1.000000000
269.000000000	39.689327778	-121.824543387	1.000000000
270.000000000	39.689327888	-121.824543325	1.000000000
271.000000000	39.689327500	-121.824543620	1.000000000
272.000000000	39.689327793	-121.824543705	1.000000000
273.000000000	39.689328143	-121.824543730	1.000000000
274.000000000	39.689328487	-121.824543748	1.000000000
275.000000000	39.689328650	-121.824543765	1.000000000
276.000000000	39.689328860	-121.824543762	1.000000000
277.000000000	39.689329433	-121.824543753	1.000000000
278.000000000	39.689329895	-121.824543728	1.000000000
279.000000000	39.689330068	-121.824543763	1.000000000
280.000000000	39.689330273	-121.824543827	1.000000000
281.000000000	39.689330165	-121.824543827	1.000000000
282.000000000	39.689330357	-121.824543620	1.000000000
283.000000000	39.689330137	-121.824543467	1.000000000
284.000000000	39.689333427	-121.824539993	1.000000000
285.000000000	39.689332738	-121.824540577	1.000000000
286.000000000	39.689332178	-121.824540882	1.000000000
287.000000000	39.689331857	-121.824541050	1.000000000
288.000000000	39.689333112	-121.824541640	1.000000000
289.000000000	39.689334418	-121.824542168	1.000000000
290.000000000	39.689334563	-121.824542238	1.000000000
291.000000000	39.689334985	-121.824542195	1.000000000
292.000000000	39.689335270	-121.824542132	1.000000000
293.000000000	39.689335562	-121.824542095	1.000000000
294.000000000	39.689335638	-121.824542042	1.000000000
295.000000000	39.689335337	-121.824541828	1.000000000
296.000000000	39.689334940	-121.824542268	1.000000000
297.000000000	39.689334983	-121.824542423	1.000000000
298.000000000	39.689334948	-121.824542582	1.000000000
299.000000000	39.689334980	-121.824542663	1.000000000
300.000000000	39.689334993	-121.824542828	1.000000000
301.000000000	39.689335095	-121.824542910	1.000000000
302.000000000	39.689334905	-121.824542935	1.000000000
303.000000000	39.689334637	-121.824542980	1.000000000
304.000000000	39.689334645	-121.824543070	1.000000000
305.000000000	39.689334732	-121.824543243	1.000000000
306.000000000	39.689335098	-121.824543010	1.000000000
307.000000000	39.689335283	-121.824542895	1.000000000
308.000000000	39.689335330	-121.824542777	1.000000000
309.000000000	39.689335410	-121.824542620	1.000000000
310.000000000	39.689335483	-121.824542420	1.000000000
311.000000000	39.689335547	-121.824542345	1.000000000
312.000000000	39.689335727	-121.824542208	0.000000000
313.000000000	39.689331617	-121.824541787	0.000000000
314.000000000	39.689323290	-121.824540007	0.000000000
315.000000000	39.689314960	-121.824536207	0.000000000
316.000000000	39.689307148	-121.824530848	0.000000000
317.000000000	39.689299480	-121.824524442	0.000000000
318.000000000	39.689292563	-121.824516100	0.000000000
319.000000000	39.689284697	-121.824509860	0.000000000
320.000000000	39.689276487	-121.824504298	0.000000000
321.000000000	39.689267060	-121.824501147	0.000000000
322.000000000	39.689257827	-121.824498430	0.000000000
323.000000000	39.689248912	-121.824494605	0.000000000
324.000000000	39.689240172	-121.824490318	0.000000000
325.000000000	39.689232760	-121.824483520	0.000000000
326.000000000	39.689225493	-121.824476558	0.000000000
327.000000000	39.689216263	-121.824472668	0.000000000
328.000000000	39.689207722	-121.824467538	0.000000000
329.000000000	39.689201668	-121.824459483	0.000000000
330.000000000	39.689199115	-121.824448547	0.000000000
331.000000000	39.689196498	-121.824438210	0.000000000
332.000000000	39.689195682	-121.824427608	0.000000000
333.000000000	39.689197932	-121.824416507	0.000000000
334.000000000	39.689201347	-121.824405747	0.000000000
335.000000000	39.689204980	-121.824396002	0.000000000
336.000000000	39.689209478	-121.824387663	0.000000000
337.000000000	39.689214833	-121.824380588	0.000000000
338.000000000	39.689221767	-121.824374188	0.000000000
339.000000000	39.689229918	-121.824368807	0.000000000
340.000000000	39.689238285	-121.824363707	0.000000000
341.000000000	39.689245628	-121.824357687	0.000000000
342.000000000	39.689253065	-121.824351032	0.000000000
343.000000000	39.689260170	-121.824342662	0.000000000
344.000000000	39.689267333	-121.824334523	0.000000000
345.000000000	39.689275712	-121.824329165	0.000000000
346.000000000	39.689284518	-121.824325082	0.000000000
347.000000000	39.689293047	-121.824321330	0.000000000
348.000000000	39.689300670	-121.824313833	0.000000000
349.000000000	39.689306753	-121.824303955	1.000000000
350.000000000	39.689310713	-121.824292865	0.000000000
351.000000000	39.689312630	-121.824280577	0.000000000
352.000000000	39.689314305	-121.824268633	0.000000000
353.000000000	39.689315387	-121.824256640	0.000000000
354.000000000	39.689316415	-121.824244638	0.000000000
355.000000000	39.689318213	-121.824232892	0.000000000
356.000000000	39.689319953	-121.824221312	0.000000000
357.000000000	39.689321732	-121.824209923	0.000000000
358.000000000	39.689323402	-121.824198352	0.000000000
359.000000000	39.689325325	-121.824186857	0.000000000
360.000000000	39.689326947	-121.824175257	0.000000000
361.000000000	39.689328757	-121.824163557	0.000000000
362.000000000	39.689330903	-121.824152623	0.000000000
363.000000000	39.689334607	-121.824143518	0.000000000
364.000000000	39.689338887	-121.824133192	0.000000000
365.000000000	39.689341072	-121.824122450	0.000000000
366.000000000	39.689342498	-121.824110550	0.000000000
367.000000000	39.689344437	-121.824097267	0.000000000
368.000000000	39.689343338	-121.824085258	0.000000000
369.000000000	39.689343353	-121.824072527	0.000000000
370.000000000	39.689341978	-121.824060555	0.000000000
371.000000000	39.689342940	-121.824048722	0.000000000
372.000000000	39.689344502	-121.824037250	0.000000000
373.000000000	39.689344933	-121.824025402	0.000000000
374.000000000	39.689345603	-121.824013415	0.000000000
375.000000000	39.689346127	-121.824001560	0.000000000
376.000000000	39.689346978	-121.823989642	0.000000000
377.000000000	39.689347802	-121.823977918	0.000000000
378.000000000	39.689349057	-121.823966170	0.000000000
379.000000000	39.689352562	-121.823954587	0.000000000
380.000000000	39.689356762	-121.823946177	0.000000000
381.000000000	39.689362110	-121.823938512	0.000000000
382.000000000	39.689368085	-121.823931282	0.000000000
383.000000000	39.689372523	-121.823921677	0.000000000
384.000000000	39.689376318	-121.823911090	0.000000000
385.000000000	39.689379602	-121.823897220	0.000000000
386.000000000	39.689383097	-121.823887167	0.000000000
387.000000000	39.689385763	-121.823881258	0.000000000
388.000000000	39.689387135	-121.823878200	0.000000000
389.000000000	39.689387727	-121.823876335	0.000000000
390.000000000	39.689387770	-121.823877932	0.000000000
391.000000000	39.689387540	-121.823878260	0.000000000
392.000000000	39.689386305	-121.823877582	0.000000000
393.000000000	39.689386038	-121.823875767	0.000000000
394.000000000	39.689385212	-121.823876290	1.000000000
