0.000000000	39.690327000	-121.824280000
1.000000000	39.690578675	-121.824247945
2.000000000	39.690579503	-121.824244183
3.000000000	39.690578883	-121.824244677
4.000000000	39.690577523	-121.824243377
5.000000000	39.690583165	-121.824244125
6.000000000	39.690578103	-121.824244523
7.000000000	39.690564498	-121.824250912
8.000000000	39.690543805	-121.824263593
9.000000000	39.690522555	-121.824280807
10.000000000	39.690508198	-121.824305583
11.000000000	39.690504402	-121.824335398
12.000000000	39.690502345	-121.824365472
13.000000000	39.690501903	-121.824395227
14.000000000	39.690498538	-121.824417707
15.000000000	39.690489935	-121.824429962
16.000000000	39.690478300	-121.824442450
17.000000000	39.690465640	-121.824466857
18.000000000	39.690465593	-121.824496228
19.000000000	39.690477527	-121.824519602
20.000000000	39.690485510	-121.824536520
21.000000000	39.690486658	-121.824549640
22.000000000	39.690486587	-121.824557080
23.000000000	39.690489152	-121.824565715
24.000000000	39.690500132	-121.824578178
25.000000000	39.690508380	-121.824583205
26.000000000	39.690513128	-121.824586962
27.000000000	39.690519143	-121.824587742
28.000000000	39.690536302	-121.824581588
29.000000000	39.690547958	-121.824571060
30.000000000	39.690556977	-121.824566598
31.000000000	39.690563330	-121.824567078
32.000000000	39.690566518	-121.824567653
33.000000000	39.690567695	-121.824567415
34.000000000	39.690567813	-121.824566753
35.000000000	39.690567295	-121.824567072
36.000000000	39.690566923	-121.824560498
37.000000000	39.690557190	-121.824569447
38.000000000	39.690546970	-121.824571085
39.000000000	39.690532763	-121.824572587
40.000000000	39.690516555	-121.824572768
41.000000000	39.690499922	-121.824571262
42.000000000	39.690485273	-121.824568232
43.000000000	39.690475748	-121.824565813
44.000000000	39.690472367	-121.824564917
45.000000000	39.690473283	-121.824565490
46.000000000	39.690474102	-121.824565738
47.000000000	39.690474530	-121.824566367
48.000000000	39.690474808	-121.824566985
49.000000000	39.690474747	-121.824567128
50.000000000	39.690474800	-121.824567427
51.000000000	39.690477802	-121.824569717
52.000000000	39.690487293	-121.824578972
53.000000000	39.690494503	-121.824591725
54.000000000	39.690499598	-121.824605992
55.000000000	39.690507220	-121.824618328
56.000000000	39.690519157	-121.824625243
57.000000000	39.690532568	-121.824626592
58.000000000	39.690544742	-121.824623423
59.000000000	39.690556193	-121.824616385
60.000000000	39.690566333	-121.824606685
61.000000000	39.690577698	-121.824600395
62.000000000	39.690590045	-121.824597557
63.000000000	39.690602438	-121.824596933
64.000000000	39.690614725	-121.824597540
65.000000000	39.690627048	-121.824595393
66.000000000	39.690639185	-121.824592850
67.000000000	39.690651227	-121.824589450
68.000000000	39.690663082	-121.824585347
69.000000000	39.690674918	-121.824581805
70.000000000	39.690687093	-121.824580598
71.000000000	39.690699297	-121.824581070
72.000000000	39.690711357	-121.824581777
73.000000000	39.690723748	-121.824580325
74.000000000	39.690736117	-121.824578367
75.000000000	39.690748430	-121.824575627
76.000000000	39.690760538	-121.824573463
77.000000000	39.690772728	-121.824573553
78.000000000	39.690784767	-121.824573293
79.000000000	39.690796163	-121.824567132
80.000000000	39.690804485	-121.824555443
81.000000000	39.690810097	-121.824540795
82.000000000	39.690812143	-121.824524493
83.000000000	39.690810907	-121.824508357
84.000000000	39.690807227	-121.824492862
85.000000000	39.690802238	-121.824478077
86.000000000	39.690796540	-121.824463895
87.000000000	39.690794128	-121.824449043
88.000000000	39.690793897	-121.824434140
89.000000000	39.690795313	-121.824419188
90.000000000	39.690797428	-121.824403917
91.000000000	39.690797445	-121.824388122
92.000000000	39.690796487	-121.824372395
93.000000000	39.690790508	-121.824358307
94.000000000	39.690780900	-121.824347492
95.000000000	39.690768928	-121.824341317
96.000000000	39.690756055	-121.824339640
97.000000000	39.690743375	-121.824342215
98.000000000	39.690731412	-121.824348017
99.000000000	39.690720105	-121.824354728
100.000000000	39.690708870	-121.824360083
101.000000000	39.690696928	-121.824362143
102.000000000	39.690684923	-121.824362792
103.000000000	39.690673005	-121.824362153
104.000000000	39.690660965	-121.824361332
105.000000000	39.690648787	-121.824362360
106.000000000	39.690636643	-121.824364033
107.000000000	39.690624587	-121.824366155
108.000000000	39.690612458	-121.824369098
109.000000000	39.690600488	-121.824372490
110.000000000	39.690588470	-121.824375107
111.000000000	39.690576513	-121.824374928
112.000000000	39.690564597	-121.824373703
113.000000000	39.690552567	-121.824371890
114.000000000	39.690540420	-121.824370445
115.000000000	39.690528053	-121.824374112
116.000000000	39.690516270	-121.824379238
117.000000000	39.690504358	-121.824379520
118.000000000	39.690493565	-121.824374548
119.000000000	39.690483997	-121.824366163
120.000000000	39.690476043	-121.824355285
121.000000000	39.690469802	-121.824342297
122.000000000	39.690465662	-121.824327988
123.000000000	39.690463847	-121.824313048
124.000000000	39.690464015	-121.824297835
125.000000000	39.690465853	-121.824282908
126.000000000	39.690469140	-121.824267897
127.000000000	39.690473445	-121.824253417
128.000000000	39.690478142	-121.824239077
129.000000000	39.690481322	-121.824223700
130.000000000	39.690484132	-121.824208177
131.000000000	39.690487437	-121.824193035
132.000000000	39.690492630	-121.824178878
133.000000000	39.690500723	-121.824168173
134.000000000	39.690510312	-121.824159768
135.000000000	39.690521467	-121.824153813
136.000000000	39.690533155	-121.824150407
137.000000000	39.690545010	-121.824149490
138.000000000	39.690557005	-121.824150343
139.000000000	39.690568775	-121.824152410
140.000000000	39.690580865	-121.824154663
141.000000000	39.690593365	-121.824154842
142.000000000	39.690605770	-121.824154595
143.000000000	39.690618132	-121.824153670
144.000000000	39.690630292	-121.824153430
145.000000000	39.690642460	-121.824155033
146.000000000	39.690654612	-121.824156258
147.000000000	39.690667050	-121.824156453
148.000000000	39.690679327	-121.824156012
149.000000000	39.690691285	-121.824154495
150.000000000	39.690703430	-121.824153873
151.000000000	39.690715358	-121.824155690
152.000000000	39.690727502	-121.824157707
153.000000000	39.690739747	-121.824157488
154.000000000	39.690752093	-121.824157035
155.000000000	39.690764273	-121.824156025
156.000000000	39.690776357	-121.824155698
157.000000000	39.690788273	-121.824157568
158.000000000	39.690800205	-121.824159435
159.000000000	39.690812540	-121.824159592
160.000000000	39.690824725	-121.824159057
161.000000000	39.690840798	-121.824152372
162.000000000	39.690852842	-121.824152102
163.000000000	39.690860493	-121.824161217
164.000000000	39.690871983	-121.824165760
165.000000000	39.690884330	-121.824164878
166.000000000	39.690896077	-121.824161618
167.000000000	39.690907782	-121.824160162
168.000000000	39.690919283	-121.824161018
169.000000000	39.690929968	-121.824165023
170.000000000	39.690939242	-121.824169290
171.000000000	39.690943905	-121.824170505
172.000000000	39.690944410	-121.824170577
173.000000000	39.690943917	-121.824170368
174.000000000	39.690943747	-121.824170593
