0.000000000	39.690327000	-121.824280000	0.000000000
1.000000000	39.689462403	-121.823825953	1.000000000
2.000000000	39.689461752	-121.823825752	1.000000000
3.000000000	39.689461125	-121.823825503	0.000000000
4.000000000	39.689460575	-121.823825357	1.000000000
5.000000000	39.689459933	-121.823825342	0.000000000
6.000000000	39.689459837	-121.823825407	0.000000000
7.000000000	39.689459785	-121.823825333	0.000000000
8.000000000	39.689456257	-121.823825200	0.000000000
9.000000000	39.689457898	-121.823825362	1.000000000
10.000000000	39.689452243	-121.823825097	1.000000000
11.000000000	39.689448412	-121.823825143	1.000000000
12.000000000	39.689444662	-121.823825070	1.000000000
13.000000000	39.689441582	-121.823825188	1.000000000
14.000000000	39.689454848	-121.823825875	1.000000000
15.000000000	39.689456807	-121.823826490	1.000000000
16.000000000	39.689455723	-121.823826578	1.000000000
17.000000000	39.689454838	-121.823826567	1.000000000
18.000000000	39.689456063	-121.823826313	1.000000000
19.000000000	39.689452508	-121.823826110	0.000000000
20.000000000	39.689453903	-121.823826212	1.000000000
21.000000000	39.689456528	-121.823825852	1.000000000
22.000000000	39.689460715	-121.823824425	0.000000000
23.000000000	39.689460715	-121.823824425	0.000000000
24.000000000	39.689486565	-121.823786105	0.000000000
25.000000000	39.689488783	-121.823759278	0.000000000
26.000000000	39.689476028	-121.823738028	0.000000000
27.000000000	39.689456820	-121.823735163	0.000000000
28.000000000	39.689446302	-121.823756105	0.000000000
29.000000000	39.689432563	-121.823778538	0.000000000
30.000000000	39.689418088	-121.823793162	0.000000000
31.000000000	39.689414697	-121.823805848	0.000000000
32.000000000	39.689411682	-121.823813010	1.000000000
33.000000000	39.689410432	-121.823816503	1.000000000
34.000000000	39.689406027	-121.823813593	1.000000000
35.000000000	39.689383643	-121.823795050	1.000000000
36.000000000	39.689376492	-121.823792310	1.000000000
37.000000000	39.689372645	-121.823785828	1.000000000
38.000000000	39.689358000	-121.823772758	1.000000000
39.000000000	39.689346483	-121.823762272	1.000000000
40.000000000	39.689404733	-121.823815382	1.000000000
41.000000000	39.689404150	-121.823814845	1.000000000
42.000000000	39.689403757	-121.823814522	1.000000000
43.000000000	39.689403632	-121.823814307	1.000000000
44.000000000	39.689404428	-121.823814993	1.000000000
45.000000000	39.689405837	-121.823816450	1.000000000
46.000000000	39.689407095	-121.823817570	1.000000000
47.000000000	39.689408062	-121.823818387	1.000000000
48.000000000	39.689409045	-121.823819333	1.000000000
49.000000000	39.689409522	-121.823819608	1.000000000
50.000000000	39.689409878	-121.823819753	1.000000000
51.000000000	39.689410052	-121.823819805	1.000000000
52.000000000	39.689410357	-121.823819890	1.000000000
53.000000000	39.689411690	-121.823820638	1.000000000
54.000000000	39.689412913	-121.823821225	1.000000000
55.000000000	39.689414045	-121.823821888	1.000000000
56.000000000	39.689414970	-121.823822492	1.000000000
57.000000000	39.689415757	-121.823822913	1.000000000
58.000000000	39.689416082	-121.823822395	1.000000000
59.000000000	39.689416390	-121.823822360	1.000000000
60.000000000	39.689415422	-121.823821132	1.000000000
61.000000000	39.689413887	-121.823817427	1.000000000
62.000000000	39.689410745	-121.823809172	0.000000000
63.000000000	39.689417612	-121.823802017	1.000000000
64.000000000	39.689421040	-121.823789375	0.000000000
65.000000000	39.689424353	-121.823776478	0.000000000
66.000000000	39.689427602	-121.823766455	1.000000000
67.000000000	39.689429090	-121.823761465	1.000000000
68.000000000	39.689430362	-121.823762735	1.000000000
69.000000000	39.689430548	-121.823762170	1.000000000
70.000000000	39.689431178	-121.823762520	1.000000000
71.000000000	39.689432417	-121.823764607	1.000000000
72.000000000	39.689432930	-121.823764655	1.000000000
73.000000000	39.689427617	-121.823758955	0.000000000
74.000000000	39.689427618	-121.823758440	1.000000000
75.000000000	39.689428465	-121.823758880	1.000000000
76.000000000	39.689429168	-121.823759450	1.000000000
77.000000000	39.689429850	-121.823759675	1.000000000
78.000000000	39.689430628	-121.823760410	1.000000000
79.000000000	39.689431688	-121.823761260	1.000000000
80.000000000	39.689433102	-121.823762367	1.000000000
81.000000000	39.689434315	-121.823762483	1.000000000
82.000000000	39.689435303	-121.823762732	1.000000000
83.000000000	39.689435862	-121.823763068	1.000000000
84.000000000	39.689435935	-121.823764967	0.000000000
85.000000000	39.689436237	-121.823765303	1.000000000
86.000000000	39.689436438	-121.823765365	0.000000000
87.000000000	39.689436285	-121.823765650	1.000000000
88.000000000	39.689436323	-121.823765617	1.000000000
89.000000000	39.689435927	-121.823765615	0.000000000
90.000000000	39.689435922	-121.823765385	0.000000000
91.000000000	39.689435660	-121.823765068	0.000000000
92.000000000	39.689435493	-121.823765163	0.000000000
93.000000000	39.689435200	-121.823764938	0.000000000
94.000000000	39.689435545	-121.823765468	1.000000000
95.000000000	39.689432612	-121.823761893	1.000000000
96.000000000	39.689431585	-121.823760588	1.000000000
97.000000000	39.689432428	-121.823762027	1.000000000
98.000000000	39.689425742	-121.823754183	0.000000000
99.000000000	39.689431355	-121.823760020	0.000000000
100.000000000	39.689434458	-121.823763942	0.000000000
101.000000000	39.689435890	-121.823765395	1.000000000
102.000000000	39.689437032	-121.823766708	1.000000000
103.000000000	39.689437742	-121.823767552	0.000000000
104.000000000	39.689437743	-121.823767640	1.000000000
105.000000000	39.689437108	-121.823768838	0.000000000
106.000000000	39.689436322	-121.823768118	1.000000000
107.000000000	39.689435665	-121.823767625	0.000000000
108.000000000	39.689435287	-121.823767250	1.000000000
109.000000000	39.689434938	-121.823767053	1.000000000
110.000000000	39.689435200	-121.823767557	1.000000000
111.000000000	39.689435777	-121.823768180	1.000000000
112.000000000	39.689435848	-121.823768913	1.000000000
113.000000000	39.689435913	-121.823769058	1.000000000
114.000000000	39.689436247	-121.823769583	1.000000000
115.000000000	39.689436903	-121.823768788	0.000000000
116.000000000	39.689437482	-121.823769720	0.000000000
117.000000000	39.689437985	-121.823770518	0.000000000
118.000000000	39.689438543	-121.823771507	0.000000000
119.000000000	39.689438867	-121.823772182	0.000000000
120.000000000	39.689439297	-121.823773332	0.000000000
121.000000000	39.689439252	-121.823773055	0.000000000
122.000000000	39.689431735	-121.823764577	0.000000000
123.000000000	39.689429455	-121.823762057	1.000000000
124.000000000	39.689429260	-121.823761685	1.000000000
125.000000000	39.689429687	-121.823762425	0.000000000
126.000000000	39.689430670	-121.823763640	0.000000000
127.000000000	39.689431887	-121.823765217	0.000000000
128.000000000	39.689432825	-121.823766468	0.000000000
129.000000000	39.689433608	-121.823767568	0.000000000
130.000000000	39.689433640	-121.823767748	0.000000000
131.000000000	39.689425422	-121.823760532	0.000000000
132.000000000	39.689422138	-121.823757737	1.000000000
133.000000000	39.689421187	-121.823756513	1.000000000
134.000000000	39.689421168	-121.823756975	1.000000000
135.000000000	39.689421663	-121.823757685	1.000000000
136.000000000	39.689421865	-121.823758197	1.000000000
137.000000000	39.689422290	-121.823758903	1.000000000
138.000000000	39.689422608	-121.823759432	1.000000000
139.000000000	39.689422797	-121.823759823	1.000000000
140.000000000	39.689423207	-121.823760585	1.000000000
141.000000000	39.689424770	-121.823762275	1.000000000
142.000000000	39.689425422	-121.823763852	0.000000000
143.000000000	39.689427073	-121.823765790	0.000000000
144.000000000	39.689428497	-121.823766850	0.000000000
145.000000000	39.689429148	-121.823776915	0.000000000
146.000000000	39.689421902	-121.823779132	0.000000000
147.000000000	39.689424923	-121.823789610	0.000000000
148.000000000	39.689424302	-121.823798018	0.000000000
149.000000000	39.689427613	-121.823810962	0.000000000
150.000000000	39.689427148	-121.823821933	0.000000000
151.000000000	39.689425193	-121.823832700	0.000000000
152.000000000	39.689421947	-121.823843088	0.000000000
153.000000000	39.689417852	-121.823852500	0.000000000
154.000000000	39.689413085	-121.823861238	0.000000000
155.000000000	39.689414467	-121.823875155	0.000000000
156.000000000	39.689409978	-121.823884812	0.000000000
157.000000000	39.689404468	-121.823892940	0.000000000
158.000000000	39.689397373	-121.823898528	0.000000000
159.000000000	39.689391185	-121.823904588	0.000000000
160.000000000	39.689389493	-121.823916425	0.000000000
161.000000000	39.689386080	-121.823927245	0.000000000
162.000000000	39.689386722	-121.823941497	0.000000000
163.000000000	39.689388575	-121.823955027	0.000000000
164.000000000	39.689381565	-121.823957595	0.000000000
165.000000000	39.689372045	-121.823955795	0.000000000
166.000000000	39.689363315	-121.823953075	0.000000000
167.000000000	39.689354408	-121.823953247	0.000000000
168.000000000	39.689343623	-121.823956097	0.000000000
169.000000000	39.689336073	-121.823962868	0.000000000
170.000000000	39.689325867	-121.823970620	0.000000000
171.000000000	39.689320785	-121.823980672	0.000000000
172.000000000	39.689317568	-121.823991802	0.000000000
173.000000000	39.689318442	-121.824003148	0.000000000
174.000000000	39.689318353	-121.824014615	0.000000000
175.000000000	39.689319068	-121.824025363	0.000000000
176.000000000	39.689321308	-121.824035980	0.000000000
177.000000000	39.689333150	-121.824052540	0.000000000
178.000000000	39.689337543	-121.824062728	0.000000000
179.000000000	39.689339572	-121.824073387	0.000000000
180.000000000	39.689340280	-121.824084328	0.000000000
181.000000000	39.689342932	-121.824094703	0.000000000
182.000000000	39.689350570	-121.824106823	0.000000000
183.000000000	39.689359805	-121.824117878	0.000000000
184.000000000	39.689367113	-121.824126400	0.000000000
185.000000000	39.689362947	-121.824131257	0.000000000
186.000000000	39.689366398	-121.824141213	0.000000000
187.000000000	39.689373260	-121.824151587	0.000000000
188.000000000	39.689375993	-121.824156793	0.000000000
189.000000000	39.689383217	-121.824164278	0.000000000
190.000000000	39.689386878	-121.824172520	0.000000000
191.000000000	39.689393157	-121.824181138	0.000000000
192.000000000	39.689398708	-121.824189528	0.000000000
193.000000000	39.689405573	-121.824198102	0.000000000
194.000000000	39.689412368	-121.824206173	0.000000000
195.000000000	39.689416762	-121.824212363	0.000000000
196.000000000	39.689423563	-121.824220243	0.000000000
197.000000000	39.689429560	-121.824228027	0.000000000
198.000000000	39.689432195	-121.824236413	0.000000000
199.000000000	39.689436497	-121.824248400	0.000000000
200.000000000	39.689438595	-121.824259095	0.000000000
201.000000000	39.689438540	-121.824270162	0.000000000
202.000000000	39.689436938	-121.824281063	0.000000000
203.000000000	39.689424742	-121.824281730	0.000000000
204.000000000	39.689423837	-121.824293207	0.000000000
205.000000000	39.689423625	-121.824304693	0.000000000
206.000000000	39.689426477	-121.824316362	0.000000000
207.000000000	39.689422455	-121.824317762	0.000000000
208.000000000	39.689425533	-121.824330777	0.000000000
209.000000000	39.689426683	-121.824343043	1.000000000
210.000000000	39.689427080	-121.824353688	1.000000000
211.000000000	39.689427605	-121.824359880	1.000000000
212.000000000	39.689425770	-121.824367738	0.000000000
213.000000000	39.689421448	-121.824376692	0.000000000
214.000000000	39.689418795	-121.824387220	0.000000000
215.000000000	39.689416428	-121.824397875	0.000000000
216.000000000	39.689416550	-121.824408982	0.000000000
217.000000000	39.689418178	-121.824420212	1.000000000
218.000000000	39.689419995	-121.824431568	0.000000000
219.000000000	39.689419425	-121.824443060	0.000000000
220.000000000	39.689417808	-121.824455032	0.000000000
221.000000000	39.689415965	-121.824466227	0.000000000
222.000000000	39.689416497	-121.824477993	0.000000000
223.000000000	39.689417977	-121.824489758	0.000000000
224.000000000	39.689419518	-121.824501368	0.000000000
225.000000000	39.689418445	-121.824512463	0.000000000
226.000000000	39.689415148	-121.824522417	0.000000000
227.000000000	39.689410302	-121.824530953	0.000000000
228.000000000	39.689404022	-121.824538387	0.000000000
229.000000000	39.689396848	-121.824543920	0.000000000
230.000000000	39.689392673	-121.824552187	0.000000000
231.000000000	39.689385605	-121.824555670	0.000000000
232.000000000	39.689379998	-121.824559215	0.000000000
233.000000000	39.689372052	-121.824559232	0.000000000
234.000000000	39.689364250	-121.824557543	0.000000000
235.000000000	39.689356122	-121.824554455	0.000000000
236.000000000	39.689347142	-121.824552737	0.000000000
237.000000000	39.689338193	-121.824551823	0.000000000
238.000000000	39.689329180	-121.824553348	0.000000000
239.000000000	39.689320265	-121.824555363	0.000000000
240.000000000	39.689311735	-121.824554020	0.000000000
241.000000000	39.689304013	-121.824550032	0.000000000
242.000000000	39.689297077	-121.824544350	0.000000000
243.000000000	39.689290133	-121.824537488	0.000000000
244.000000000	39.689283648	-121.824530130	0.000000000
245.000000000	39.689277345	-121.824522537	0.000000000
246.000000000	39.689270123	-121.824515807	0.000000000
247.000000000	39.689261897	-121.824510922	0.000000000
248.000000000	39.689253418	-121.824506883	0.000000000
249.000000000	39.689245127	-121.824502862	0.000000000
250.000000000	39.689237805	-121.824496653	0.000000000
251.000000000	39.689231120	-121.824489358	0.000000000
252.000000000	39.689224765	-121.824481638	0.000000000
253.000000000	39.689220068	-121.824472572	0.000000000
254.000000000	39.689217445	-121.824462532	0.000000000
255.000000000	39.689216445	-121.824452168	0.000000000
256.000000000	39.689217017	-121.824441852	0.000000000
257.000000000	39.689219187	-121.824431585	0.000000000
258.000000000	39.689222297	-121.824421698	0.000000000
259.000000000	39.689226415	-121.824412480	0.000000000
260.000000000	39.689231800	-121.824403682	0.000000000
261.000000000	39.689237957	-121.824395240	0.000000000
262.000000000	39.689243593	-121.824386252	0.000000000
263.000000000	39.689247482	-121.824375475	0.000000000
264.000000000	39.689252115	-121.824365658	0.000000000
265.000000000	39.689257075	-121.824356398	0.000000000
266.000000000	39.689263535	-121.824349608	0.000000000
267.000000000	39.689270625	-121.824343647	0.000000000
268.000000000	39.689278183	-121.824338347	1.000000000
269.000000000	39.689285952	-121.824333687	1.000000000
270.000000000	39.689292703	-121.824325600	1.000000000
271.000000000	39.689297090	-121.824314873	1.000000000
272.000000000	39.689298837	-121.824303217	0.000000000
273.000000000	39.689299587	-121.824291353	0.000000000
274.000000000	39.689300547	-121.824279777	0.000000000
275.000000000	39.689301402	-121.824268382	0.000000000
276.000000000	39.689304262	-121.824257688	0.000000000
277.000000000	39.689307868	-121.824247495	0.000000000
278.000000000	39.689310610	-121.824236663	0.000000000
279.000000000	39.689313030	-121.824225837	0.000000000
280.000000000	39.689314067	-121.824214332	0.000000000
281.000000000	39.689315277	-121.824203203	0.000000000
282.000000000	39.689333063	-121.824200940	0.000000000
283.000000000	39.689335418	-121.824190072	0.000000000
284.000000000	39.689336320	-121.824178552	0.000000000
285.000000000	39.689338223	-121.824168862	0.000000000
286.000000000	39.689337132	-121.824157933	0.000000000
287.000000000	39.689331678	-121.824143930	0.000000000
288.000000000	39.689333217	-121.824132577	0.000000000
289.000000000	39.689336422	-121.824122548	0.000000000
290.000000000	39.689340647	-121.824113252	0.000000000
291.000000000	39.689345432	-121.824103890	0.000000000
292.000000000	39.689348440	-121.824092883	0.000000000
293.000000000	39.689349942	-121.824081050	0.000000000
294.000000000	39.689350648	-121.824069230	0.000000000
295.000000000	39.689356675	-121.824061105	0.000000000
296.000000000	39.689355382	-121.824049668	0.000000000
297.000000000	39.689352665	-121.824038473	0.000000000
298.000000000	39.689348800	-121.824027688	0.000000000
299.000000000	39.689339390	-121.824014878	0.000000000
300.000000000	39.689336915	-121.824003493	0.000000000
301.000000000	39.689336925	-121.823992615	0.000000000
302.000000000	39.689339203	-121.823982450	0.000000000
303.000000000	39.689342305	-121.823972517	0.000000000
304.000000000	39.689346075	-121.823963010	0.000000000
305.000000000	39.689350668	-121.823953737	0.000000000
306.000000000	39.689355793	-121.823944810	0.000000000
307.000000000	39.689361268	-121.823936150	0.000000000
308.000000000	39.689366390	-121.823926860	0.000000000
309.000000000	39.689371123	-121.823917280	0.000000000
310.000000000	39.689375430	-121.823907263	0.000000000
311.000000000	39.689387498	-121.823902257	0.000000000
312.000000000	39.689393657	-121.823895538	0.000000000
313.000000000	39.689384032	-121.823880157	0.000000000
314.000000000	39.689384142	-121.823877252	0.000000000
315.000000000	39.689386643	-121.823879043	0.000000000
316.000000000	39.689388677	-121.823880065	1.000000000
317.000000000	39.689389768	-121.823880618	1.000000000
318.000000000	39.689382065	-121.823876067	1.000000000
319.000000000	39.689386572	-121.823879245	0.000000000
320.000000000	39.689386157	-121.823878577	1.000000000
321.000000000	39.689385988	-121.823876368	1.000000000
322.000000000	39.689374405	-121.823858183	1.000000000
323.000000000	39.689374445	-121.823856213	1.000000000
