0.000000000	39.690502903	-121.824137348
1.000000000	39.690510277	-121.824099375
2.000000000	39.690510320	-121.824099330
3.000000000	39.690510383	-121.824099312
4.000000000	39.690510360	-121.824099235
5.000000000	39.690510368	-121.824099230
6.000000000	39.690510313	-121.824099207
7.000000000	39.690510258	-121.824099198
8.000000000	39.690510258	-121.824099223
9.000000000	39.690510230	-121.824099257
10.000000000	39.690510140	-121.824099175
11.000000000	39.690510097	-121.824099165
12.000000000	39.690509973	-121.824099058
13.000000000	39.690509903	-121.824098998
14.000000000	39.690509895	-121.824098980
15.000000000	39.690510020	-121.824098967
16.000000000	39.690510092	-121.824099007
17.000000000	39.690510228	-121.824099097
18.000000000	39.690510452	-121.824099260
19.000000000	39.690510507	-121.824099215
20.000000000	39.690510673	-121.824099315
21.000000000	39.690510847	-121.824099407
22.000000000	39.690511048	-121.824099517
23.000000000	39.690511213	-121.824099577
24.000000000	39.690511425	-121.824099670
25.000000000	39.690511623	-121.824099753
26.000000000	39.690511790	-121.824099885
27.000000000	39.690511992	-121.824099920
28.000000000	39.690512205	-121.824100038
29.000000000	39.690533010	-121.824099103
30.000000000	39.690529190	-121.824096740
31.000000000	39.690529480	-121.824097042
32.000000000	39.690529480	-121.824097042
33.000000000	39.690529532	-121.824133238
34.000000000	39.690524525	-121.824123740
35.000000000	39.690523575	-121.824121950
36.000000000	39.690522952	-121.824120988
37.000000000	39.690520367	-121.824117822
38.000000000	39.690520333	-121.824117860
39.000000000	39.690520130	-121.824117778
40.000000000	39.690519965	-121.824117672
41.000000000	39.690519952	-121.824117808
42.000000000	39.690520203	-121.824118270
43.000000000	39.690520582	-121.824118805
44.000000000	39.690520985	-121.824119248
45.000000000	39.690520985	-121.824119222
46.000000000	39.690523350	-121.824122053
47.000000000	39.690523403	-121.824121943
48.000000000	39.690523252	-121.824121645
49.000000000	39.690523213	-121.824121515
50.000000000	39.690523110	-121.824121327
51.000000000	39.690523113	-121.824121168
52.000000000	39.690523037	-121.824120992
53.000000000	39.690522937	-121.824120768
54.000000000	39.690522888	-121.824120632
55.000000000	39.690522883	-121.824120487
56.000000000	39.690522743	-121.824120262
57.000000000	39.690522518	-121.824119867
58.000000000	39.690522407	-121.824119617
59.000000000	39.690522343	-121.824119325
60.000000000	39.690522338	-121.824119442
61.000000000	39.690522338	-121.824119442
