0.000000000	39.690801655	-121.824506318
1.000000000	39.690803303	-121.824505398
2.000000000	39.690803363	-121.824505268
3.000000000	39.690803408	-121.824505237
4.000000000	39.690803402	-121.824505238
5.000000000	39.690803413	-121.824505272
6.000000000	39.690803427	-121.824505268
7.000000000	39.690803468	-121.824505245
8.000000000	39.690803458	-121.824505172
9.000000000	39.690803462	-121.824505200
10.000000000	39.690803483	-121.824505297
11.000000000	39.690803293	-121.824505252
12.000000000	39.690803522	-121.824505068
13.000000000	39.690792972	-121.824493787
14.000000000	39.690792152	-121.824493353
15.000000000	39.690791675	-121.824494563
16.000000000	39.690792097	-121.824495082
17.000000000	39.690792412	-121.824496047
18.000000000	39.690792503	-121.824496257
19.000000000	39.690792425	-121.824496747
20.000000000	39.690792435	-121.824496958
21.000000000	39.690792435	-121.824496958
22.000000000	39.690792435	-121.824496958
23.000000000	39.690792435	-121.824496958
24.000000000	39.690792435	-121.824496958
25.000000000	39.690792435	-121.824496958
26.000000000	39.690792435	-121.824496958
27.000000000	39.690792435	-121.824496958
28.000000000	39.690792435	-121.824496958
29.000000000	39.690792435	-121.824496958
30.000000000	39.690792435	-121.824496958
31.000000000	39.690792435	-121.824496958
32.000000000	39.690792435	-121.824496958
33.000000000	39.690792435	-121.824496958
34.000000000	39.690792435	-121.824496958
35.000000000	39.690792435	-121.824496958
36.000000000	39.690792435	-121.824496958
