0.000000000	39.690327000	-121.824280000
1.000000000	39.690327000	-121.824280000
2.000000000	39.690797075	-121.824503165
3.000000000	39.690797115	-121.824503137
4.000000000	39.690797140	-121.824503118
5.000000000	39.690797230	-121.824503150
6.000000000	39.690797275	-121.824503152
7.000000000	39.690797413	-121.824503307
8.000000000	39.690797433	-121.824503353
9.000000000	39.690797422	-121.824503228
10.000000000	39.690797420	-121.824503190
11.000000000	39.690797435	-121.824503142
12.000000000	39.690797417	-121.824503018
13.000000000	39.690797392	-121.824502978
14.000000000	39.690797377	-121.824502948
15.000000000	39.690797342	-121.824502907
16.000000000	39.690797315	-121.824502863
17.000000000	39.690797308	-121.824502805
18.000000000	39.690797240	-121.824502915
19.000000000	39.690793027	-121.824514607
20.000000000	39.690784732	-121.824523077
21.000000000	39.690774313	-121.824525577
22.000000000	39.690764155	-121.824521925
23.000000000	39.690756190	-121.824513445
24.000000000	39.690752493	-121.824500593
25.000000000	39.690753623	-121.824487148
26.000000000	39.690758845	-121.824475697
27.000000000	39.690767642	-121.824468545
28.000000000	39.690777842	-121.824466885
29.000000000	39.690787752	-121.824471728
30.000000000	39.690794952	-121.824481590
31.000000000	39.690797163	-121.824488908
32.000000000	39.690797137	-121.824488450
33.000000000	39.690795663	-121.824489718
34.000000000	39.690797193	-121.824488357
35.000000000	39.690797530	-121.824488972
36.000000000	39.690797447	-121.824488765
37.000000000	39.690797438	-121.824488652
38.000000000	39.690797408	-121.824488348
39.000000000	39.690797480	-121.824488178
40.000000000	39.690797453	-121.824488055
41.000000000	39.690797432	-121.824487923
42.000000000	39.690797442	-121.824487795
43.000000000	39.690797443	-121.824487667
44.000000000	39.690797425	-121.824487483
45.000000000	39.690797388	-121.824487310
46.000000000	39.690797393	-121.824487120
47.000000000	39.690797388	-121.824486915
48.000000000	39.690797390	-121.824486747
49.000000000	39.690797435	-121.824486568
50.000000000	39.690797488	-121.824486380
51.000000000	39.690797455	-121.824486235
52.000000000	39.690797463	-121.824486043
53.000000000	39.690797452	-121.824485868
54.000000000	39.690797497	-121.824485577
55.000000000	39.690797460	-121.824485433
56.000000000	39.690797432	-121.824485370
57.000000000	39.690797390	-121.824485212
58.000000000	39.690797388	-121.824485128
59.000000000	39.690797390	-121.824484895
60.000000000	39.690797402	-121.824484872
61.000000000	39.690797433	-121.824484878
62.000000000	39.690797515	-121.824484830
63.000000000	39.690797515	-121.824484830
64.000000000	39.690797515	-121.824484830
65.000000000	39.690797515	-121.824484830
66.000000000	39.690797515	-121.824484830
67.000000000	39.690797515	-121.824484830
68.000000000	39.690797515	-121.824484830
