0.000000000	39.690327000	-121.824280000
1.000000000	39.690327000	-121.824280000
2.000000000	39.690327000	-121.824280000
3.000000000	39.690327000	-121.824280000
4.000000000	39.690327000	-121.824280000
5.000000000	39.690327000	-121.824280000
6.000000000	39.690327000	-121.824280000
7.000000000	39.690327000	-121.824280000
8.000000000	39.690327000	-121.824280000
9.000000000	39.690327000	-121.824280000
10.000000000	39.690327000	-121.824280000
11.000000000	39.690327000	-121.824280000
12.000000000	39.690327000	-121.824280000
13.000000000	39.690327000	-121.824280000
14.000000000	39.690327000	-121.824280000
15.000000000	39.690327000	-121.824280000
16.000000000	39.690327000	-121.824280000
17.000000000	39.690327000	-121.824280000
18.000000000	39.690327000	-121.824280000
19.000000000	39.690327000	-121.824280000
20.000000000	39.690327000	-121.824280000
21.000000000	39.690327000	-121.824280000
22.000000000	39.690327000	-121.824280000
23.000000000	39.690327000	-121.824280000
24.000000000	39.690327000	-121.824280000
25.000000000	39.690327000	-121.824280000
26.000000000	39.690327000	-121.824280000
27.000000000	39.690327000	-121.824280000
28.000000000	39.690327000	-121.824280000
29.000000000	39.690327000	-121.824280000
30.000000000	39.690327000	-121.824280000
31.000000000	39.690327000	-121.824280000
32.000000000	39.690327000	-121.824280000
33.000000000	39.690327000	-121.824280000
34.000000000	39.690327000	-121.824280000
35.000000000	39.690327000	-121.824280000
36.000000000	39.690327000	-121.824280000
37.000000000	39.690327000	-121.824280000
38.000000000	39.690327000	-121.824280000
39.000000000	39.690327000	-121.824280000
40.000000000	39.690327000	-121.824280000
41.000000000	39.690327000	-121.824280000
42.000000000	39.690327000	-121.824280000
43.000000000	39.690327000	-121.824280000
44.000000000	39.690327000	-121.824280000
45.000000000	39.690327000	-121.824280000
46.000000000	39.690327000	-121.824280000
47.000000000	39.690327000	-121.824280000
48.000000000	39.690327000	-121.824280000
49.000000000	39.690327000	-121.824280000
50.000000000	39.690327000	-121.824280000
51.000000000	39.690327000	-121.824280000
52.000000000	39.690327000	-121.824280000
53.000000000	39.690327000	-121.824280000
54.000000000	39.690327000	-121.824280000
55.000000000	39.690327000	-121.824280000
56.000000000	39.690327000	-121.824280000
57.000000000	39.690327000	-121.824280000
58.000000000	39.690327000	-121.824280000
59.000000000	39.690327000	-121.824280000
60.000000000	39.690327000	-121.824280000
61.000000000	39.690327000	-121.824280000
62.000000000	39.690327000	-121.824280000
63.000000000	39.690327000	-121.824280000
64.000000000	39.690327000	-121.824280000
65.000000000	39.690327000	-121.824280000
66.000000000	39.690327000	-121.824280000
67.000000000	39.690327000	-121.824280000
68.000000000	39.690327000	-121.824280000
69.000000000	39.690327000	-121.824280000
70.000000000	39.690327000	-121.824280000
71.000000000	39.690327000	-121.824280000
72.000000000	39.690327000	-121.824280000
73.000000000	39.690327000	-121.824280000
74.000000000	39.690327000	-121.824280000
75.000000000	39.690327000	-121.824280000
76.000000000	39.690327000	-121.824280000
77.000000000	39.690327000	-121.824280000
78.000000000	39.690327000	-121.824280000
79.000000000	39.690327000	-121.824280000
80.000000000	39.690327000	-121.824280000
81.000000000	39.690327000	-121.824280000
82.000000000	39.690327000	-121.824280000
83.000000000	39.690327000	-121.824280000
84.000000000	39.690327000	-121.824280000
85.000000000	39.690327000	-121.824280000
86.000000000	39.690327000	-121.824280000
87.000000000	39.690327000	-121.824280000
88.000000000	39.690327000	-121.824280000
89.000000000	39.690327000	-121.824280000
90.000000000	39.690327000	-121.824280000
91.000000000	39.690327000	-121.824280000
92.000000000	39.690327000	-121.824280000
93.000000000	39.690327000	-121.824280000
94.000000000	39.690327000	-121.824280000
95.000000000	39.690327000	-121.824280000
96.000000000	39.690327000	-121.824280000
97.000000000	39.690327000	-121.824280000
98.000000000	39.690327000	-121.824280000
99.000000000	39.690327000	-121.824280000
100.000000000	39.690327000	-121.824280000
101.000000000	39.690327000	-121.824280000
102.000000000	39.690327000	-121.824280000
103.000000000	39.690327000	-121.824280000
104.000000000	39.690327000	-121.824280000
105.000000000	39.690327000	-121.824280000
106.000000000	39.690327000	-121.824280000
107.000000000	39.690327000	-121.824280000
108.000000000	39.690327000	-121.824280000
109.000000000	39.690327000	-121.824280000
110.000000000	39.690327000	-121.824280000
111.000000000	39.690327000	-121.824280000
112.000000000	39.690327000	-121.824280000
113.000000000	39.690327000	-121.824280000
114.000000000	39.690327000	-121.824280000
115.000000000	39.690327000	-121.824280000
116.000000000	39.690327000	-121.824280000
117.000000000	39.690327000	-121.824280000
118.000000000	39.690327000	-121.824280000
119.000000000	39.690327000	-121.824280000
120.000000000	39.690327000	-121.824280000
121.000000000	39.690327000	-121.824280000
122.000000000	39.690327000	-121.824280000
123.000000000	39.690327000	-121.824280000
124.000000000	39.690327000	-121.824280000
125.000000000	39.690327000	-121.824280000
126.000000000	39.690327000	-121.824280000
127.000000000	39.690327000	-121.824280000
128.000000000	39.690327000	-121.824280000
129.000000000	39.690327000	-121.824280000
130.000000000	39.690327000	-121.824280000
131.000000000	39.690327000	-121.824280000
132.000000000	39.690327000	-121.824280000
133.000000000	39.690327000	-121.824280000
134.000000000	39.690327000	-121.824280000
135.000000000	39.690327000	-121.824280000
136.000000000	39.690327000	-121.824280000
137.000000000	39.690327000	-121.824280000
138.000000000	39.690327000	-121.824280000
139.000000000	39.690327000	-121.824280000
140.000000000	39.690327000	-121.824280000
141.000000000	39.690327000	-121.824280000
142.000000000	39.690327000	-121.824280000
143.000000000	39.690327000	-121.824280000
144.000000000	39.690327000	-121.824280000
145.000000000	39.690327000	-121.824280000
146.000000000	39.690327000	-121.824280000
147.000000000	39.690327000	-121.824280000
148.000000000	39.690327000	-121.824280000
149.000000000	39.690327000	-121.824280000
150.000000000	39.690327000	-121.824280000
151.000000000	39.690327000	-121.824280000
152.000000000	39.690327000	-121.824280000
153.000000000	39.690327000	-121.824280000
154.000000000	39.690327000	-121.824280000
155.000000000	39.690327000	-121.824280000
156.000000000	39.690327000	-121.824280000
157.000000000	39.690327000	-121.824280000
158.000000000	39.690327000	-121.824280000
159.000000000	39.690327000	-121.824280000
160.000000000	39.690327000	-121.824280000
161.000000000	39.690327000	-121.824280000
162.000000000	39.690327000	-121.824280000
163.000000000	39.690327000	-121.824280000
164.000000000	39.690327000	-121.824280000
165.000000000	39.690327000	-121.824280000
166.000000000	39.690327000	-121.824280000
167.000000000	39.690327000	-121.824280000
168.000000000	39.690327000	-121.824280000
169.000000000	39.690327000	-121.824280000
170.000000000	39.690327000	-121.824280000
171.000000000	39.690327000	-121.824280000
172.000000000	39.690327000	-121.824280000
173.000000000	39.690327000	-121.824280000
174.000000000	39.690327000	-121.824280000
175.000000000	39.690327000	-121.824280000
176.000000000	39.690327000	-121.824280000
177.000000000	39.690327000	-121.824280000
178.000000000	39.690327000	-121.824280000
179.000000000	39.690327000	-121.824280000
180.000000000	39.690327000	-121.824280000
181.000000000	39.690327000	-121.824280000
182.000000000	39.690327000	-121.824280000
183.000000000	39.690327000	-121.824280000
184.000000000	39.690327000	-121.824280000
185.000000000	39.690327000	-121.824280000
186.000000000	39.690327000	-121.824280000
187.000000000	39.690327000	-121.824280000
