0.000000000	39.690477740	-121.824265310
1.000000000	39.690477483	-121.824264730
2.000000000	39.690477477	-121.824264680
3.000000000	39.690476853	-121.824265092
4.000000000	39.690476987	-121.824264882
5.000000000	39.690476925	-121.824264950
6.000000000	39.690476563	-121.824265415
7.000000000	39.690476580	-121.824265385
8.000000000	39.690476582	-121.824265160
9.000000000	39.690476588	-121.824265147
10.000000000	39.690476552	-121.824265128
11.000000000	39.690476542	-121.824265097
12.000000000	39.690476485	-121.824265147
13.000000000	39.690476443	-121.824265225
14.000000000	39.690476385	-121.824265387
15.000000000	39.690476305	-121.824265518
16.000000000	39.690476652	-121.824265348
17.000000000	39.690475892	-121.824265648
18.000000000	39.690475957	-121.824265107
19.000000000	39.690475620	-121.824266030
20.000000000	39.690475895	-121.824265977
21.000000000	39.690488280	-121.824266540
22.000000000	39.690488132	-121.824266572
23.000000000	39.690487880	-121.824266648
24.000000000	39.690487808	-121.824266627
25.000000000	39.690487498	-121.824266868
26.000000000	39.690488252	-121.824266870
27.000000000	39.690488293	-121.824266903
28.000000000	39.690488477	-121.824266790
29.000000000	39.690488078	-121.824267025
30.000000000	39.690488092	-121.824267135
31.000000000	39.690488243	-121.824267132
32.000000000	39.690488232	-121.824267157
33.000000000	39.690488345	-121.824267130
34.000000000	39.690488328	-121.824267145
35.000000000	39.690488217	-121.824267185
36.000000000	39.690488205	-121.824267203
37.000000000	39.690488117	-121.824267112
38.000000000	39.690488042	-121.824267182
39.000000000	39.690488027	-121.824267215
40.000000000	39.690488118	-121.824267167
41.000000000	39.690487773	-121.824267327
42.000000000	39.690488080	-121.824267098
43.000000000	39.690487770	-121.824267203
44.000000000	39.690487847	-121.824267192
45.000000000	39.690487760	-121.824267167
46.000000000	39.690487628	-121.824267300
47.000000000	39.690487497	-121.824267435
48.000000000	39.690487400	-121.824267560
49.000000000	39.690487323	-121.824267505
50.000000000	39.690483885	-121.824269662
51.000000000	39.690470223	-121.824278985
52.000000000	39.690453922	-121.824296300
53.000000000	39.690441190	-121.824318972
54.000000000	39.690429512	-121.824342413
55.000000000	39.690419478	-121.824367057
56.000000000	39.690411325	-121.824392673
57.000000000	39.690405002	-121.824419183
58.000000000	39.690400953	-121.824446240
59.000000000	39.690399052	-121.824473403
60.000000000	39.690399325	-121.824500205
61.000000000	39.690402793	-121.824526718
62.000000000	39.690415980	-121.824549057
63.000000000	39.690428725	-121.824566172
64.000000000	39.690438567	-121.824577950
65.000000000	39.690445943	-121.824585807
66.000000000	39.690452620	-121.824593723
67.000000000	39.690461870	-121.824610938
68.000000000	39.690470410	-121.824621770
69.000000000	39.690478913	-121.824626152
70.000000000	39.690488185	-121.824626527
71.000000000	39.690494912	-121.824626815
72.000000000	39.690499603	-121.824627912
73.000000000	39.690502928	-121.824628222
74.000000000	39.690505437	-121.824628988
75.000000000	39.690506697	-121.824629208
76.000000000	39.690507157	-121.824629242
77.000000000	39.690507100	-121.824629240
78.000000000	39.690507035	-121.824629227
79.000000000	39.690506918	-121.824629200
80.000000000	39.690506788	-121.824629332
81.000000000	39.690506747	-121.824629390
82.000000000	39.690506617	-121.824629217
83.000000000	39.690506803	-121.824628823
84.000000000	39.690506717	-121.824628795
85.000000000	39.690506402	-121.824629170
86.000000000	39.690506585	-121.824628590
87.000000000	39.690506232	-121.824629083
88.000000000	39.690506118	-121.824629093
89.000000000	39.690506083	-121.824629045
90.000000000	39.690505992	-121.824629045
91.000000000	39.690505920	-121.824628958
92.000000000	39.690505837	-121.824628950
93.000000000	39.690505773	-121.824628927
94.000000000	39.690505707	-121.824628928
95.000000000	39.690505645	-121.824628875
96.000000000	39.690505595	-121.824628890
97.000000000	39.690505570	-121.824628870
98.000000000	39.690505498	-121.824628862
99.000000000	39.690505480	-121.824628813
100.000000000	39.690505428	-121.824628848
101.000000000	39.690505422	-121.824628825
102.000000000	39.690505490	-121.824628782
103.000000000	39.690505457	-121.824628777
104.000000000	39.690505483	-121.824628745
105.000000000	39.690505448	-121.824628715
106.000000000	39.690505443	-121.824628717
107.000000000	39.690505348	-121.824628817
108.000000000	39.690505362	-121.824628762
109.000000000	39.690505363	-121.824628750
110.000000000	39.690505353	-121.824628730
111.000000000	39.690505417	-121.824628627
112.000000000	39.690505432	-121.824628590
113.000000000	39.690505423	-121.824628513
114.000000000	39.690505410	-121.824628462
115.000000000	39.690505322	-121.824628380
116.000000000	39.690505285	-121.824628347
117.000000000	39.690505237	-121.824628328
118.000000000	39.690505272	-121.824628297
119.000000000	39.690505182	-121.824628243
120.000000000	39.690505170	-121.824628160
121.000000000	39.690505095	-121.824628085
122.000000000	39.690505063	-121.824627993
123.000000000	39.690505012	-121.824627995
124.000000000	39.690505023	-121.824627898
125.000000000	39.690504927	-121.824627837
126.000000000	39.690504897	-121.824627738
127.000000000	39.690504765	-121.824627678
128.000000000	39.690504770	-121.824627557
129.000000000	39.690504657	-121.824627523
130.000000000	39.690505320	-121.824626445
131.000000000	39.690505202	-121.824626550
132.000000000	39.690505152	-121.824626517
133.000000000	39.690505090	-121.824626592
134.000000000	39.690505082	-121.824626622
135.000000000	39.690505022	-121.824626643
136.000000000	39.690504937	-121.824626742
137.000000000	39.690505075	-121.824626538
138.000000000	39.690505003	-121.824626687
139.000000000	39.690504950	-121.824626925
140.000000000	39.690505032	-121.824626962
141.000000000	39.690505030	-121.824627073
142.000000000	39.690504957	-121.824627227
143.000000000	39.690504922	-121.824627277
144.000000000	39.690504862	-121.824627448
145.000000000	39.690504875	-121.824627485
146.000000000	39.690504918	-121.824627383
147.000000000	39.690504812	-121.824627570
148.000000000	39.690504823	-121.824627510
149.000000000	39.690504785	-121.824627497
150.000000000	39.690504980	-121.824627447
151.000000000	39.690504852	-121.824627467
152.000000000	39.690504403	-121.824627485
153.000000000	39.690502207	-121.824626938
154.000000000	39.690496122	-121.824625407
155.000000000	39.690488773	-121.824623720
156.000000000	39.690481098	-121.824622068
157.000000000	39.690473023	-121.824620107
158.000000000	39.690464585	-121.824617870
159.000000000	39.690457642	-121.824615825
160.000000000	39.690453678	-121.824614718
161.000000000	39.690452987	-121.824614513
162.000000000	39.690453748	-121.824614697
163.000000000	39.690453748	-121.824614697
