0.000000000	39.690327000	-121.824280000
1.000000000	39.690178532	-121.824308097
2.000000000	39.690178622	-121.824308413
3.000000000	39.690178703	-121.824308485
4.000000000	39.690178712	-121.824308610
5.000000000	39.690179070	-121.824309007
6.000000000	39.690179178	-121.824308955
7.000000000	39.690179282	-121.824308867
8.000000000	39.690179412	-121.824308803
9.000000000	39.690179623	-121.824308820
10.000000000	39.690179775	-121.824308743
11.000000000	39.690179880	-121.824308667
12.000000000	39.690180085	-121.824308688
13.000000000	39.690180997	-121.824309062
14.000000000	39.690181293	-121.824309308
15.000000000	39.690189273	-121.824312672
16.000000000	39.690200850	-121.824315830
17.000000000	39.690204248	-121.824320093
18.000000000	39.690217747	-121.824328873
19.000000000	39.690233172	-121.824336423
20.000000000	39.690244355	-121.824341688
21.000000000	39.690254410	-121.824342970
22.000000000	39.690272918	-121.824341365
23.000000000	39.690286823	-121.824340803
24.000000000	39.690296848	-121.824339718
25.000000000	39.690303505	-121.824338777
26.000000000	39.690307550	-121.824338147
27.000000000	39.690308873	-121.824337943
28.000000000	39.690308827	-121.824338012
29.000000000	39.690308837	-121.824338055
30.000000000	39.690308818	-121.824338178
31.000000000	39.690309005	-121.824338830
32.000000000	39.690309065	-121.824339033
33.000000000	39.690309073	-121.824339042
34.000000000	39.690311562	-121.824338227
35.000000000	39.690311235	-121.824338405
36.000000000	39.690311142	-121.824338428
37.000000000	39.690311010	-121.824338485
38.000000000	39.690310913	-121.824338493
39.000000000	39.690310922	-121.824338430
40.000000000	39.690310970	-121.824338402
41.000000000	39.690310948	-121.824338370
42.000000000	39.690310985	-121.824338370
43.000000000	39.690310835	-121.824338518
44.000000000	39.690310813	-121.824338517
45.000000000	39.690310740	-121.824338530
46.000000000	39.690310742	-121.824338603
47.000000000	39.690310815	-121.824338608
48.000000000	39.690314810	-121.824339128
49.000000000	39.690316740	-121.824339483
50.000000000	39.690316758	-121.824339362
51.000000000	39.690318448	-121.824339507
52.000000000	39.690326878	-121.824342940
53.000000000	39.690332872	-121.824346420
54.000000000	39.690344625	-121.824346767
55.000000000	39.690356518	-121.824344342
56.000000000	39.690364308	-121.824344942
57.000000000	39.690370298	-121.824348007
58.000000000	39.690379062	-121.824352692
59.000000000	39.690387897	-121.824359008
60.000000000	39.690394358	-121.824361133
61.000000000	39.690402483	-121.824365548
62.000000000	39.690410402	-121.824367395
63.000000000	39.690422873	-121.824368380
64.000000000	39.690434962	-121.824370563
65.000000000	39.690447418	-121.824368453
66.000000000	39.690459143	-121.824369362
67.000000000	39.690471333	-121.824368930
68.000000000	39.690482682	-121.824363855
69.000000000	39.690493500	-121.824360553
70.000000000	39.690504490	-121.824352743
71.000000000	39.690513543	-121.824347545
72.000000000	39.690523170	-121.824346953
73.000000000	39.690534735	-121.824346603
74.000000000	39.690545492	-121.824341598
75.000000000	39.690552180	-121.824338377
76.000000000	39.690555925	-121.824337245
77.000000000	39.690561180	-121.824336263
78.000000000	39.690573035	-121.824335812
79.000000000	39.690584612	-121.824329692
80.000000000	39.690593897	-121.824317312
81.000000000	39.690602657	-121.824305997
82.000000000	39.690610442	-121.824297137
83.000000000	39.690614872	-121.824288933
84.000000000	39.690623542	-121.824279363
85.000000000	39.690632895	-121.824274907
86.000000000	39.690641455	-121.824267397
87.000000000	39.690647743	-121.824253315
88.000000000	39.690650883	-121.824242727
89.000000000	39.690653742	-121.824237582
90.000000000	39.690656117	-121.824234600
91.000000000	39.690656692	-121.824232902
92.000000000	39.690660575	-121.824222500
93.000000000	39.690660958	-121.824208632
94.000000000	39.690661053	-121.824200502
95.000000000	39.690661282	-121.824192517
96.000000000	39.690662983	-121.824180657
97.000000000	39.690662507	-121.824173757
98.000000000	39.690662842	-121.824169605
99.000000000	39.690662682	-121.824164867
100.000000000	39.690657110	-121.824150458
101.000000000	39.690647537	-121.824139153
102.000000000	39.690635572	-121.824133088
103.000000000	39.690622457	-121.824132683
104.000000000	39.690612078	-121.824135750
105.000000000	39.690602822	-121.824138055
106.000000000	39.690591553	-121.824145828
107.000000000	39.690583940	-121.824158958
108.000000000	39.690578770	-121.824171382
109.000000000	39.690574495	-121.824178752
110.000000000	39.690570872	-121.824190228
111.000000000	39.690569757	-121.824201658
112.000000000	39.690567578	-121.824210712
113.000000000	39.690567153	-121.824216123
114.000000000	39.690567052	-121.824218617
115.000000000	39.690567218	-121.824224682
116.000000000	39.690566690	-121.824231578
117.000000000	39.690562242	-121.824245145
118.000000000	39.690559077	-121.824256782
119.000000000	39.690558125	-121.824264107
120.000000000	39.690554907	-121.824273808
121.000000000	39.690552160	-121.824283573
122.000000000	39.690552360	-121.824298247
123.000000000	39.690551602	-121.824313928
124.000000000	39.690547958	-121.824328237
125.000000000	39.690546727	-121.824344118
126.000000000	39.690545375	-121.824359655
127.000000000	39.690541878	-121.824374080
128.000000000	39.690535243	-121.824385390
129.000000000	39.690529845	-121.824399190
130.000000000	39.690529153	-121.824415850
131.000000000	39.690529427	-121.824431873
132.000000000	39.690534533	-121.824447362
133.000000000	39.690541583	-121.824461008
134.000000000	39.690546627	-121.824474212
135.000000000	39.690549683	-121.824484477
136.000000000	39.690550898	-121.824499610
137.000000000	39.690554118	-121.824512678
138.000000000	39.690557030	-121.824521402
139.000000000	39.690560898	-121.824536270
140.000000000	39.690569717	-121.824548620
141.000000000	39.690580140	-121.824558002
142.000000000	39.690589058	-121.824568525
143.000000000	39.690597680	-121.824574590
144.000000000	39.690603827	-121.824579575
145.000000000	39.690610805	-121.824584055
146.000000000	39.690622737	-121.824589478
147.000000000	39.690631733	-121.824597297
148.000000000	39.690638168	-121.824601523
149.000000000	39.690643342	-121.824603127
150.000000000	39.690652830	-121.824609307
151.000000000	39.690663200	-121.824614737
152.000000000	39.690676370	-121.824613210
153.000000000	39.690687978	-121.824605133
154.000000000	39.690696903	-121.824592635
155.000000000	39.690701995	-121.824577128
156.000000000	39.690702338	-121.824560570
157.000000000	39.690700965	-121.824544433
158.000000000	39.690701748	-121.824532058
159.000000000	39.690701338	-121.824523693
160.000000000	39.690696253	-121.824511205
161.000000000	39.690687853	-121.824500387
162.000000000	39.690682567	-121.824494645
163.000000000	39.690675863	-121.824489268
164.000000000	39.690669037	-121.824483747
165.000000000	39.690664570	-121.824479148
166.000000000	39.690655018	-121.824473812
167.000000000	39.690645648	-121.824465453
168.000000000	39.690634612	-121.824458868
169.000000000	39.690621705	-121.824459605
170.000000000	39.690609495	-121.824464063
171.000000000	39.690597427	-121.824466522
172.000000000	39.690586210	-121.824474138
173.000000000	39.690578035	-121.824486895
174.000000000	39.690570873	-121.824499703
175.000000000	39.690567648	-121.824510097
176.000000000	39.690564548	-121.824516333
177.000000000	39.690558237	-121.824528912
178.000000000	39.690556642	-121.824544363
179.000000000	39.690556287	-121.824555762
180.000000000	39.690557912	-121.824571972
181.000000000	39.690563832	-121.824586767
182.000000000	39.690567702	-121.824598975
183.000000000	39.690567888	-121.824610542
184.000000000	39.690563737	-121.824622998
185.000000000	39.690559885	-121.824636827
186.000000000	39.690559982	-121.824653375
187.000000000	39.690567618	-121.824668165
188.000000000	39.690575473	-121.824681168
189.000000000	39.690580750	-121.824694858
190.000000000	39.690588773	-121.824707070
191.000000000	39.690601468	-121.824713050
192.000000000	39.690614682	-121.824713675
193.000000000	39.690627158	-121.824707368
194.000000000	39.690637563	-121.824696787
195.000000000	39.690644377	-121.824682062
196.000000000	39.690647232	-121.824665458
197.000000000	39.690645693	-121.824648782
198.000000000	39.690645028	-121.824633025
199.000000000	39.690642417	-121.824617410
200.000000000	39.690637548	-121.824606905
201.000000000	39.690635238	-121.824599270
202.000000000	39.690632690	-121.824584607
203.000000000	39.690625558	-121.824571227
204.000000000	39.690614597	-121.824562593
205.000000000	39.690605317	-121.824558665
206.000000000	39.690596150	-121.824552695
207.000000000	39.690584825	-121.824547243
208.000000000	39.690572035	-121.824549157
209.000000000	39.690560512	-121.824556647
210.000000000	39.690550873	-121.824567110
211.000000000	39.690540890	-121.824574952
212.000000000	39.690531692	-121.824580045
213.000000000	39.690521902	-121.824589530
214.000000000	39.690512198	-121.824595502
215.000000000	39.690502553	-121.824601970
216.000000000	39.690492710	-121.824610607
217.000000000	39.690484615	-121.824621493
218.000000000	39.690480797	-121.824637607
219.000000000	39.690480965	-121.824654427
220.000000000	39.690480955	-121.824670620
221.000000000	39.690480237	-121.824686645
222.000000000	39.690483402	-121.824703025
223.000000000	39.690486842	-121.824716960
224.000000000	39.690489602	-121.824730357
225.000000000	39.690493043	-121.824745527
226.000000000	39.690501437	-121.824758302
227.000000000	39.690512368	-121.824765450
228.000000000	39.690520060	-121.824770833
229.000000000	39.690529368	-121.824780662
230.000000000	39.690541068	-121.824786765
231.000000000	39.690554028	-121.824785267
232.000000000	39.690565640	-121.824778250
233.000000000	39.690575042	-121.824766468
234.000000000	39.690580697	-121.824750927
235.000000000	39.690582690	-121.824734227
236.000000000	39.690582652	-121.824717512
237.000000000	39.690584218	-121.824701322
238.000000000	39.690582007	-121.824684955
239.000000000	39.690579860	-121.824670653
240.000000000	39.690575237	-121.824655517
241.000000000	39.690565640	-121.824644662
242.000000000	39.690556675	-121.824634308
243.000000000	39.690548618	-121.824623210
244.000000000	39.690538523	-121.824613497
245.000000000	39.690529535	-121.824603253
246.000000000	39.690519207	-121.824594487
247.000000000	39.690506595	-121.824591208
248.000000000	39.690495557	-121.824587155
249.000000000	39.690488145	-121.824584487
250.000000000	39.690483757	-121.824583715
251.000000000	39.690475253	-121.824578188
252.000000000	39.690467977	-121.824570538
253.000000000	39.690459142	-121.824565283
254.000000000	39.690454092	-121.824561272
255.000000000	39.690449508	-121.824558598
256.000000000	39.690446560	-121.824557540
257.000000000	39.690443565	-121.824555068
258.000000000	39.690432803	-121.824549450
259.000000000	39.690422368	-121.824545167
260.000000000	39.690417565	-121.824540675
261.000000000	39.690416027	-121.824538812
262.000000000	39.690408593	-121.824535947
263.000000000	39.690396568	-121.824532647
264.000000000	39.690383942	-121.824532873
265.000000000	39.690371722	-121.824537642
266.000000000	39.690360063	-121.824544878
267.000000000	39.690349947	-121.824555405
268.000000000	39.690344148	-121.824571432
269.000000000	39.690342873	-121.824588693
270.000000000	39.690346122	-121.824604553
271.000000000	39.690348623	-121.824612503
272.000000000	39.690349602	-121.824614550
273.000000000	39.690349382	-121.824614427
274.000000000	39.690349352	-121.824614622
275.000000000	39.690349337	-121.824614537
276.000000000	39.690349325	-121.824614515
277.000000000	39.690349303	-121.824614440
278.000000000	39.690349243	-121.824614303
279.000000000	39.690349188	-121.824614257
280.000000000	39.690346217	-121.824608182
281.000000000	39.690346248	-121.824608245
282.000000000	39.690346343	-121.824608293
283.000000000	39.690346333	-121.824608345
284.000000000	39.690346448	-121.824608660
285.000000000	39.690346627	-121.824609032
286.000000000	39.690346632	-121.824609038
287.000000000	39.690346718	-121.824609277
288.000000000	39.690346837	-121.824609477
289.000000000	39.690346937	-121.824609677
290.000000000	39.690346975	-121.824609823
291.000000000	39.690347055	-121.824610037
292.000000000	39.690347065	-121.824610120
293.000000000	39.690347095	-121.824610195
294.000000000	39.690347063	-121.824610193
295.000000000	39.690347063	-121.824610193
