0.000000000	39.690327000	-121.824280000
1.000000000	39.690327000	-121.824280000
2.000000000	39.690327000	-121.824280000
3.000000000	39.690327000	-121.824280000
4.000000000	39.690327000	-121.824280000
5.000000000	39.690327000	-121.824280000
6.000000000	39.690327000	-121.824280000
7.000000000	39.690327000	-121.824280000
8.000000000	39.690327000	-121.824280000
9.000000000	39.690327000	-121.824280000
10.000000000	39.690327000	-121.824280000
11.000000000	39.690327000	-121.824280000
12.000000000	39.690327000	-121.824280000
13.000000000	39.690327000	-121.824280000
14.000000000	39.690327000	-121.824280000
15.000000000	39.690327000	-121.824280000
16.000000000	39.690327000	-121.824280000
17.000000000	39.690327000	-121.824280000
18.000000000	39.690327000	-121.824280000
19.000000000	39.690327000	-121.824280000
20.000000000	39.690327000	-121.824280000
21.000000000	39.690327000	-121.824280000
22.000000000	39.690327000	-121.824280000
23.000000000	39.690327000	-121.824280000
24.000000000	39.690327000	-121.824280000
25.000000000	39.690327000	-121.824280000
26.000000000	39.689434000	-121.824280000
27.000000000	39.689434000	-121.824280000
28.000000000	39.689434000	-121.824280000
29.000000000	39.689434000	-121.824280000
30.000000000	39.689434000	-121.824280000
31.000000000	39.689434000	-121.824280000
32.000000000	39.689434000	-121.824280000
33.000000000	39.689434000	-121.823841000
34.000000000	39.689434000	-121.823841000
35.000000000	39.689434000	-121.823841000
36.000000000	39.689434000	-121.823841000
37.000000000	39.689434000	-121.823841000
38.000000000	39.689434000	-121.823841000
39.000000000	39.689434000	-121.823841000
40.000000000	39.689434000	-121.823841000
41.000000000	39.689434000	-121.823841000
42.000000000	39.689434000	-121.823841000
43.000000000	39.689434000	-121.823841000
44.000000000	39.689434000	-121.823841000
45.000000000	39.689434000	-121.823841000
46.000000000	39.689434000	-121.823841000
47.000000000	39.689434000	-121.823841000
48.000000000	39.689434000	-121.823841000
49.000000000	39.689434000	-121.823841000
50.000000000	39.689434000	-121.823841000
51.000000000	39.689434000	-121.823841000
52.000000000	39.689434000	-121.823841000
53.000000000	39.689434000	-121.823841000
54.000000000	39.689434000	-121.823841000
55.000000000	39.689434000	-121.823841000
56.000000000	39.689434000	-121.823841000
57.000000000	39.689434000	-121.823841000
58.000000000	39.689434000	-121.823841000
59.000000000	39.689434000	-121.823841000
60.000000000	39.689434000	-121.823841000
61.000000000	39.689434000	-121.823841000
62.000000000	39.689434000	-121.823841000
