0.000000000	39.690442257	-121.824035247
1.000000000	39.690442257	-121.824035247
2.000000000	39.690445013	-121.824037122
3.000000000	39.690445165	-121.824037198
4.000000000	39.690445392	-121.824037297
5.000000000	39.690445640	-121.824037442
6.000000000	39.690445802	-121.824037548
7.000000000	39.690446058	-121.824037728
8.000000000	39.690446328	-121.824037892
9.000000000	39.690446538	-121.824038243
10.000000000	39.690446748	-121.824038410
11.000000000	39.690446863	-121.824038550
12.000000000	39.690446553	-121.824039942
13.000000000	39.690445432	-121.824046432
14.000000000	39.690445757	-121.824055815
15.000000000	39.690448582	-121.824064892
16.000000000	39.690454390	-121.824071333
17.000000000	39.690460575	-121.824077203
18.000000000	39.690467040	-121.824081180
19.000000000	39.690472538	-121.824082932
20.000000000	39.690475130	-121.824083115
21.000000000	39.690473882	-121.824082825
22.000000000	39.690474242	-121.824083082
23.000000000	39.690470372	-121.824083893
24.000000000	39.690459452	-121.824079787
25.000000000	39.690450122	-121.824071235
26.000000000	39.690443358	-121.824059348
27.000000000	39.690434225	-121.824047972
28.000000000	39.690422578	-121.824041413
29.000000000	39.690410045	-121.824038590
30.000000000	39.690397265	-121.824039377
31.000000000	39.690385198	-121.824044028
32.000000000	39.690374085	-121.824051610
33.000000000	39.690364128	-121.824061810
34.000000000	39.690355580	-121.824074528
35.000000000	39.690348925	-121.824089192
36.000000000	39.690344062	-121.824105195
37.000000000	39.690340965	-121.824122335
38.000000000	39.690340253	-121.824140143
39.000000000	39.690340985	-121.824157797
40.000000000	39.690342873	-121.824174603
41.000000000	39.690345547	-121.824191002
42.000000000	39.690349113	-121.824206918
43.000000000	39.690352623	-121.824222860
44.000000000	39.690353628	-121.824239267
45.000000000	39.690354500	-121.824255622
46.000000000	39.690357232	-121.824271842
47.000000000	39.690360758	-121.824287865
48.000000000	39.690365235	-121.824303525
49.000000000	39.690369662	-121.824318743
50.000000000	39.690371815	-121.824334778
51.000000000	39.690373785	-121.824350898
52.000000000	39.690377073	-121.824366873
53.000000000	39.690381250	-121.824382395
54.000000000	39.690386518	-121.824397683
55.000000000	39.690391632	-121.824412645
56.000000000	39.690394442	-121.824428477
57.000000000	39.690397060	-121.824444488
58.000000000	39.690401653	-121.824460097
59.000000000	39.690407153	-121.824475208
60.000000000	39.690413483	-121.824489655
61.000000000	39.690420485	-121.824503490
62.000000000	39.690427813	-121.824517095
63.000000000	39.690434823	-121.824530713
64.000000000	39.690440505	-121.824545175
65.000000000	39.690448155	-121.824558473
66.000000000	39.690458197	-121.824569423
67.000000000	39.690469435	-121.824578195
68.000000000	39.690481600	-121.824584855
69.000000000	39.690494277	-121.824589263
70.000000000	39.690507340	-121.824591633
71.000000000	39.690520440	-121.824592418
72.000000000	39.690533535	-121.824592115
73.000000000	39.690546430	-121.824591385
74.000000000	39.690558932	-121.824593893
75.000000000	39.690571455	-121.824596900
76.000000000	39.690584452	-121.824597817
77.000000000	39.690597488	-121.824597422
78.000000000	39.690610383	-121.824595782
79.000000000	39.690622965	-121.824593935
80.000000000	39.690635440	-121.824595265
81.000000000	39.690648198	-121.824596847
82.000000000	39.690661105	-121.824596788
83.000000000	39.690674108	-121.824595397
84.000000000	39.690686948	-121.824592547
85.000000000	39.690699662	-121.824589780
86.000000000	39.690712448	-121.824590127
87.000000000	39.690725443	-121.824591060
88.000000000	39.690738517	-121.824589755
89.000000000	39.690751368	-121.824587090
90.000000000	39.690763945	-121.824582908
91.000000000	39.690776138	-121.824578805
92.000000000	39.690788702	-121.824577012
93.000000000	39.690800537	-121.824570047
94.000000000	39.690811272	-121.824560432
95.000000000	39.690820503	-121.824548538
96.000000000	39.690827975	-121.824535055
97.000000000	39.690833875	-121.824520062
98.000000000	39.690837740	-121.824504210
99.000000000	39.690839935	-121.824487805
100.000000000	39.690840458	-121.824471008
101.000000000	39.690839268	-121.824454157
102.000000000	39.690836332	-121.824437627
103.000000000	39.690832350	-121.824421608
104.000000000	39.690826890	-121.824406300
105.000000000	39.690820445	-121.824391878
106.000000000	39.690812622	-121.824378610
107.000000000	39.690802963	-121.824367647
108.000000000	39.690791808	-121.824358775
109.000000000	39.690779785	-121.824352145
110.000000000	39.690767275	-121.824347375
111.000000000	39.690754563	-121.824345075
112.000000000	39.690741783	-121.824344587
113.000000000	39.690728750	-121.824345298
114.000000000	39.690715915	-121.824346650
115.000000000	39.690703218	-121.824348105
116.000000000	39.690690828	-121.824346548
117.000000000	39.690678392	-121.824344995
118.000000000	39.690665710	-121.824345400
119.000000000	39.690653077	-121.824346923
120.000000000	39.690640532	-121.824349515
121.000000000	39.690628183	-121.824351933
122.000000000	39.690615690	-121.824351535
123.000000000	39.690603260	-121.824350563
124.000000000	39.690590643	-121.824351652
125.000000000	39.690578028	-121.824353908
126.000000000	39.690565497	-121.824357383
127.000000000	39.690553065	-121.824361003
128.000000000	39.690540620	-121.824361558
129.000000000	39.690528123	-121.824361798
130.000000000	39.690515375	-121.824364555
131.000000000	39.690502922	-121.824363813
132.000000000	39.690493057	-121.824355777
133.000000000	39.690487753	-121.824342888
134.000000000	39.690486943	-121.824328025
135.000000000	39.690489962	-121.824313282
136.000000000	39.690495973	-121.824300250
137.000000000	39.690504175	-121.824289188
138.000000000	39.690510830	-121.824275105
139.000000000	39.690515280	-121.824259148
140.000000000	39.690517470	-121.824242447
141.000000000	39.690517963	-121.824225407
142.000000000	39.690516888	-121.824208415
143.000000000	39.690514430	-121.824191978
144.000000000	39.690510447	-121.824175940
145.000000000	39.690508683	-121.824159805
146.000000000	39.690512597	-121.824145855
147.000000000	39.690521498	-121.824135633
148.000000000	39.690532572	-121.824131488
149.000000000	39.690544293	-121.824132343
150.000000000	39.690555588	-121.824137105
151.000000000	39.690565507	-121.824145990
152.000000000	39.690577063	-121.824153022
153.000000000	39.690589570	-121.824157762
154.000000000	39.690602473	-121.824160065
155.000000000	39.690615358	-121.824161347
156.000000000	39.690628162	-121.824161907
157.000000000	39.690640807	-121.824162467
158.000000000	39.690653155	-121.824166162
159.000000000	39.690665497	-121.824170048
160.000000000	39.690678142	-121.824172142
161.000000000	39.690691117	-121.824173413
162.000000000	39.690703903	-121.824173427
163.000000000	39.690716750	-121.824173500
164.000000000	39.690729048	-121.824176537
165.000000000	39.690741380	-121.824180048
166.000000000	39.690754082	-121.824181517
167.000000000	39.690766910	-121.824181992
168.000000000	39.690779652	-121.824181383
169.000000000	39.690792323	-121.824180780
170.000000000	39.690804790	-121.824183087
171.000000000	39.690817210	-121.824185685
172.000000000	39.690829962	-121.824186213
173.000000000	39.690842818	-121.824185757
174.000000000	39.690855475	-121.824184182
175.000000000	39.690867835	-121.824182505
176.000000000	39.690880115	-121.824183895
177.000000000	39.690892367	-121.824185455
178.000000000	39.690904665	-121.824185000
179.000000000	39.690916780	-121.824182888
180.000000000	39.690928547	-121.824179558
181.000000000	39.690938812	-121.824175928
182.000000000	39.690943837	-121.824175630
183.000000000	39.690944062	-121.824175578
184.000000000	39.690943588	-121.824175655
185.000000000	39.690943085	-121.824175673
186.000000000	39.690942650	-121.824175633
187.000000000	39.690942175	-121.824175658
188.000000000	39.690937480	-121.824172533
