0.000000000	39.690327000	-121.824280000	0.000000000
1.000000000	39.690756227	-121.824727398	1.000000000
2.000000000	39.690756263	-121.824727615	1.000000000
3.000000000	39.690756288	-121.824727783	0.000000000
4.000000000	39.690756323	-121.824727962	0.000000000
5.000000000	39.690756358	-121.824728077	1.000000000
6.000000000	39.690756367	-121.824728097	1.000000000
7.000000000	39.690756377	-121.824728073	1.000000000
8.000000000	39.690756338	-121.824727982	1.000000000
9.000000000	39.690756302	-121.824727892	1.000000000
10.000000000	39.690756315	-121.824727910	1.000000000
11.000000000	39.690756268	-121.824727853	0.000000000
12.000000000	39.690756210	-121.824727653	1.000000000
13.000000000	39.690756158	-121.824727438	1.000000000
14.000000000	39.690756103	-121.824727260	1.000000000
15.000000000	39.690756077	-121.824727143	1.000000000
16.000000000	39.690756103	-121.824727057	1.000000000
17.000000000	39.690756123	-121.824727015	1.000000000
18.000000000	39.690756117	-121.824727097	1.000000000
19.000000000	39.690756125	-121.824727063	0.000000000
20.000000000	39.690756140	-121.824727147	0.000000000
21.000000000	39.690756213	-121.824727253	0.000000000
22.000000000	39.690756340	-121.824727705	0.000000000
23.000000000	39.690756340	-121.824727705	0.000000000
24.000000000	39.690756340	-121.824727705	0.000000000
25.000000000	39.690756340	-121.824727705	0.000000000
26.000000000	39.690756340	-121.824727705	0.000000000
27.000000000	39.690756340	-121.824727705	0.000000000
28.000000000	39.690756340	-121.824727705	0.000000000
29.000000000	39.690756340	-121.824727705	0.000000000
30.000000000	39.690756340	-121.824727705	0.000000000
31.000000000	39.690756340	-121.824727705	0.000000000
32.000000000	39.690756340	-121.824727705	0.000000000
33.000000000	39.690756340	-121.824727705	0.000000000
34.000000000	39.690756340	-121.824727705	0.000000000
35.000000000	39.690756340	-121.824727705	0.000000000
36.000000000	39.690756340	-121.824727705	0.000000000
37.000000000	39.690756340	-121.824727705	0.000000000
38.000000000	39.690756340	-121.824727705	0.000000000
39.000000000	39.690756340	-121.824727705	0.000000000
40.000000000	39.690756340	-121.824727705	0.000000000
41.000000000	39.690756340	-121.824727705	0.000000000
42.000000000	39.690756340	-121.824727705	0.000000000
