0.000000000	39.690950000	-121.824223000
1.000000000	39.690950000	-121.824223000
2.000000000	39.690950000	-121.824223000
3.000000000	39.690950000	-121.824223000
4.000000000	39.690950000	-121.824223000
5.000000000	39.690950000	-121.824223000
6.000000000	39.690950000	-121.824223000
7.000000000	39.690950000	-121.824223000
8.000000000	39.690950000	-121.824223000
9.000000000	39.690950000	-121.824223000
10.000000000	39.690950000	-121.824223000
11.000000000	39.690950000	-121.824223000
12.000000000	39.690950000	-121.824223000
13.000000000	39.690950000	-121.824223000
14.000000000	39.690950000	-121.824223000
15.000000000	39.690950000	-121.824223000
16.000000000	39.690950000	-121.824223000
17.000000000	39.690950000	-121.824223000
18.000000000	39.690950000	-121.824223000
19.000000000	39.690950000	-121.824223000
20.000000000	39.690950000	-121.824223000
21.000000000	39.690950000	-121.824223000
22.000000000	39.690950000	-121.824223000
23.000000000	39.690950000	-121.824223000
24.000000000	39.690950000	-121.824223000
25.000000000	39.690950000	-121.824223000
26.000000000	39.690950000	-121.824223000
27.000000000	39.690950000	-121.824223000
28.000000000	39.690950000	-121.824223000
29.000000000	39.690950000	-121.824223000
30.000000000	39.690950000	-121.824223000
31.000000000	39.690950000	-121.824223000
32.000000000	39.690950000	-121.824223000
33.000000000	39.690950000	-121.824223000
34.000000000	39.690950000	-121.824223000
35.000000000	39.690950000	-121.824223000
36.000000000	39.690950000	-121.824223000
37.000000000	39.690950000	-121.824223000
38.000000000	39.690950000	-121.824223000
39.000000000	39.690950000	-121.824223000
40.000000000	39.690950000	-121.824223000
41.000000000	39.690950000	-121.824223000
42.000000000	39.690950000	-121.824223000
43.000000000	39.690950000	-121.824223000
44.000000000	39.690950000	-121.824223000
45.000000000	39.690950000	-121.824223000
46.000000000	39.690950000	-121.824223000
47.000000000	39.690950000	-121.824223000
48.000000000	39.690950000	-121.824223000
49.000000000	39.690450000	-121.824223000
50.000000000	39.690450000	-121.824223000
51.000000000	39.690450000	-121.824223000
52.000000000	39.690450000	-121.824223000
53.000000000	39.690450000	-121.824523000
54.000000000	39.690450000	-121.824523000
55.000000000	39.690450000	-121.824523000
56.000000000	39.690450000	-121.824523000
57.000000000	39.690450000	-121.824523000
58.000000000	39.690450000	-121.824523000
59.000000000	39.690450000	-121.824523000
60.000000000	39.690450000	-121.824523000
61.000000000	39.690450000	-121.824523000
62.000000000	39.690450000	-121.824523000
63.000000000	39.690450000	-121.824523000
64.000000000	39.690450000	-121.824523000
65.000000000	39.690450000	-121.824523000
66.000000000	39.690450000	-121.824523000
67.000000000	39.690450000	-121.824503000
68.000000000	39.690450000	-121.824503000
69.000000000	39.690450000	-121.824503000
70.000000000	39.690450000	-121.824503000
71.000000000	39.690800000	-121.824503000
72.000000000	39.690800000	-121.824503000
73.000000000	39.690800000	-121.824503000
74.000000000	39.690800000	-121.824503000
75.000000000	39.690800000	-121.824503000
76.000000000	39.690800000	-121.824503000
77.000000000	39.690800000	-121.824503000
78.000000000	39.690800000	-121.824503000
79.000000000	39.690800000	-121.824503000
80.000000000	39.690800000	-121.824503000
81.000000000	39.690800000	-121.824503000
82.000000000	39.690800000	-121.824503000
83.000000000	39.690800000	-121.824503000
84.000000000	39.690800000	-121.824503000
85.000000000	39.690800000	-121.824503000
86.000000000	39.690800000	-121.824503000
87.000000000	39.690800000	-121.824503000
88.000000000	39.690890000	-121.824503000
89.000000000	39.690890000	-121.824503000
90.000000000	39.690890000	-121.824423000
91.000000000	39.690890000	-121.824423000
92.000000000	39.690890000	-121.824423000
93.000000000	39.690890000	-121.824423000
94.000000000	39.690890000	-121.824423000
95.000000000	39.690890000	-121.824423000
96.000000000	39.690880000	-121.824423000
97.000000000	39.690880000	-121.824423000
98.000000000	39.690880000	-121.824423000
99.000000000	39.690880000	-121.824423000
100.000000000	39.690880000	-121.824423000
101.000000000	39.690880000	-121.824423000
102.000000000	39.690880000	-121.824423000
103.000000000	39.690880000	-121.824423000
104.000000000	39.690880000	-121.824423000
105.000000000	39.690880000	-121.824453000
106.000000000	39.690880000	-121.824453000
107.000000000	39.690880000	-121.824453000
108.000000000	39.690880000	-121.824453000
109.000000000	39.690870000	-121.824453000
110.000000000	39.690870000	-121.824453000
111.000000000	39.690870000	-121.824453000
112.000000000	39.690870000	-121.824453000
113.000000000	39.690870000	-121.824453000
114.000000000	39.690870000	-121.824453000
115.000000000	39.690870000	-121.824453000
116.000000000	39.690870000	-121.824453000
117.000000000	39.690870000	-121.824453000
118.000000000	39.690870000	-121.824453000
119.000000000	39.690870000	-121.824453000
120.000000000	39.690870000	-121.824443000
121.000000000	39.690870000	-121.824443000
122.000000000	39.690870000	-121.824443000
123.000000000	39.690870000	-121.824443000
124.000000000	39.690870000	-121.824443000
125.000000000	39.690870000	-121.824443000
126.000000000	39.690870000	-121.824443000
127.000000000	39.690860000	-121.824443000
128.000000000	39.690860000	-121.824443000
129.000000000	39.690860000	-121.824443000
130.000000000	39.690860000	-121.824443000
131.000000000	39.690860000	-121.824443000
132.000000000	39.690860000	-121.824443000
133.000000000	39.690860000	-121.824443000
134.000000000	39.690860000	-121.824443000
135.000000000	39.690860000	-121.824443000
136.000000000	39.690860000	-121.824443000
137.000000000	39.690860000	-121.824443000
138.000000000	39.690860000	-121.824433000
139.000000000	39.690860000	-121.824433000
140.000000000	39.690860000	-121.824433000
141.000000000	39.690860000	-121.824433000
142.000000000	39.690860000	-121.824433000
143.000000000	39.690860000	-121.824433000
144.000000000	39.690860000	-121.824433000
145.000000000	39.690860000	-121.824433000
146.000000000	39.690860000	-121.824433000
147.000000000	39.690860000	-121.824433000
148.000000000	39.690860000	-121.824433000
149.000000000	39.690860000	-121.824433000
150.000000000	39.690860000	-121.824433000
151.000000000	39.690860000	-121.824433000
152.000000000	39.690860000	-121.824433000
153.000000000	39.690860000	-121.824433000
154.000000000	39.690860000	-121.824433000
155.000000000	39.690860000	-121.824433000
156.000000000	39.690860000	-121.824433000
157.000000000	39.690860000	-121.824433000
158.000000000	39.690860000	-121.824433000
159.000000000	39.690860000	-121.824433000
160.000000000	39.690860000	-121.824433000
161.000000000	39.690820000	-121.824433000
162.000000000	39.690820000	-121.824433000
163.000000000	39.690820000	-121.824433000
164.000000000	39.690820000	-121.824433000
165.000000000	39.690820000	-121.824433000
166.000000000	39.690820000	-121.824433000
167.000000000	39.690820000	-121.824343000
168.000000000	39.690820000	-121.824343000
169.000000000	39.690820000	-121.824343000
170.000000000	39.690820000	-121.824343000
171.000000000	39.690820000	-121.824343000
172.000000000	39.690820000	-121.824343000
173.000000000	39.690820000	-121.824343000
174.000000000	39.690820000	-121.824343000
175.000000000	39.690820000	-121.824343000
176.000000000	39.690820000	-121.824343000
177.000000000	39.690820000	-121.824343000
178.000000000	39.690820000	-121.824343000
179.000000000	39.690820000	-121.824343000
180.000000000	39.690820000	-121.824343000
181.000000000	39.690820000	-121.824343000
182.000000000	39.690820000	-121.824343000
183.000000000	39.690820000	-121.824343000
184.000000000	39.690820000	-121.824343000
185.000000000	39.690820000	-121.824343000
186.000000000	39.690820000	-121.824343000
187.000000000	39.690820000	-121.824343000
188.000000000	39.690820000	-121.824343000
189.000000000	39.690820000	-121.824343000
190.000000000	39.690820000	-121.824343000
191.000000000	39.690820000	-121.824343000
192.000000000	39.690820000	-121.824343000
193.000000000	39.690820000	-121.824343000
194.000000000	39.690820000	-121.824343000
195.000000000	39.690820000	-121.824343000
196.000000000	39.690820000	-121.824343000
197.000000000	39.690820000	-121.824343000
198.000000000	39.690820000	-121.824343000
199.000000000	39.690820000	-121.824343000
200.000000000	39.690820000	-121.824343000
201.000000000	39.690820000	-121.824343000
202.000000000	39.690820000	-121.824343000
203.000000000	39.690820000	-121.824343000
204.000000000	39.690820000	-121.824343000
205.000000000	39.690820000	-121.824343000
206.000000000	39.690820000	-121.824343000
207.000000000	39.690820000	-121.824343000
208.000000000	39.690820000	-121.824343000
209.000000000	39.690820000	-121.824343000
210.000000000	39.690820000	-121.824343000
211.000000000	39.690820000	-121.824343000
212.000000000	39.690820000	-121.824343000
213.000000000	39.690820000	-121.824343000
214.000000000	39.690820000	-121.824343000
215.000000000	39.690820000	-121.824343000
216.000000000	39.690820000	-121.824343000
217.000000000	39.690820000	-121.824343000
218.000000000	39.690820000	-121.824343000
219.000000000	39.690820000	-121.824343000
220.000000000	39.690820000	-121.824343000
221.000000000	39.690820000	-121.824343000
222.000000000	39.690820000	-121.824343000
223.000000000	39.690820000	-121.824343000
224.000000000	39.690820000	-121.824343000
225.000000000	39.690820000	-121.824343000
226.000000000	39.690820000	-121.824343000
227.000000000	39.690820000	-121.824343000
228.000000000	39.690820000	-121.824343000
229.000000000	39.690820000	-121.824343000
230.000000000	39.690820000	-121.824343000
231.000000000	39.690820000	-121.824343000
232.000000000	39.690820000	-121.824343000
233.000000000	39.690820000	-121.824343000
234.000000000	39.690820000	-121.824343000
235.000000000	39.690820000	-121.824343000
236.000000000	39.690820000	-121.824343000
237.000000000	39.690820000	-121.824343000
