0.000000000	39.690705575	-121.824539042
1.000000000	39.690708100	-121.824540017
2.000000000	39.690708162	-121.824540022
3.000000000	39.690708222	-121.824540065
4.000000000	39.690708208	-121.824540035
5.000000000	39.690708203	-121.824540078
6.000000000	39.690708173	-121.824540057
7.000000000	39.690708197	-121.824540100
8.000000000	39.690708187	-121.824540113
9.000000000	39.690708208	-121.824540157
10.000000000	39.690708232	-121.824540165
11.000000000	39.690708293	-121.824540202
12.000000000	39.690708332	-121.824540222
13.000000000	39.690708413	-121.824540250
14.000000000	39.690708482	-121.824540257
15.000000000	39.690708620	-121.824540143
16.000000000	39.690708662	-121.824540092
17.000000000	39.690708728	-121.824540057
18.000000000	39.690708750	-121.824539985
19.000000000	39.690708782	-121.824539907
20.000000000	39.690708818	-121.824539797
21.000000000	39.690708815	-121.824539732
22.000000000	39.690708820	-121.824539668
23.000000000	39.690708787	-121.824539645
24.000000000	39.690708760	-121.824539623
25.000000000	39.690708760	-121.824539638
26.000000000	39.690708693	-121.824539862
27.000000000	39.690708680	-121.824539915
28.000000000	39.690708682	-121.824539917
29.000000000	39.690708643	-121.824539890
30.000000000	39.690708597	-121.824539867
31.000000000	39.690708552	-121.824539790
32.000000000	39.690708467	-121.824539725
33.000000000	39.690708362	-121.824539685
34.000000000	39.690708262	-121.824539610
35.000000000	39.690708135	-121.824539550
36.000000000	39.690708023	-121.824539512
37.000000000	39.690707940	-121.824539467
38.000000000	39.690707832	-121.824539422
39.000000000	39.690707775	-121.824539392
40.000000000	39.690708368	-121.824543920
41.000000000	39.690708468	-121.824543788
42.000000000	39.690708292	-121.824544035
43.000000000	39.690711452	-121.824555340
44.000000000	39.690716245	-121.824565940
45.000000000	39.690719748	-121.824576822
46.000000000	39.690720277	-121.824587528
47.000000000	39.690719130	-121.824598135
48.000000000	39.690716608	-121.824608328
49.000000000	39.690712943	-121.824618033
50.000000000	39.690708413	-121.824626910
51.000000000	39.690702915	-121.824635490
52.000000000	39.690696977	-121.824642325
53.000000000	39.690690123	-121.824649065
54.000000000	39.690682658	-121.824654665
55.000000000	39.690674933	-121.824659435
56.000000000	39.690666880	-121.824663285
57.000000000	39.690658503	-121.824666628
58.000000000	39.690650098	-121.824668760
59.000000000	39.690641665	-121.824669848
60.000000000	39.690632988	-121.824670108
61.000000000	39.690624400	-121.824669663
62.000000000	39.690616012	-121.824668350
63.000000000	39.690607837	-121.824666257
64.000000000	39.690599682	-121.824663563
65.000000000	39.690591823	-121.824660230
66.000000000	39.690583948	-121.824656432
67.000000000	39.690576247	-121.824652060
68.000000000	39.690568808	-121.824647098
69.000000000	39.690561133	-121.824642502
70.000000000	39.690553160	-121.824636318
71.000000000	39.690545983	-121.824630188
72.000000000	39.690539022	-121.824623440
73.000000000	39.690532040	-121.824616430
74.000000000	39.690525250	-121.824608950
75.000000000	39.690518603	-121.824601558
76.000000000	39.690512135	-121.824593580
77.000000000	39.690505890	-121.824585473
78.000000000	39.690499987	-121.824577105
79.000000000	39.690494145	-121.824568375
80.000000000	39.690488922	-121.824559367
81.000000000	39.690486372	-121.824548853
82.000000000	39.690484935	-121.824538243
83.000000000	39.690484768	-121.824528155
84.000000000	39.690485878	-121.824517437
85.000000000	39.690488117	-121.824507093
86.000000000	39.690491212	-121.824497165
87.000000000	39.690495337	-121.824487175
88.000000000	39.690500367	-121.824478353
89.000000000	39.690506165	-121.824470052
90.000000000	39.690512442	-121.824462475
91.000000000	39.690519390	-121.824455050
92.000000000	39.690526632	-121.824448987
93.000000000	39.690534300	-121.824443637
94.000000000	39.690542230	-121.824438903
95.000000000	39.690550337	-121.824434910
96.000000000	39.690558715	-121.824431715
97.000000000	39.690567375	-121.824429430
98.000000000	39.690575865	-121.824427985
99.000000000	39.690584363	-121.824427160
100.000000000	39.690593292	-121.824426917
101.000000000	39.690602067	-121.824427112
102.000000000	39.690610962	-121.824427928
103.000000000	39.690619912	-121.824429345
104.000000000	39.690628822	-121.824431032
105.000000000	39.690637513	-121.824433300
106.000000000	39.690646120	-121.824436147
107.000000000	39.690654435	-121.824439377
108.000000000	39.690662760	-121.824442912
109.000000000	39.690671257	-121.824446872
110.000000000	39.690679595	-121.824451082
111.000000000	39.690687788	-121.824455403
112.000000000	39.690696020	-121.824460062
113.000000000	39.690704107	-121.824464868
114.000000000	39.690712310	-121.824469972
115.000000000	39.690720423	-121.824475152
116.000000000	39.690728497	-121.824480683
117.000000000	39.690736532	-121.824486170
118.000000000	39.690744495	-121.824491872
119.000000000	39.690752138	-121.824497530
120.000000000	39.690759980	-121.824502942
121.000000000	39.690768433	-121.824506820
122.000000000	39.690777303	-121.824509640
123.000000000	39.690786445	-121.824511597
124.000000000	39.690795598	-121.824512692
125.000000000	39.690804598	-121.824512735
126.000000000	39.690813452	-121.824511602
127.000000000	39.690822383	-121.824509987
128.000000000	39.690831072	-121.824507587
129.000000000	39.690839760	-121.824503695
130.000000000	39.690847985	-121.824499090
131.000000000	39.690856083	-121.824493610
132.000000000	39.690863720	-121.824487557
133.000000000	39.690870943	-121.824480230
134.000000000	39.690877555	-121.824472125
135.000000000	39.690883550	-121.824463310
136.000000000	39.690888862	-121.824454153
137.000000000	39.690893573	-121.824444027
138.000000000	39.690897538	-121.824433457
139.000000000	39.690900785	-121.824422525
140.000000000	39.690903255	-121.824411308
141.000000000	39.690905085	-121.824399820
142.000000000	39.690906233	-121.824388105
143.000000000	39.690906447	-121.824376342
144.000000000	39.690906262	-121.824364700
145.000000000	39.690905042	-121.824352958
146.000000000	39.690903110	-121.824341423
147.000000000	39.690900363	-121.824330305
148.000000000	39.690896943	-121.824319392
149.000000000	39.690892712	-121.824309088
150.000000000	39.690887672	-121.824298968
151.000000000	39.690881962	-121.824289662
152.000000000	39.690875597	-121.824281057
153.000000000	39.690868648	-121.824273337
154.000000000	39.690861103	-121.824266615
155.000000000	39.690853043	-121.824260910
156.000000000	39.690844637	-121.824256232
157.000000000	39.690835807	-121.824252682
158.000000000	39.690826843	-121.824250210
159.000000000	39.690817645	-121.824249127
160.000000000	39.690808357	-121.824249418
161.000000000	39.690799275	-121.824251203
162.000000000	39.690790312	-121.824253885
163.000000000	39.690781607	-121.824257842
164.000000000	39.690773350	-121.824263127
165.000000000	39.690765668	-121.824269637
166.000000000	39.690758547	-121.824277163
167.000000000	39.690752180	-121.824285605
168.000000000	39.690745237	-121.824292405
169.000000000	39.690737695	-121.824298453
170.000000000	39.690729815	-121.824303965
171.000000000	39.690722045	-121.824309463
172.000000000	39.690714022	-121.824314032
173.000000000	39.690705792	-121.824318265
174.000000000	39.690697688	-121.824321912
175.000000000	39.690689357	-121.824325227
176.000000000	39.690680845	-121.824328220
177.000000000	39.690672417	-121.824330737
178.000000000	39.690663668	-121.824333158
179.000000000	39.690654942	-121.824335028
180.000000000	39.690646345	-121.824336547
181.000000000	39.690637497	-121.824337853
182.000000000	39.690628610	-121.824338870
183.000000000	39.690619903	-121.824339357
184.000000000	39.690611252	-121.824339708
185.000000000	39.690602380	-121.824339652
186.000000000	39.690593678	-121.824339283
187.000000000	39.690585042	-121.824338965
188.000000000	39.690576228	-121.824338437
189.000000000	39.690567558	-121.824337832
190.000000000	39.690558782	-121.824336822
191.000000000	39.690550087	-121.824335807
192.000000000	39.690541302	-121.824334585
193.000000000	39.690532827	-121.824332528
194.000000000	39.690524458	-121.824329472
195.000000000	39.690516442	-121.824325660
196.000000000	39.690508832	-121.824321382
197.000000000	39.690501028	-121.824316108
198.000000000	39.690493400	-121.824310303
199.000000000	39.690486143	-121.824304010
200.000000000	39.690479248	-121.824297125
201.000000000	39.690472668	-121.824290120
202.000000000	39.690466327	-121.824282543
203.000000000	39.690460283	-121.824274272
204.000000000	39.690454687	-121.824265707
205.000000000	39.690449733	-121.824256508
206.000000000	39.690445672	-121.824246955
207.000000000	39.690442210	-121.824236577
208.000000000	39.690439595	-121.824226278
209.000000000	39.690437638	-121.824215818
210.000000000	39.690436168	-121.824204687
211.000000000	39.690435247	-121.824193445
212.000000000	39.690435272	-121.824182548
213.000000000	39.690435813	-121.824171342
214.000000000	39.690437055	-121.824160473
215.000000000	39.690439133	-121.824149707
216.000000000	39.690442060	-121.824139252
217.000000000	39.690445815	-121.824129358
218.000000000	39.690450155	-121.824119768
219.000000000	39.690455372	-121.824111128
220.000000000	39.690460897	-121.824102873
221.000000000	39.690467032	-121.824095228
222.000000000	39.690473682	-121.824088087
223.000000000	39.690480760	-121.824081713
224.000000000	39.690488263	-121.824076027
225.000000000	39.690495913	-121.824070922
226.000000000	39.690503265	-121.824066182
227.000000000	39.690510803	-121.824062210
228.000000000	39.690510787	-121.824062203
229.000000000	39.690509962	-121.824062685
230.000000000	39.690510137	-121.824062603
231.000000000	39.690515675	-121.824068295
232.000000000	39.690514308	-121.824068467
233.000000000	39.690510147	-121.824070482
234.000000000	39.690504505	-121.824074040
235.000000000	39.690497408	-121.824078103
236.000000000	39.690489872	-121.824083648
237.000000000	39.690482582	-121.824091417
238.000000000	39.690476670	-121.824096297
239.000000000	39.690473723	-121.824098268
240.000000000	39.690473723	-121.824098103
241.000000000	39.690473760	-121.824098117
242.000000000	39.690474025	-121.824097997
243.000000000	39.690475160	-121.824097100
244.000000000	39.690478415	-121.824094368
245.000000000	39.690481760	-121.824091447
246.000000000	39.690485193	-121.824087667
247.000000000	39.690487683	-121.824084605
248.000000000	39.690489503	-121.824082132
249.000000000	39.690491340	-121.824079162
250.000000000	39.690493285	-121.824076108
251.000000000	39.690495155	-121.824072753
252.000000000	39.690495990	-121.824072032
253.000000000	39.690495858	-121.824072377
254.000000000	39.690493067	-121.824075375
255.000000000	39.690487803	-121.824081003
256.000000000	39.690482320	-121.824088367
257.000000000	39.690477383	-121.824095610
258.000000000	39.690473455	-121.824106337
259.000000000	39.690466883	-121.824119458
260.000000000	39.690457837	-121.824130870
261.000000000	39.690447832	-121.824139203
262.000000000	39.690439492	-121.824143563
263.000000000	39.690436140	-121.824144820
264.000000000	39.690439400	-121.824143385
265.000000000	39.690445288	-121.824139768
266.000000000	39.690450883	-121.824134800
267.000000000	39.690456352	-121.824128163
268.000000000	39.690460867	-121.824121453
269.000000000	39.690466325	-121.824115935
270.000000000	39.690471957	-121.824111392
271.000000000	39.690474838	-121.824109327
272.000000000	39.690481712	-121.824105087
273.000000000	39.690489743	-121.824100930
274.000000000	39.690497867	-121.824097072
275.000000000	39.690506183	-121.824093623
276.000000000	39.690514427	-121.824090537
277.000000000	39.690522943	-121.824087883
278.000000000	39.690531522	-121.824085490
279.000000000	39.690540032	-121.824083617
280.000000000	39.690548723	-121.824082070
281.000000000	39.690557373	-121.824080888
282.000000000	39.690565988	-121.824079713
283.000000000	39.690574777	-121.824078973
284.000000000	39.690583507	-121.824078742
285.000000000	39.690592292	-121.824078705
286.000000000	39.690601193	-121.824078657
287.000000000	39.690609955	-121.824078845
288.000000000	39.690618638	-121.824079130
289.000000000	39.690627492	-121.824079543
290.000000000	39.690636428	-121.824080200
291.000000000	39.690645123	-121.824080995
292.000000000	39.690653865	-121.824081918
293.000000000	39.690662472	-121.824082840
294.000000000	39.690671508	-121.824083907
295.000000000	39.690680265	-121.824084907
296.000000000	39.690688930	-121.824086053
297.000000000	39.690697870	-121.824087322
298.000000000	39.690706818	-121.824088662
299.000000000	39.690715595	-121.824089885
300.000000000	39.690724433	-121.824091372
301.000000000	39.690733417	-121.824092965
302.000000000	39.690742257	-121.824094633
303.000000000	39.690751140	-121.824096233
304.000000000	39.690759922	-121.824097868
305.000000000	39.690768622	-121.824099568
306.000000000	39.690777388	-121.824101388
307.000000000	39.690786117	-121.824103312
308.000000000	39.690794845	-121.824105213
309.000000000	39.690803570	-121.824107273
310.000000000	39.690812307	-121.824109155
311.000000000	39.690821077	-121.824111087
312.000000000	39.690829842	-121.824113183
313.000000000	39.690838547	-121.824115187
314.000000000	39.690847207	-121.824116955
315.000000000	39.690855817	-121.824118897
316.000000000	39.690864437	-121.824120708
317.000000000	39.690872907	-121.824122518
318.000000000	39.690881510	-121.824124025
319.000000000	39.690890003	-121.824125683
320.000000000	39.690898517	-121.824127287
321.000000000	39.690906945	-121.824128495
322.000000000	39.690915563	-121.824129540
323.000000000	39.690924030	-121.824128700
324.000000000	39.690932718	-121.824127758
325.000000000	39.690941210	-121.824126255
326.000000000	39.690949492	-121.824124030
327.000000000	39.690957803	-121.824121078
328.000000000	39.690966097	-121.824117083
329.000000000	39.690974273	-121.824112725
330.000000000	39.690982113	-121.824107700
331.000000000	39.690989648	-121.824101900
