0.000000000	39.690522338	-121.824119442
1.000000000	39.690519432	-121.824113387
2.000000000	39.690519427	-121.824113263
3.000000000	39.690519348	-121.824113173
4.000000000	39.690519395	-121.824113117
5.000000000	39.690519435	-121.824113105
6.000000000	39.690519473	-121.824113075
7.000000000	39.690519615	-121.824113180
8.000000000	39.690519695	-121.824113232
9.000000000	39.690519733	-121.824113188
10.000000000	39.690519752	-121.824113207
11.000000000	39.690519712	-121.824113092
12.000000000	39.690519653	-121.824112958
13.000000000	39.690519555	-121.824112797
14.000000000	39.690519483	-121.824112660
15.000000000	39.690519447	-121.824112553
16.000000000	39.690519420	-121.824112372
17.000000000	39.690519350	-121.824112250
18.000000000	39.690519367	-121.824112122
19.000000000	39.690519315	-121.824112037
20.000000000	39.690519303	-121.824111922
21.000000000	39.690519573	-121.824112043
22.000000000	39.690519325	-121.824111887
23.000000000	39.690519342	-121.824111885
24.000000000	39.690519368	-121.824111925
25.000000000	39.690519298	-121.824111813
26.000000000	39.690519142	-121.824111642
27.000000000	39.690518978	-121.824111483
28.000000000	39.690523202	-121.824104973
29.000000000	39.690542920	-121.824098505
30.000000000	39.690560877	-121.824111787
31.000000000	39.690566750	-121.824137428
32.000000000	39.690557522	-121.824161593
33.000000000	39.690538305	-121.824170685
34.000000000	39.690517647	-121.824162692
35.000000000	39.690496898	-121.824150117
36.000000000	39.690478818	-121.824131765
37.000000000	39.690463377	-121.824108790
38.000000000	39.690452527	-121.824084308
39.000000000	39.690446528	-121.824063455
40.000000000	39.690443667	-121.824047857
41.000000000	39.690442267	-121.824038170
42.000000000	39.690442158	-121.824035030
43.000000000	39.690442125	-121.824035022
44.000000000	39.690442132	-121.824035033
45.000000000	39.690442088	-121.824035078
46.000000000	39.690442180	-121.824035122
47.000000000	39.690442257	-121.824035247
