0.000000000	39.690709092	-121.824359768
1.000000000	39.690774162	-121.824594880
2.000000000	39.690773520	-121.824594870
3.000000000	39.690773050	-121.824594807
4.000000000	39.690772557	-121.824594675
5.000000000	39.690772105	-121.824594607
6.000000000	39.690771838	-121.824594485
7.000000000	39.690771592	-121.824594488
8.000000000	39.690771343	-121.824594577
9.000000000	39.690771157	-121.824594675
10.000000000	39.690771003	-121.824594737
11.000000000	39.690771042	-121.824594967
12.000000000	39.690771063	-121.824595222
13.000000000	39.690771065	-121.824595378
14.000000000	39.690771155	-121.824595652
15.000000000	39.690771250	-121.824595965
16.000000000	39.690771272	-121.824596282
17.000000000	39.690771267	-121.824596612
18.000000000	39.690771077	-121.824596963
19.000000000	39.690771267	-121.824597317
20.000000000	39.690770057	-121.824597213
21.000000000	39.690771585	-121.824597813
22.000000000	39.690771775	-121.824598042
23.000000000	39.690771992	-121.824598175
24.000000000	39.690772260	-121.824598292
25.000000000	39.690772513	-121.824598412
26.000000000	39.690772885	-121.824608423
27.000000000	39.690770733	-121.824622333
28.000000000	39.690767332	-121.824635653
29.000000000	39.690762033	-121.824648203
30.000000000	39.690754880	-121.824658638
31.000000000	39.690746425	-121.824667743
32.000000000	39.690736733	-121.824674922
33.000000000	39.690726420	-121.824680305
34.000000000	39.690715868	-121.824683778
35.000000000	39.690705123	-121.824685445
36.000000000	39.690694298	-121.824685290
37.000000000	39.690683117	-121.824684218
38.000000000	39.690672040	-121.824681882
39.000000000	39.690660887	-121.824678823
40.000000000	39.690650130	-121.824674162
41.000000000	39.690639515	-121.824668728
42.000000000	39.690629217	-121.824662185
43.000000000	39.690619107	-121.824655115
44.000000000	39.690609502	-121.824647290
45.000000000	39.690600270	-121.824638912
46.000000000	39.690591178	-121.824629910
47.000000000	39.690582455	-121.824620500
48.000000000	39.690573830	-121.824610638
49.000000000	39.690565223	-121.824600495
50.000000000	39.690556613	-121.824590070
51.000000000	39.690548243	-121.824579410
52.000000000	39.690539963	-121.824568815
53.000000000	39.690531685	-121.824558132
54.000000000	39.690523360	-121.824547322
55.000000000	39.690514932	-121.824536520
56.000000000	39.690506272	-121.824526183
57.000000000	39.690497400	-121.824516033
58.000000000	39.690487908	-121.824506807
59.000000000	39.690477578	-121.824499052
60.000000000	39.690467787	-121.824490013
61.000000000	39.690462893	-121.824478105
62.000000000	39.690462098	-121.824464702
63.000000000	39.690463357	-121.824451178
64.000000000	39.690466395	-121.824438183
65.000000000	39.690472210	-121.824426398
66.000000000	39.690479623	-121.824415800
67.000000000	39.690488475	-121.824406598
68.000000000	39.690498323	-121.824399000
69.000000000	39.690509440	-121.824393507
70.000000000	39.690520307	-121.824389752
71.000000000	39.690531555	-121.824387487
72.000000000	39.690542948	-121.824386545
73.000000000	39.690554460	-121.824387155
74.000000000	39.690566000	-121.824388888
75.000000000	39.690577282	-121.824391813
76.000000000	39.690588575	-121.824395462
77.000000000	39.690599685	-121.824399985
78.000000000	39.690610450	-121.824405717
79.000000000	39.690620867	-121.824412232
80.000000000	39.690631308	-121.824419133
81.000000000	39.690641283	-121.824426518
82.000000000	39.690651243	-121.824434585
83.000000000	39.690661023	-121.824442872
84.000000000	39.690670670	-121.824451602
85.000000000	39.690680123	-121.824460522
86.000000000	39.690689468	-121.824469840
87.000000000	39.690698857	-121.824479195
88.000000000	39.690708320	-121.824488553
89.000000000	39.690717902	-121.824497933
90.000000000	39.690727617	-121.824507452
91.000000000	39.690737442	-121.824516667
92.000000000	39.690747463	-121.824525527
93.000000000	39.690757688	-121.824533868
94.000000000	39.690768025	-121.824541522
95.000000000	39.690778987	-121.824547972
96.000000000	39.690790510	-121.824552625
97.000000000	39.690802357	-121.824555243
98.000000000	39.690814503	-121.824555113
99.000000000	39.690826437	-121.824552245
100.000000000	39.690837917	-121.824546327
101.000000000	39.690848297	-121.824537580
102.000000000	39.690857050	-121.824526255
103.000000000	39.690863803	-121.824512782
104.000000000	39.690866220	-121.824496992
105.000000000	39.690868443	-121.824481300
106.000000000	39.690867538	-121.824465233
107.000000000	39.690863753	-121.824449705
108.000000000	39.690858423	-121.824435628
109.000000000	39.690850603	-121.824422985
110.000000000	39.690841095	-121.824412500
111.000000000	39.690830390	-121.824404570
112.000000000	39.690818872	-121.824399080
113.000000000	39.690806880	-121.824396145
114.000000000	39.690794613	-121.824395467
115.000000000	39.690782398	-121.824397012
116.000000000	39.690770483	-121.824400642
117.000000000	39.690758853	-121.824406563
118.000000000	39.690748107	-121.824414585
119.000000000	39.690738290	-121.824424225
120.000000000	39.690728778	-121.824434938
121.000000000	39.690720888	-121.824446793
122.000000000	39.690711522	-121.824457698
123.000000000	39.690707083	-121.824472378
124.000000000	39.690707968	-121.824490742
125.000000000	39.690706828	-121.824506473
126.000000000	39.690706898	-121.824522207
127.000000000	39.690708572	-121.824537980
128.000000000	39.690712102	-121.824553333
129.000000000	39.690717385	-121.824567935
130.000000000	39.690724568	-121.824581452
131.000000000	39.690733038	-121.824593397
132.000000000	39.690742773	-121.824603395
133.000000000	39.690753458	-121.824611345
134.000000000	39.690764720	-121.824617330
135.000000000	39.690776458	-121.824621222
136.000000000	39.690788647	-121.824622977
137.000000000	39.690800770	-121.824622542
138.000000000	39.690812772	-121.824619703
139.000000000	39.690824358	-121.824615202
140.000000000	39.690835288	-121.824608592
141.000000000	39.690845532	-121.824600348
142.000000000	39.690854923	-121.824590353
143.000000000	39.690863153	-121.824578940
144.000000000	39.690870105	-121.824565998
145.000000000	39.690875318	-121.824551892
146.000000000	39.690878743	-121.824536788
147.000000000	39.690880878	-121.824521512
148.000000000	39.690880392	-121.824505650
149.000000000	39.690878695	-121.824490138
150.000000000	39.690875443	-121.824475463
151.000000000	39.690869722	-121.824461675
152.000000000	39.690861602	-121.824448995
153.000000000	39.690852982	-121.824438338
154.000000000	39.690842700	-121.824430865
155.000000000	39.690831622	-121.824422932
156.000000000	39.690821990	-121.824419333
157.000000000	39.690813305	-121.824417448
158.000000000	39.690803818	-121.824417003
159.000000000	39.690793837	-121.824417610
160.000000000	39.690783847	-121.824419615
161.000000000	39.690774000	-121.824423180
162.000000000	39.690761975	-121.824429687
163.000000000	39.690748333	-121.824440835
164.000000000	39.690734562	-121.824457168
165.000000000	39.690722493	-121.824479423
166.000000000	39.690711343	-121.824501683
167.000000000	39.690711980	-121.824530642
168.000000000	39.690714255	-121.824556690
169.000000000	39.690721077	-121.824581773
170.000000000	39.690732398	-121.824602977
171.000000000	39.690746850	-121.824619305
172.000000000	39.690761357	-121.824630010
173.000000000	39.690770548	-121.824632317
174.000000000	39.690781103	-121.824634650
175.000000000	39.690791792	-121.824638360
176.000000000	39.690795507	-121.824638663
177.000000000	39.690794997	-121.824638830
178.000000000	39.690793645	-121.824639112
179.000000000	39.690793407	-121.824639578
180.000000000	39.690793522	-121.824639348
181.000000000	39.690793400	-121.824639813
182.000000000	39.690793368	-121.824639818
183.000000000	39.690793375	-121.824640290
184.000000000	39.690793475	-121.824639860
185.000000000	39.690793370	-121.824640317
186.000000000	39.690793215	-121.824640777
187.000000000	39.690793160	-121.824640943
188.000000000	39.690793128	-121.824640992
189.000000000	39.690793607	-121.824639372
190.000000000	39.690793612	-121.824640067
191.000000000	39.690793522	-121.824640530
192.000000000	39.690793572	-121.824640917
193.000000000	39.690793610	-121.824641112
194.000000000	39.690793710	-121.824640992
195.000000000	39.690793925	-121.824636403
196.000000000	39.690793250	-121.824635002
197.000000000	39.690791290	-121.824636085
198.000000000	39.690788917	-121.824636765
199.000000000	39.690787980	-121.824635132
200.000000000	39.690788898	-121.824632127
201.000000000	39.690789057	-121.824631925
202.000000000	39.690789102	-121.824632203
203.000000000	39.690789543	-121.824630858
204.000000000	39.690789618	-121.824631685
205.000000000	39.690789937	-121.824631297
206.000000000	39.690790053	-121.824631962
207.000000000	39.690789722	-121.824634672
208.000000000	39.690790215	-121.824633558
209.000000000	39.690790203	-121.824634703
210.000000000	39.690790105	-121.824635990
211.000000000	39.690790157	-121.824636607
212.000000000	39.690790197	-121.824637000
213.000000000	39.690790283	-121.824637257
214.000000000	39.690791008	-121.824635052
215.000000000	39.690791510	-121.824634572
216.000000000	39.690791830	-121.824634953
217.000000000	39.690799117	-121.824628015
218.000000000	39.690809167	-121.824617893
219.000000000	39.690817902	-121.824606850
220.000000000	39.690826032	-121.824595742
221.000000000	39.690833590	-121.824583203
222.000000000	39.690840032	-121.824570253
223.000000000	39.690845532	-121.824556250
224.000000000	39.690849555	-121.824541430
225.000000000	39.690852065	-121.824526157
226.000000000	39.690852797	-121.824510613
227.000000000	39.690851470	-121.824495020
228.000000000	39.690847882	-121.824479927
229.000000000	39.690842027	-121.824465815
230.000000000	39.690834258	-121.824453322
231.000000000	39.690825090	-121.824443240
232.000000000	39.690814065	-121.824435427
233.000000000	39.690802653	-121.824430247
234.000000000	39.690790675	-121.824427567
235.000000000	39.690778642	-121.824427215
236.000000000	39.690766672	-121.824430008
237.000000000	39.690754850	-121.824434652
238.000000000	39.690743780	-121.824441932
239.000000000	39.690734047	-121.824451322
240.000000000	39.690725557	-121.824462170
241.000000000	39.690718405	-121.824474680
242.000000000	39.690712655	-121.824488418
243.000000000	39.690708590	-121.824502948
244.000000000	39.690706170	-121.824518240
245.000000000	39.690705687	-121.824531017
246.000000000	39.690705798	-121.824538457
247.000000000	39.690705893	-121.824539455
248.000000000	39.690705893	-121.824539482
249.000000000	39.690705825	-121.824539377
250.000000000	39.690705757	-121.824539262
251.000000000	39.690705662	-121.824539142
252.000000000	39.690705575	-121.824539042
253.000000000	39.690705575	-121.824539042
