0.000000000	39.690802860	-121.824168083
1.000000000	39.690830957	-121.824144323
2.000000000	39.690830927	-121.824143977
3.000000000	39.690830950	-121.824143602
4.000000000	39.690831020	-121.824142897
5.000000000	39.690830915	-121.824142622
6.000000000	39.690830690	-121.824142602
7.000000000	39.690830428	-121.824142958
8.000000000	39.690830405	-121.824143345
9.000000000	39.690828612	-121.824144407
10.000000000	39.690827238	-121.824144915
11.000000000	39.690825812	-121.824145262
12.000000000	39.690814675	-121.824152168
13.000000000	39.690813360	-121.824152355
14.000000000	39.690811987	-121.824152352
15.000000000	39.690810700	-121.824152393
16.000000000	39.690809567	-121.824152523
17.000000000	39.690808485	-121.824152517
18.000000000	39.690807303	-121.824152563
19.000000000	39.690806223	-121.824152478
20.000000000	39.690805215	-121.824152620
21.000000000	39.690812313	-121.824147143
22.000000000	39.690809637	-121.824152388
23.000000000	39.690817975	-121.824149667
24.000000000	39.690826027	-121.824144903
25.000000000	39.690833397	-121.824138135
26.000000000	39.690840237	-121.824130627
27.000000000	39.690847987	-121.824125938
28.000000000	39.690856098	-121.824126370
29.000000000	39.690863662	-121.824129415
30.000000000	39.690870813	-121.824134863
31.000000000	39.690876875	-121.824142362
32.000000000	39.690888330	-121.824146712
33.000000000	39.690891212	-121.824157537
34.000000000	39.690895100	-121.824166907
35.000000000	39.690895148	-121.824178395
36.000000000	39.690893518	-121.824190075
37.000000000	39.690886500	-121.824204145
38.000000000	39.690882065	-121.824214805
39.000000000	39.690876698	-121.824224655
40.000000000	39.690870785	-121.824233633
41.000000000	39.690863995	-121.824241933
42.000000000	39.690856802	-121.824249498
43.000000000	39.690849162	-121.824256712
44.000000000	39.690841575	-121.824263850
45.000000000	39.690834388	-121.824271813
46.000000000	39.690827275	-121.824279710
47.000000000	39.690820253	-121.824288120
48.000000000	39.690813317	-121.824296435
49.000000000	39.690806415	-121.824304850
50.000000000	39.690799593	-121.824313693
51.000000000	39.690793033	-121.824322533
52.000000000	39.690785972	-121.824330550
53.000000000	39.690778033	-121.824337208
54.000000000	39.690770090	-121.824343820
55.000000000	39.690762593	-121.824351195
56.000000000	39.690755007	-121.824358773
57.000000000	39.690747848	-121.824366712
58.000000000	39.690740437	-121.824374585
59.000000000	39.690733465	-121.824382275
60.000000000	39.690726447	-121.824390258
61.000000000	39.690719383	-121.824398307
62.000000000	39.690712070	-121.824405547
63.000000000	39.690704198	-121.824411668
64.000000000	39.690696253	-121.824417638
65.000000000	39.690688525	-121.824424543
66.000000000	39.690680942	-121.824431488
67.000000000	39.690673370	-121.824438580
68.000000000	39.690665878	-121.824445858
69.000000000	39.690658412	-121.824453318
70.000000000	39.690651185	-121.824460942
71.000000000	39.690643467	-121.824467907
72.000000000	39.690635310	-121.824473640
73.000000000	39.690626857	-121.824478395
74.000000000	39.690618413	-121.824483260
75.000000000	39.690610840	-121.824490923
76.000000000	39.690603565	-121.824498450
77.000000000	39.690596082	-121.824505538
78.000000000	39.690588268	-121.824512165
79.000000000	39.690579878	-121.824516912
80.000000000	39.690571262	-121.824521577
81.000000000	39.690563118	-121.824527277
82.000000000	39.690554978	-121.824532928
83.000000000	39.690546888	-121.824538675
84.000000000	39.690538748	-121.824544542
85.000000000	39.690530320	-121.824549700
86.000000000	39.690521628	-121.824553243
87.000000000	39.690512782	-121.824556208
88.000000000	39.690504015	-121.824558930
89.000000000	39.690495722	-121.824564497
90.000000000	39.690487730	-121.824570532
91.000000000	39.690481285	-121.824578962
92.000000000	39.690477835	-121.824589547
93.000000000	39.690475802	-121.824601563
94.000000000	39.690475655	-121.824614125
95.000000000	39.690477673	-121.824626200
96.000000000	39.690481850	-121.824637642
97.000000000	39.690487678	-121.824647762
98.000000000	39.690495152	-121.824655817
99.000000000	39.690503803	-121.824661522
100.000000000	39.690513227	-121.824664847
101.000000000	39.690522968	-121.824665860
102.000000000	39.690532598	-121.824664850
103.000000000	39.690541958	-121.824661727
104.000000000	39.690551188	-121.824656935
105.000000000	39.690560113	-121.824651133
106.000000000	39.690568698	-121.824645563
107.000000000	39.690577858	-121.824643053
108.000000000	39.690586803	-121.824640527
109.000000000	39.690595738	-121.824636803
110.000000000	39.690604748	-121.824632863
111.000000000	39.690613760	-121.824628710
112.000000000	39.690622727	-121.824624540
113.000000000	39.690631552	-121.824620347
114.000000000	39.690640155	-121.824616128
115.000000000	39.690648558	-121.824611872
116.000000000	39.690657132	-121.824608695
117.000000000	39.690666033	-121.824606972
118.000000000	39.690674993	-121.824605013
119.000000000	39.690683835	-121.824602212
120.000000000	39.690692733	-121.824599273
121.000000000	39.690701707	-121.824596355
122.000000000	39.690710553	-121.824593325
123.000000000	39.690719548	-121.824590010
124.000000000	39.690728500	-121.824586762
125.000000000	39.690737573	-121.824583292
126.000000000	39.690746683	-121.824580885
127.000000000	39.690755747	-121.824580183
128.000000000	39.690764823	-121.824579262
129.000000000	39.690773803	-121.824577470
130.000000000	39.690782810	-121.824574728
131.000000000	39.690790748	-121.824568278
132.000000000	39.690797660	-121.824559835
133.000000000	39.690802693	-121.824549773
134.000000000	39.690806520	-121.824538778
135.000000000	39.690808683	-121.824526928
136.000000000	39.690809368	-121.824514933
137.000000000	39.690809058	-121.824502740
138.000000000	39.690808125	-121.824490822
139.000000000	39.690806530	-121.824479125
140.000000000	39.690805037	-121.824467442
141.000000000	39.690803592	-121.824455753
142.000000000	39.690802985	-121.824443922
143.000000000	39.690803607	-121.824432327
144.000000000	39.690804163	-121.824420682
145.000000000	39.690803522	-121.824408812
146.000000000	39.690801535	-121.824397107
147.000000000	39.690799138	-121.824385477
148.000000000	39.690794580	-121.824374763
149.000000000	39.690787923	-121.824365825
150.000000000	39.690779842	-121.824358722
151.000000000	39.690770857	-121.824353923
152.000000000	39.690761500	-121.824350882
153.000000000	39.690751755	-121.824350168
154.000000000	39.690742342	-121.824348885
155.000000000	39.690733642	-121.824345215
156.000000000	39.690724183	-121.824344692
157.000000000	39.690714860	-121.824346473
158.000000000	39.690705730	-121.824348975
159.000000000	39.690696727	-121.824350137
160.000000000	39.690687532	-121.824351555
161.000000000	39.690678365	-121.824353193
162.000000000	39.690669250	-121.824354773
163.000000000	39.690660305	-121.824354077
164.000000000	39.690651488	-121.824351858
165.000000000	39.690642253	-121.824352533
166.000000000	39.690633067	-121.824355135
167.000000000	39.690623938	-121.824357732
168.000000000	39.690614942	-121.824357185
169.000000000	39.690605827	-121.824357392
170.000000000	39.690596490	-121.824359090
171.000000000	39.690587373	-121.824362407
172.000000000	39.690578273	-121.824362780
173.000000000	39.690569185	-121.824362868
174.000000000	39.690559952	-121.824364753
175.000000000	39.690550897	-121.824368447
176.000000000	39.690542100	-121.824372215
177.000000000	39.690533180	-121.824371312
178.000000000	39.690524873	-121.824367905
179.000000000	39.690515808	-121.824366492
180.000000000	39.690507547	-121.824362250
181.000000000	39.690500668	-121.824355267
182.000000000	39.690494930	-121.824346880
183.000000000	39.690490262	-121.824337343
184.000000000	39.690486883	-121.824326812
185.000000000	39.690486095	-121.824316197
186.000000000	39.690485083	-121.824309583
187.000000000	39.690484280	-121.824306402
188.000000000	39.690484077	-121.824303848
189.000000000	39.690484275	-121.824292905
190.000000000	39.690485243	-121.824281285
191.000000000	39.690487265	-121.824269968
192.000000000	39.690489317	-121.824258502
193.000000000	39.690491368	-121.824247095
194.000000000	39.690496748	-121.824238443
195.000000000	39.690501852	-121.824228908
196.000000000	39.690504122	-121.824216818
197.000000000	39.690504060	-121.824204437
198.000000000	39.690502807	-121.824192072
199.000000000	39.690501140	-121.824180038
200.000000000	39.690502033	-121.824168255
201.000000000	39.690505892	-121.824158183
202.000000000	39.690511313	-121.824148957
203.000000000	39.690518028	-121.824141792
204.000000000	39.690525552	-121.824135642
205.000000000	39.690533900	-121.824132708
206.000000000	39.690542680	-121.824130382
207.000000000	39.690551725	-121.824129650
208.000000000	39.690560878	-121.824130345
209.000000000	39.690569000	-121.824134630
210.000000000	39.690577725	-121.824137842
211.000000000	39.690587185	-121.824138003
212.000000000	39.690596505	-121.824137775
213.000000000	39.690605622	-121.824138173
214.000000000	39.690614735	-121.824139550
215.000000000	39.690623532	-121.824142198
216.000000000	39.690632437	-121.824144750
217.000000000	39.690641433	-121.824146627
218.000000000	39.690650732	-121.824147183
219.000000000	39.690660105	-121.824146048
220.000000000	39.690669335	-121.824145045
221.000000000	39.690678268	-121.824146887
222.000000000	39.690687278	-121.824148410
223.000000000	39.690696443	-121.824149225
224.000000000	39.690705692	-121.824149860
225.000000000	39.690714797	-121.824150217
226.000000000	39.690724017	-121.824150642
227.000000000	39.690733213	-121.824150892
228.000000000	39.690745847	-121.824147917
229.000000000	39.690754915	-121.824149150
230.000000000	39.690758600	-121.824155283
231.000000000	39.690764890	-121.824161008
232.000000000	39.690772845	-121.824166710
233.000000000	39.690780635	-121.824172538
234.000000000	39.690789978	-121.824174640
235.000000000	39.690799432	-121.824174437
236.000000000	39.690808857	-121.824172480
237.000000000	39.690818037	-121.824169925
238.000000000	39.690827033	-121.824170418
239.000000000	39.690835925	-121.824171967
240.000000000	39.690844770	-121.824174015
241.000000000	39.690853778	-121.824175953
242.000000000	39.690863102	-121.824174570
243.000000000	39.690872295	-121.824173107
244.000000000	39.690881215	-121.824172218
245.000000000	39.690893448	-121.824169493
246.000000000	39.690902038	-121.824171158
247.000000000	39.690907572	-121.824175882
248.000000000	39.690916315	-121.824176725
249.000000000	39.690925168	-121.824176490
250.000000000	39.690932010	-121.824174558
251.000000000	39.690933730	-121.824174375
252.000000000	39.690933308	-121.824174377
253.000000000	39.690932908	-121.824174390
254.000000000	39.690932640	-121.824174433
255.000000000	39.690932398	-121.824174550
256.000000000	39.690932377	-121.824174543
257.000000000	39.690932332	-121.824174583
258.000000000	39.690931687	-121.824175117
259.000000000	39.690935668	-121.824171597
