0.000000000	39.690327000	-121.824280000	0.000000000
1.000000000	39.690423910	-121.824418437	1.000000000
2.000000000	39.690399803	-121.824391030	0.000000000
3.000000000	39.690399525	-121.824390750	0.000000000
4.000000000	39.690400960	-121.824392255	0.000000000
5.000000000	39.690403350	-121.824394995	0.000000000
6.000000000	39.690405610	-121.824397507	0.000000000
7.000000000	39.690406067	-121.824397645	0.000000000
8.000000000	39.690407030	-121.824398633	0.000000000
9.000000000	39.690408225	-121.824399508	0.000000000
10.000000000	39.690410627	-121.824401788	0.000000000
11.000000000	39.690410627	-121.824401788	0.000000000
12.000000000	39.690348207	-121.824317005	0.000000000
13.000000000	39.690382940	-121.824363237	0.000000000
14.000000000	39.690382940	-121.824363237	1.000000000
15.000000000	39.690382940	-121.824363237	1.000000000
16.000000000	39.690253768	-121.824183163	1.000000000
17.000000000	39.690159303	-121.824058395	0.000000000
18.000000000	39.690159303	-121.824058395	0.000000000
19.000000000	39.690159303	-121.824058395	0.000000000
20.000000000	39.690159303	-121.824058395	0.000000000
21.000000000	39.690159303	-121.824058395	1.000000000
22.000000000	39.690380625	-121.824353468	1.000000000
23.000000000	39.690389945	-121.824366287	1.000000000
24.000000000	39.690407337	-121.824393008	1.000000000
25.000000000	39.690411925	-121.824400190	1.000000000
26.000000000	39.690416452	-121.824407055	1.000000000
27.000000000	39.690419177	-121.824411658	0.000000000
28.000000000	39.690422753	-121.824416150	1.000000000
29.000000000	39.690423358	-121.824417352	0.000000000
30.000000000	39.690422682	-121.824416762	0.000000000
31.000000000	39.690422075	-121.824416160	0.000000000
32.000000000	39.690420353	-121.824414532	0.000000000
33.000000000	39.690421483	-121.824415767	0.000000000
34.000000000	39.690424133	-121.824418765	0.000000000
35.000000000	39.690429675	-121.824424722	0.000000000
36.000000000	39.690430845	-121.824425838	0.000000000
37.000000000	39.690431427	-121.824426170	0.000000000
38.000000000	39.690432827	-121.824427425	0.000000000
39.000000000	39.690433387	-121.824427732	0.000000000
40.000000000	39.690433622	-121.824427850	0.000000000
41.000000000	39.690433578	-121.824427588	0.000000000
42.000000000	39.690433280	-121.824426583	0.000000000
43.000000000	39.690433045	-121.824425815	0.000000000
44.000000000	39.690432375	-121.824424988	0.000000000
45.000000000	39.690427067	-121.824430210	0.000000000
46.000000000	39.690421485	-121.824436470	0.000000000
47.000000000	39.690416427	-121.824443308	0.000000000
48.000000000	39.690412175	-121.824450778	0.000000000
49.000000000	39.690409508	-121.824459425	0.000000000
50.000000000	39.690407905	-121.824468548	0.000000000
51.000000000	39.690407558	-121.824477670	0.000000000
52.000000000	39.690407340	-121.824486453	0.000000000
53.000000000	39.690408107	-121.824495445	0.000000000
54.000000000	39.690410287	-121.824504198	0.000000000
55.000000000	39.690413022	-121.824512442	0.000000000
56.000000000	39.690416458	-121.824520265	0.000000000
57.000000000	39.690420362	-121.824527998	0.000000000
58.000000000	39.690425050	-121.824535097	0.000000000
59.000000000	39.690430467	-121.824541768	0.000000000
60.000000000	39.690436018	-121.824547868	0.000000000
61.000000000	39.690441785	-121.824553437	0.000000000
62.000000000	39.690447768	-121.824558385	0.000000000
63.000000000	39.690454233	-121.824563210	0.000000000
64.000000000	39.690460820	-121.824567673	0.000000000
65.000000000	39.690467657	-121.824571953	0.000000000
66.000000000	39.690474405	-121.824575622	0.000000000
67.000000000	39.690481023	-121.824579003	0.000000000
68.000000000	39.690487823	-121.824582112	0.000000000
69.000000000	39.690494342	-121.824585612	0.000000000
70.000000000	39.690500698	-121.824588953	0.000000000
71.000000000	39.690507365	-121.824592250	0.000000000
72.000000000	39.690514012	-121.824595303	0.000000000
73.000000000	39.690520552	-121.824598218	0.000000000
74.000000000	39.690530160	-121.824602682	0.000000000
75.000000000	39.690537050	-121.824605785	0.000000000
76.000000000	39.690544040	-121.824608913	0.000000000
77.000000000	39.690551147	-121.824612087	0.000000000
78.000000000	39.690558665	-121.824615380	0.000000000
79.000000000	39.690565687	-121.824618447	0.000000000
80.000000000	39.690572538	-121.824621090	0.000000000
81.000000000	39.690579488	-121.824624035	0.000000000
82.000000000	39.690586595	-121.824626898	0.000000000
83.000000000	39.690593128	-121.824629332	0.000000000
84.000000000	39.690600420	-121.824632060	0.000000000
85.000000000	39.690607510	-121.824634862	0.000000000
86.000000000	39.690614702	-121.824637212	0.000000000
87.000000000	39.690619457	-121.824638900	0.000000000
88.000000000	39.690626267	-121.824641398	0.000000000
89.000000000	39.690634973	-121.824645270	0.000000000
90.000000000	39.690641910	-121.824647602	0.000000000
91.000000000	39.690648818	-121.824649370	0.000000000
92.000000000	39.690655855	-121.824651667	0.000000000
93.000000000	39.690662937	-121.824653705	0.000000000
94.000000000	39.690669945	-121.824655353	0.000000000
95.000000000	39.690677420	-121.824656362	0.000000000
96.000000000	39.690684568	-121.824657587	0.000000000
97.000000000	39.690691695	-121.824658688	0.000000000
98.000000000	39.690698772	-121.824659412	0.000000000
99.000000000	39.690706102	-121.824659483	0.000000000
100.000000000	39.690714023	-121.824658167	0.000000000
101.000000000	39.690721135	-121.824655518	0.000000000
102.000000000	39.690728098	-121.824652672	0.000000000
103.000000000	39.690734953	-121.824649168	0.000000000
104.000000000	39.690741557	-121.824644927	0.000000000
105.000000000	39.690747930	-121.824639942	0.000000000
106.000000000	39.690753725	-121.824634443	0.000000000
107.000000000	39.690759682	-121.824628567	0.000000000
108.000000000	39.690764930	-121.824622340	0.000000000
109.000000000	39.690769828	-121.824615628	0.000000000
110.000000000	39.690774323	-121.824608413	0.000000000
111.000000000	39.690778570	-121.824601107	0.000000000
112.000000000	39.690782232	-121.824593363	0.000000000
113.000000000	39.690785855	-121.824585457	0.000000000
114.000000000	39.690789285	-121.824577458	0.000000000
115.000000000	39.690792363	-121.824569123	0.000000000
116.000000000	39.690795197	-121.824560847	0.000000000
117.000000000	39.690797587	-121.824552180	0.000000000
118.000000000	39.690799912	-121.824543655	0.000000000
119.000000000	39.690802100	-121.824535122	0.000000000
120.000000000	39.690804150	-121.824526440	0.000000000
121.000000000	39.690805922	-121.824517712	0.000000000
122.000000000	39.690807558	-121.824508872	0.000000000
123.000000000	39.690808847	-121.824500090	0.000000000
124.000000000	39.690810370	-121.824491337	0.000000000
125.000000000	39.690811885	-121.824482483	0.000000000
126.000000000	39.690813440	-121.824473817	0.000000000
127.000000000	39.690815062	-121.824465057	0.000000000
128.000000000	39.690816478	-121.824456247	0.000000000
129.000000000	39.690817850	-121.824447540	0.000000000
130.000000000	39.690819080	-121.824438633	0.000000000
131.000000000	39.690820247	-121.824429748	0.000000000
132.000000000	39.690821963	-121.824421323	0.000000000
133.000000000	39.690823073	-121.824412425	0.000000000
134.000000000	39.690824153	-121.824403553	0.000000000
135.000000000	39.690824912	-121.824394535	0.000000000
136.000000000	39.690825373	-121.824385587	0.000000000
137.000000000	39.690825422	-121.824376285	0.000000000
138.000000000	39.690824710	-121.824367097	0.000000000
139.000000000	39.690823453	-121.824357893	0.000000000
140.000000000	39.690821780	-121.824348783	0.000000000
141.000000000	39.690819772	-121.824339823	0.000000000
142.000000000	39.690817352	-121.824331197	0.000000000
143.000000000	39.690814593	-121.824322652	0.000000000
144.000000000	39.690811573	-121.824314288	0.000000000
145.000000000	39.690808087	-121.824306188	0.000000000
146.000000000	39.690804473	-121.824298232	0.000000000
147.000000000	39.690800653	-121.824290330	0.000000000
148.000000000	39.690796432	-121.824282980	0.000000000
149.000000000	39.690792187	-121.824275642	0.000000000
150.000000000	39.690786953	-121.824268025	0.000000000
151.000000000	39.690782313	-121.824261063	0.000000000
152.000000000	39.690777645	-121.824254375	0.000000000
153.000000000	39.690772807	-121.824247723	0.000000000
154.000000000	39.690767912	-121.824241203	0.000000000
155.000000000	39.690762813	-121.824234972	0.000000000
156.000000000	39.690757490	-121.824228940	0.000000000
157.000000000	39.690751197	-121.824222790	0.000000000
158.000000000	39.690745780	-121.824216937	0.000000000
159.000000000	39.690740077	-121.824211670	0.000000000
160.000000000	39.690734493	-121.824206363	0.000000000
161.000000000	39.690728547	-121.824201178	0.000000000
162.000000000	39.690722877	-121.824196132	0.000000000
163.000000000	39.690716743	-121.824190652	1.000000000
164.000000000	39.690711658	-121.824185165	1.000000000
165.000000000	39.690709857	-121.824180035	1.000000000
166.000000000	39.690709778	-121.824177233	0.000000000
167.000000000	39.690709188	-121.824169927	0.000000000
168.000000000	39.690710795	-121.824161773	0.000000000
169.000000000	39.690714135	-121.824154715	0.000000000
170.000000000	39.690718873	-121.824149222	0.000000000
171.000000000	39.690724883	-121.824145532	0.000000000
172.000000000	39.690731248	-121.824144163	0.000000000
173.000000000	39.690737532	-121.824145287	0.000000000
174.000000000	39.690743537	-121.824148835	0.000000000
175.000000000	39.690748333	-121.824154282	0.000000000
176.000000000	39.690751890	-121.824161235	0.000000000
177.000000000	39.690753797	-121.824169338	0.000000000
178.000000000	39.690753713	-121.824177802	0.000000000
179.000000000	39.690751690	-121.824185702	0.000000000
180.000000000	39.690748050	-121.824192600	0.000000000
181.000000000	39.690743235	-121.824198027	0.000000000
182.000000000	39.690737215	-121.824201223	0.000000000
183.000000000	39.690730730	-121.824202080	0.000000000
184.000000000	39.690724402	-121.824200997	0.000000000
185.000000000	39.690718597	-121.824197535	0.000000000
186.000000000	39.690713432	-121.824191563	0.000000000
187.000000000	39.690710035	-121.824184998	0.000000000
188.000000000	39.690707622	-121.824177432	0.000000000
189.000000000	39.690706130	-121.824169780	0.000000000
190.000000000	39.690707453	-121.824161605	0.000000000
191.000000000	39.690710458	-121.824155418	0.000000000
192.000000000	39.690710510	-121.824155350	0.000000000
193.000000000	39.690710195	-121.824156015	0.000000000
194.000000000	39.690709963	-121.824155868	0.000000000
195.000000000	39.690710358	-121.824156310	0.000000000
196.000000000	39.690710540	-121.824156697	0.000000000
197.000000000	39.690710508	-121.824156840	0.000000000
198.000000000	39.690710747	-121.824157155	0.000000000
199.000000000	39.690710693	-121.824157180	0.000000000
200.000000000	39.690710733	-121.824157398	1.000000000
201.000000000	39.690710863	-121.824157627	0.000000000
202.000000000	39.690711005	-121.824157815	0.000000000
203.000000000	39.690711227	-121.824158192	1.000000000
204.000000000	39.690711387	-121.824158280	0.000000000
205.000000000	39.690711562	-121.824158398	0.000000000
206.000000000	39.690711703	-121.824158548	0.000000000
207.000000000	39.690712003	-121.824158732	1.000000000
208.000000000	39.690711915	-121.824159093	1.000000000
209.000000000	39.690711988	-121.824159258	1.000000000
210.000000000	39.690711835	-121.824159195	1.000000000
211.000000000	39.690711677	-121.824159072	1.000000000
212.000000000	39.690714942	-121.824155255	1.000000000
213.000000000	39.690715535	-121.824154842	1.000000000
214.000000000	39.690715405	-121.824155087	0.000000000
215.000000000	39.690715420	-121.824155030	0.000000000
216.000000000	39.690715510	-121.824154913	0.000000000
217.000000000	39.690715572	-121.824154787	0.000000000
218.000000000	39.690715715	-121.824154923	0.000000000
219.000000000	39.690715853	-121.824154895	1.000000000
220.000000000	39.690716113	-121.824154500	1.000000000
221.000000000	39.690716385	-121.824154752	1.000000000
222.000000000	39.690717152	-121.824155073	1.000000000
223.000000000	39.690716495	-121.824154703	1.000000000
224.000000000	39.690716183	-121.824154835	1.000000000
225.000000000	39.690716013	-121.824154917	1.000000000
226.000000000	39.690715843	-121.824154952	1.000000000
227.000000000	39.690715743	-121.824155065	1.000000000
228.000000000	39.690716332	-121.824155340	1.000000000
229.000000000	39.690716272	-121.824155567	0.000000000
230.000000000	39.690715920	-121.824155595	0.000000000
231.000000000	39.690715983	-121.824155707	0.000000000
232.000000000	39.690716538	-121.824155552	1.000000000
233.000000000	39.690716982	-121.824155392	1.000000000
234.000000000	39.690717223	-121.824155530	1.000000000
235.000000000	39.690717102	-121.824155557	1.000000000
236.000000000	39.690717148	-121.824155830	1.000000000
237.000000000	39.690717058	-121.824155872	1.000000000
238.000000000	39.690716852	-121.824155873	1.000000000
239.000000000	39.690716607	-121.824155887	1.000000000
240.000000000	39.690716643	-121.824156148	1.000000000
241.000000000	39.690716420	-121.824156193	1.000000000
242.000000000	39.690716317	-121.824156182	1.000000000
243.000000000	39.690716302	-121.824156242	1.000000000
244.000000000	39.690716302	-121.824156242	1.000000000
245.000000000	39.690716302	-121.824156242	1.000000000
