0.000000000	39.690934045	-121.824157377
1.000000000	39.690933513	-121.824156368
2.000000000	39.690933543	-121.824156207
3.000000000	39.690933673	-121.824156108
4.000000000	39.690934105	-121.824155375
5.000000000	39.690933903	-121.824155365
6.000000000	39.690932095	-121.824155712
7.000000000	39.690928855	-121.824155707
8.000000000	39.690923917	-121.824157602
9.000000000	39.690917465	-121.824159442
10.000000000	39.690911385	-121.824159952
11.000000000	39.690906993	-121.824161495
12.000000000	39.690902960	-121.824163978
13.000000000	39.690900045	-121.824166473
14.000000000	39.690899253	-121.824166965
15.000000000	39.690899097	-121.824166893
16.000000000	39.690898655	-121.824167028
17.000000000	39.690898010	-121.824167050
18.000000000	39.690897882	-121.824167000
19.000000000	39.690897878	-121.824167045
20.000000000	39.690897817	-121.824167063
21.000000000	39.690897767	-121.824167187
22.000000000	39.690897733	-121.824167267
23.000000000	39.690897678	-121.824167358
24.000000000	39.690897633	-121.824167435
25.000000000	39.690897583	-121.824167525
26.000000000	39.690897440	-121.824167942
27.000000000	39.690897412	-121.824168020
28.000000000	39.690897333	-121.824168023
29.000000000	39.690897363	-121.824167870
30.000000000	39.690897337	-121.824167888
31.000000000	39.690897303	-121.824167853
32.000000000	39.690897215	-121.824167732
33.000000000	39.690897163	-121.824167590
34.000000000	39.690897140	-121.824167322
35.000000000	39.690897268	-121.824167150
36.000000000	39.690897207	-121.824167108
37.000000000	39.690897292	-121.824167278
38.000000000	39.690897375	-121.824167288
39.000000000	39.690897410	-121.824167382
40.000000000	39.690897493	-121.824167440
41.000000000	39.690897560	-121.824167437
42.000000000	39.690897597	-121.824167518
43.000000000	39.690897640	-121.824167545
44.000000000	39.690888352	-121.824149378
45.000000000	39.690888798	-121.824150260
46.000000000	39.690889057	-121.824150683
47.000000000	39.690889245	-121.824150952
48.000000000	39.690889427	-121.824151090
49.000000000	39.690889463	-121.824151033
50.000000000	39.690889462	-121.824150912
51.000000000	39.690889433	-121.824150703
52.000000000	39.690889343	-121.824150437
53.000000000	39.690889233	-121.824150055
54.000000000	39.690889118	-121.824149773
55.000000000	39.690889068	-121.824149522
56.000000000	39.690889028	-121.824149352
57.000000000	39.690889037	-121.824149240
58.000000000	39.690889088	-121.824149295
59.000000000	39.690889093	-121.824149318
60.000000000	39.690889042	-121.824149235
61.000000000	39.690889040	-121.824149350
62.000000000	39.690889142	-121.824149347
63.000000000	39.690889268	-121.824149507
64.000000000	39.690889623	-121.824149505
65.000000000	39.690889752	-121.824149835
66.000000000	39.690889995	-121.824150108
67.000000000	39.690890050	-121.824150383
68.000000000	39.690890065	-121.824150287
69.000000000	39.690890103	-121.824149988
70.000000000	39.690889848	-121.824149708
71.000000000	39.690889860	-121.824149617
72.000000000	39.690889925	-121.824149687
73.000000000	39.690889918	-121.824149480
74.000000000	39.690890087	-121.824149408
75.000000000	39.690890263	-121.824149865
76.000000000	39.690890487	-121.824150043
77.000000000	39.690890585	-121.824150222
78.000000000	39.690890653	-121.824150603
79.000000000	39.690891030	-121.824150973
80.000000000	39.690891367	-121.824151452
81.000000000	39.690891620	-121.824151652
82.000000000	39.690891725	-121.824151238
83.000000000	39.690891793	-121.824151307
84.000000000	39.690892122	-121.824151680
85.000000000	39.690892307	-121.824151925
86.000000000	39.690892347	-121.824151935
87.000000000	39.690892485	-121.824152147
88.000000000	39.690892643	-121.824152432
89.000000000	39.690892780	-121.824152862
90.000000000	39.690892898	-121.824152945
91.000000000	39.690893030	-121.824153230
92.000000000	39.690893185	-121.824153392
93.000000000	39.690893222	-121.824153528
94.000000000	39.690893343	-121.824153558
95.000000000	39.690893363	-121.824153545
96.000000000	39.690893447	-121.824153647
97.000000000	39.690893475	-121.824153547
98.000000000	39.690893647	-121.824153725
99.000000000	39.690893725	-121.824153782
100.000000000	39.690893807	-121.824153833
101.000000000	39.690893903	-121.824153962
102.000000000	39.690894008	-121.824154017
103.000000000	39.690894077	-121.824154138
104.000000000	39.690894170	-121.824154128
105.000000000	39.690894265	-121.824154200
106.000000000	39.690894303	-121.824154385
107.000000000	39.690894367	-121.824154527
108.000000000	39.690894422	-121.824154638
109.000000000	39.690894432	-121.824154712
110.000000000	39.690894460	-121.824154745
111.000000000	39.690894600	-121.824154940
112.000000000	39.690894643	-121.824154962
113.000000000	39.690894642	-121.824154895
114.000000000	39.690894753	-121.824155112
115.000000000	39.690894813	-121.824155108
116.000000000	39.690894803	-121.824155015
117.000000000	39.690894865	-121.824154923
118.000000000	39.690894883	-121.824154730
119.000000000	39.690894907	-121.824154613
120.000000000	39.690894993	-121.824154645
121.000000000	39.690895000	-121.824154618
122.000000000	39.690895047	-121.824154607
123.000000000	39.690895083	-121.824154595
124.000000000	39.690895123	-121.824154575
125.000000000	39.690895152	-121.824154705
126.000000000	39.690895218	-121.824154720
127.000000000	39.690895270	-121.824154725
128.000000000	39.690895322	-121.824154813
129.000000000	39.690895385	-121.824154807
130.000000000	39.690895427	-121.824154820
131.000000000	39.690895398	-121.824154837
132.000000000	39.690895408	-121.824154762
133.000000000	39.690895397	-121.824154763
134.000000000	39.690895365	-121.824154958
135.000000000	39.690895352	-121.824154803
136.000000000	39.690895348	-121.824154782
137.000000000	39.690895363	-121.824154840
138.000000000	39.690895387	-121.824154883
139.000000000	39.690895500	-121.824154933
140.000000000	39.690895565	-121.824154983
141.000000000	39.690895662	-121.824155052
142.000000000	39.690895740	-121.824155215
143.000000000	39.690895860	-121.824155355
144.000000000	39.690895922	-121.824155513
145.000000000	39.690896017	-121.824155593
146.000000000	39.690896083	-121.824155710
147.000000000	39.690896188	-121.824155787
148.000000000	39.690896272	-121.824155847
149.000000000	39.690896345	-121.824156042
150.000000000	39.690896397	-121.824156102
151.000000000	39.690896445	-121.824156175
152.000000000	39.690898582	-121.824154358
153.000000000	39.690900022	-121.824153645
154.000000000	39.690902318	-121.824153270
155.000000000	39.690912187	-121.824148180
156.000000000	39.690922813	-121.824143440
157.000000000	39.690933592	-121.824139692
158.000000000	39.690943838	-121.824132923
159.000000000	39.690954520	-121.824130003
160.000000000	39.690964712	-121.824133817
161.000000000	39.690973913	-121.824141335
162.000000000	39.690981170	-121.824152062
163.000000000	39.690986017	-121.824165312
164.000000000	39.690990422	-121.824179412
165.000000000	39.690997772	-121.824192307
166.000000000	39.691002992	-121.824205943
167.000000000	39.691003283	-121.824221017
168.000000000	39.691000188	-121.824235348
169.000000000	39.690994662	-121.824249037
170.000000000	39.690987073	-121.824261047
171.000000000	39.690977435	-121.824271342
172.000000000	39.690966635	-121.824279397
173.000000000	39.690954787	-121.824281497
174.000000000	39.690942658	-121.824282873
175.000000000	39.690930483	-121.824287732
176.000000000	39.690919687	-121.824297918
177.000000000	39.690910770	-121.824309952
178.000000000	39.690902053	-121.824321520
179.000000000	39.690895975	-121.824336055
180.000000000	39.690888027	-121.824347810
181.000000000	39.690878197	-121.824356498
182.000000000	39.690867220	-121.824362245
183.000000000	39.690855990	-121.824366805
184.000000000	39.690845050	-121.824373590
185.000000000	39.690834405	-121.824381590
186.000000000	39.690825120	-121.824392273
187.000000000	39.690818023	-121.824405558
188.000000000	39.690816098	-121.824421447
189.000000000	39.690814282	-121.824437010
190.000000000	39.690808880	-121.824450538
191.000000000	39.690800590	-121.824460577
192.000000000	39.690790673	-121.824467575
193.000000000	39.690779713	-121.824471750
194.000000000	39.690768300	-121.824475580
195.000000000	39.690757677	-121.824483668
196.000000000	39.690746757	-121.824489300
197.000000000	39.690735817	-121.824494562
198.000000000	39.690725848	-121.824503943
199.000000000	39.690716550	-121.824513687
200.000000000	39.690705757	-121.824519073
201.000000000	39.690694740	-121.824521695
202.000000000	39.690683313	-121.824525260
203.000000000	39.690672782	-121.824533630
204.000000000	39.690662392	-121.824540723
205.000000000	39.690651345	-121.824546295
206.000000000	39.690640125	-121.824547955
207.000000000	39.690628655	-121.824547737
208.000000000	39.690616807	-121.824548077
209.000000000	39.690605525	-121.824554558
210.000000000	39.690595745	-121.824563853
211.000000000	39.690585137	-121.824569728
212.000000000	39.690574052	-121.824570815
213.000000000	39.690562942	-121.824569358
214.000000000	39.690551773	-121.824566273
215.000000000	39.690540618	-121.824561915
216.000000000	39.690528415	-121.824561635
217.000000000	39.690516518	-121.824564917
218.000000000	39.690505248	-121.824570788
219.000000000	39.690494690	-121.824577608
220.000000000	39.690483720	-121.824579520
221.000000000	39.690472592	-121.824581993
222.000000000	39.690462108	-121.824590613
223.000000000	39.690454265	-121.824603002
224.000000000	39.690449295	-121.824618503
225.000000000	39.690447538	-121.824635173
226.000000000	39.690443815	-121.824650772
227.000000000	39.690439902	-121.824667710
228.000000000	39.690442348	-121.824684670
229.000000000	39.690448575	-121.824698815
230.000000000	39.690457440	-121.824710313
231.000000000	39.690468607	-121.824717348
232.000000000	39.690480502	-121.824720713
233.000000000	39.690491883	-121.824723783
234.000000000	39.690503782	-121.824723592
235.000000000	39.690515237	-121.824719663
236.000000000	39.690525420	-121.824712488
237.000000000	39.690536607	-121.824707030
238.000000000	39.690546807	-121.824698307
239.000000000	39.690556577	-121.824688357
240.000000000	39.690567622	-121.824681652
241.000000000	39.690579030	-121.824673897
242.000000000	39.690591010	-121.824669585
243.000000000	39.690603002	-121.824666200
244.000000000	39.690614883	-121.824661712
245.000000000	39.690626473	-121.824655660
246.000000000	39.690635463	-121.824643975
247.000000000	39.690644038	-121.824632472
248.000000000	39.690654277	-121.824624808
249.000000000	39.690665390	-121.824620252
250.000000000	39.690676985	-121.824618527
251.000000000	39.690688682	-121.824618282
252.000000000	39.690700572	-121.824614055
253.000000000	39.690711687	-121.824606810
254.000000000	39.690721815	-121.824597408
255.000000000	39.690731242	-121.824587028
256.000000000	39.690741832	-121.824579640
257.000000000	39.690751133	-121.824569275
258.000000000	39.690761133	-121.824561262
259.000000000	39.690772228	-121.824558788
260.000000000	39.690783508	-121.824559748
261.000000000	39.690795322	-121.824558228
262.000000000	39.690806288	-121.824550993
263.000000000	39.690815107	-121.824540033
264.000000000	39.690821450	-121.824526308
265.000000000	39.690824620	-121.824511043
266.000000000	39.690823723	-121.824495205
267.000000000	39.690821593	-121.824479470
268.000000000	39.690817645	-121.824464718
269.000000000	39.690812472	-121.824450677
270.000000000	39.690809310	-121.824435882
271.000000000	39.690808575	-121.824420892
272.000000000	39.690809507	-121.824406055
273.000000000	39.690811367	-121.824391193
274.000000000	39.690809055	-121.824375748
275.000000000	39.690802538	-121.824362287
276.000000000	39.690793562	-121.824351655
277.000000000	39.690782800	-121.824343700
278.000000000	39.690770810	-121.824339193
279.000000000	39.690758310	-121.824338133
280.000000000	39.690745808	-121.824340442
281.000000000	39.690733728	-121.824345120
282.000000000	39.690722148	-121.824349877
283.000000000	39.690710828	-121.824352592
284.000000000	39.690699423	-121.824351928
285.000000000	39.690687895	-121.824350377
286.000000000	39.690676058	-121.824350085
287.000000000	39.690664052	-121.824350862
288.000000000	39.690652287	-121.824354928
289.000000000	39.690640893	-121.824360042
290.000000000	39.690629405	-121.824363820
291.000000000	39.690617883	-121.824366535
292.000000000	39.690606543	-121.824365322
293.000000000	39.690595005	-121.824362827
294.000000000	39.690583020	-121.824362078
295.000000000	39.690570953	-121.824362263
296.000000000	39.690558897	-121.824366437
297.000000000	39.690549030	-121.824376217
298.000000000	39.690540050	-121.824386805
299.000000000	39.690529538	-121.824393510
300.000000000	39.690518368	-121.824393497
301.000000000	39.690508150	-121.824388710
302.000000000	39.690499438	-121.824380157
303.000000000	39.690492595	-121.824368658
304.000000000	39.690488292	-121.824355397
305.000000000	39.690486398	-121.824340970
306.000000000	39.690486882	-121.824326332
307.000000000	39.690489252	-121.824311898
308.000000000	39.690492670	-121.824297713
309.000000000	39.690496680	-121.824283487
310.000000000	39.690497732	-121.824267693
311.000000000	39.690496478	-121.824251997
312.000000000	39.690493750	-121.824236652
313.000000000	39.690490340	-121.824221632
314.000000000	39.690490688	-121.824206562
315.000000000	39.690493768	-121.824192205
316.000000000	39.690499297	-121.824179622
317.000000000	39.690507668	-121.824170212
318.000000000	39.690517552	-121.824163477
319.000000000	39.690528620	-121.824159633
320.000000000	39.690539925	-121.824159152
321.000000000	39.690551318	-121.824160985
322.000000000	39.690562638	-121.824164750
323.000000000	39.690573928	-121.824169282
324.000000000	39.690586292	-121.824169417
325.000000000	39.690598037	-121.824163318
326.000000000	39.690609342	-121.824157065
327.000000000	39.690620382	-121.824150200
328.000000000	39.690632967	-121.824146067
329.000000000	39.690643383	-121.824149855
330.000000000	39.690654347	-121.824154548
331.000000000	39.690664485	-121.824161162
332.000000000	39.690676917	-121.824162927
333.000000000	39.690688905	-121.824162462
334.000000000	39.690700675	-121.824159607
335.000000000	39.690712367	-121.824155510
336.000000000	39.690724258	-121.824155603
337.000000000	39.690735672	-121.824158400
338.000000000	39.690747163	-121.824161185
339.000000000	39.690759245	-121.824159513
340.000000000	39.690771098	-121.824156322
341.000000000	39.690782722	-121.824152642
342.000000000	39.690794335	-121.824153628
343.000000000	39.690805658	-121.824157377
344.000000000	39.690816315	-121.824163243
345.000000000	39.690826637	-121.824170085
346.000000000	39.690838718	-121.824172847
347.000000000	39.690850907	-121.824172725
348.000000000	39.690862573	-121.824173992
349.000000000	39.690872115	-121.824181362
350.000000000	39.690877927	-121.824193473
351.000000000	39.690883410	-121.824206317
352.000000000	39.690892075	-121.824217323
353.000000000	39.690903200	-121.824223515
354.000000000	39.690914755	-121.824225650
355.000000000	39.690926193	-121.824224008
356.000000000	39.690936703	-121.824218392
357.000000000	39.690946205	-121.824209907
358.000000000	39.690953645	-121.824198250
359.000000000	39.690957968	-121.824185580
360.000000000	39.690960478	-121.824180370
361.000000000	39.690960897	-121.824179650
362.000000000	39.690960650	-121.824180058
363.000000000	39.690960538	-121.824180237
364.000000000	39.690960552	-121.824180303
365.000000000	39.690960500	-121.824180342
366.000000000	39.690960482	-121.824180382
367.000000000	39.690960408	-121.824180533
368.000000000	39.690960513	-121.824180355
369.000000000	39.690960502	-121.824180452
370.000000000	39.690960455	-121.824180512
371.000000000	39.690960420	-121.824180527
372.000000000	39.690960410	-121.824180833
373.000000000	39.690960698	-121.824180335
374.000000000	39.690961820	-121.824177028
375.000000000	39.690959927	-121.824204003
376.000000000	39.690954123	-121.824180195
377.000000000	39.690954303	-121.824180852
378.000000000	39.690954590	-121.824181467
379.000000000	39.690954775	-121.824182133
380.000000000	39.690954702	-121.824182600
381.000000000	39.690954698	-121.824182728
382.000000000	39.690954800	-121.824183258
383.000000000	39.690954710	-121.824183633
