0.000000000	39.690470000	-121.824573000
1.000000000	39.690470000	-121.824573000
2.000000000	39.690470000	-121.824573000
3.000000000	39.690470000	-121.824573000
4.000000000	39.690470000	-121.824573000
5.000000000	39.690470000	-121.824573000
6.000000000	39.690470000	-121.824573000
7.000000000	39.690470000	-121.824573000
8.000000000	39.690470000	-121.824573000
9.000000000	39.690470000	-121.824573000
10.000000000	39.690470000	-121.824573000
11.000000000	39.690470000	-121.824573000
12.000000000	39.690470000	-121.824573000
13.000000000	39.690470000	-121.824573000
14.000000000	39.690470000	-121.824573000
15.000000000	39.690470000	-121.824573000
16.000000000	39.690800000	-121.824573000
17.000000000	39.690800000	-121.824573000
18.000000000	39.690800000	-121.824573000
19.000000000	39.690800000	-121.824573000
20.000000000	39.690800000	-121.824573000
21.000000000	39.690800000	-121.824573000
22.000000000	39.690800000	-121.824573000
23.000000000	39.690800000	-121.824573000
24.000000000	39.690800000	-121.824573000
25.000000000	39.690800000	-121.824573000
26.000000000	39.690800000	-121.824573000
27.000000000	39.690800000	-121.824573000
28.000000000	39.690800000	-121.824373000
29.000000000	39.690800000	-121.824373000
30.000000000	39.690800000	-121.824373000
31.000000000	39.690800000	-121.824373000
32.000000000	39.690800000	-121.824373000
33.000000000	39.690800000	-121.824373000
34.000000000	39.690500000	-121.824373000
35.000000000	39.690500000	-121.824373000
36.000000000	39.690500000	-121.824373000
37.000000000	39.690500000	-121.824373000
38.000000000	39.690500000	-121.824373000
39.000000000	39.690500000	-121.824373000
40.000000000	39.690500000	-121.824373000
41.000000000	39.690500000	-121.824373000
42.000000000	39.690500000	-121.824373000
43.000000000	39.690500000	-121.824373000
44.000000000	39.690500000	-121.824373000
45.000000000	39.690500000	-121.824373000
46.000000000	39.690500000	-121.824373000
47.000000000	39.690500000	-121.824373000
48.000000000	39.690500000	-121.824373000
49.000000000	39.690500000	-121.824373000
50.000000000	39.690500000	-121.824373000
51.000000000	39.690500000	-121.824373000
52.000000000	39.690500000	-121.824373000
53.000000000	39.690500000	-121.824373000
54.000000000	39.690500000	-121.824373000
55.000000000	39.690500000	-121.824373000
56.000000000	39.690500000	-121.824173000
57.000000000	39.690500000	-121.824173000
58.000000000	39.690500000	-121.824173000
59.000000000	39.690500000	-121.824173000
60.000000000	39.690500000	-121.824173000
61.000000000	39.690500000	-121.824173000
62.000000000	39.690500000	-121.824173000
63.000000000	39.690500000	-121.824173000
64.000000000	39.690500000	-121.824173000
65.000000000	39.690500000	-121.824173000
66.000000000	39.690950000	-121.824173000
67.000000000	39.690950000	-121.824173000
68.000000000	39.690950000	-121.824173000
69.000000000	39.690950000	-121.824173000
70.000000000	39.690950000	-121.824173000
71.000000000	39.690950000	-121.824173000
72.000000000	39.690950000	-121.824173000
