0.000000000	39.690944273	-121.824164622	1.000000000
1.000000000	39.690946807	-121.824162452	1.000000000
2.000000000	39.690946903	-121.824162387	1.000000000
3.000000000	39.690946962	-121.824162410	1.000000000
4.000000000	39.690946950	-121.824162582	1.000000000
5.000000000	39.690946898	-121.824162695	0.000000000
6.000000000	39.690946857	-121.824162850	0.000000000
7.000000000	39.690946792	-121.824163032	0.000000000
8.000000000	39.690946732	-121.824163420	0.000000000
9.000000000	39.690948388	-121.824165817	0.000000000
10.000000000	39.690946540	-121.824163278	0.000000000
11.000000000	39.690947222	-121.824162270	0.000000000
