0.000000000	39.690929540	-121.824167868
1.000000000	39.690929540	-121.824167868
2.000000000	39.690931335	-121.824170253
3.000000000	39.690931397	-121.824170420
4.000000000	39.690931432	-121.824170553
5.000000000	39.690931463	-121.824170728
6.000000000	39.690931452	-121.824170782
7.000000000	39.690931477	-121.824170845
8.000000000	39.690931465	-121.824170927
9.000000000	39.690931480	-121.824170928
10.000000000	39.690931532	-121.824171013
11.000000000	39.690934900	-121.824172870
12.000000000	39.690941530	-121.824178913
13.000000000	39.690947313	-121.824186595
14.000000000	39.690951938	-121.824195578
15.000000000	39.690954972	-121.824205692
16.000000000	39.690956560	-121.824216782
17.000000000	39.690956330	-121.824228512
18.000000000	39.690954142	-121.824239883
19.000000000	39.690950542	-121.824250873
20.000000000	39.690944987	-121.824260923
21.000000000	39.690938228	-121.824269425
22.000000000	39.690930622	-121.824276683
23.000000000	39.690922160	-121.824283452
24.000000000	39.690913115	-121.824289672
25.000000000	39.690904212	-121.824296000
26.000000000	39.690895413	-121.824303227
27.000000000	39.690886935	-121.824310255
28.000000000	39.690878753	-121.824317473
29.000000000	39.690870852	-121.824324580
30.000000000	39.690863112	-121.824331665
31.000000000	39.690855498	-121.824338822
32.000000000	39.690848018	-121.824346138
33.000000000	39.690840213	-121.824352413
34.000000000	39.690831918	-121.824357383
35.000000000	39.690823623	-121.824362462
36.000000000	39.690815518	-121.824368395
37.000000000	39.690807557	-121.824374555
38.000000000	39.690799562	-121.824380853
39.000000000	39.690791735	-121.824387333
40.000000000	39.690784012	-121.824393943
41.000000000	39.690776337	-121.824400618
42.000000000	39.690768690	-121.824407515
43.000000000	39.690760763	-121.824413793
44.000000000	39.690752368	-121.824418717
45.000000000	39.690743873	-121.824423543
46.000000000	39.690735508	-121.824429240
47.000000000	39.690727407	-121.824435105
48.000000000	39.690719618	-121.824441093
49.000000000	39.690711710	-121.824447142
50.000000000	39.690703960	-121.824453363
51.000000000	39.690696195	-121.824459678
52.000000000	39.690688442	-121.824466038
53.000000000	39.690680322	-121.824471760
54.000000000	39.690671947	-121.824476002
55.000000000	39.690663562	-121.824480005
56.000000000	39.690655232	-121.824485178
57.000000000	39.690646938	-121.824490412
58.000000000	39.690638660	-121.824495707
59.000000000	39.690630462	-121.824501362
60.000000000	39.690622283	-121.824507068
61.000000000	39.690614137	-121.824512835
62.000000000	39.690605743	-121.824517893
63.000000000	39.690597303	-121.824522647
64.000000000	39.690588865	-121.824527303
65.000000000	39.690580322	-121.824531572
66.000000000	39.690571903	-121.824536533
67.000000000	39.690563607	-121.824541818
68.000000000	39.690555350	-121.824547235
69.000000000	39.690546863	-121.824551988
70.000000000	39.690538153	-121.824554022
71.000000000	39.690529345	-121.824556173
72.000000000	39.690520512	-121.824559523
73.000000000	39.690511622	-121.824562860
74.000000000	39.690502848	-121.824566398
75.000000000	39.690493912	-121.824568918
76.000000000	39.690485113	-121.824570010
77.000000000	39.690476395	-121.824574553
78.000000000	39.690469953	-121.824583573
79.000000000	39.690465512	-121.824594230
80.000000000	39.690463387	-121.824605845
81.000000000	39.690463503	-121.824617905
82.000000000	39.690465595	-121.824630063
83.000000000	39.690469847	-121.824641583
84.000000000	39.690476115	-121.824651623
85.000000000	39.690483825	-121.824659845
86.000000000	39.690492927	-121.824665613
87.000000000	39.690502795	-121.824668880
88.000000000	39.690512895	-121.824669527
89.000000000	39.690523200	-121.824667468
90.000000000	39.690532868	-121.824664012
91.000000000	39.690541912	-121.824659720
92.000000000	39.690550435	-121.824654333
93.000000000	39.690558770	-121.824648802
94.000000000	39.690567762	-121.824644295
95.000000000	39.690576848	-121.824641417
96.000000000	39.690586335	-121.824639507
97.000000000	39.690595812	-121.824637878
98.000000000	39.690604060	-121.824634572
99.000000000	39.690610408	-121.824633732
100.000000000	39.690614797	-121.824632208
101.000000000	39.690622497	-121.824631832
102.000000000	39.690631210	-121.824630153
103.000000000	39.690639288	-121.824623432
104.000000000	39.690647327	-121.824616863
105.000000000	39.690655715	-121.824611992
106.000000000	39.690664058	-121.824606388
107.000000000	39.690669230	-121.824600292
108.000000000	39.690676155	-121.824595457
109.000000000	39.690684662	-121.824592713
110.000000000	39.690693612	-121.824590918
111.000000000	39.690702792	-121.824590282
112.000000000	39.690712057	-121.824590122
113.000000000	39.690721342	-121.824587953
114.000000000	39.690730535	-121.824583960
115.000000000	39.690739433	-121.824579712
116.000000000	39.690748550	-121.824576768
117.000000000	39.690757645	-121.824576597
118.000000000	39.690766782	-121.824576892
119.000000000	39.690776042	-121.824575702
120.000000000	39.690785133	-121.824573843
121.000000000	39.690793652	-121.824567820
122.000000000	39.690800797	-121.824559060
123.000000000	39.690806280	-121.824548695
124.000000000	39.690810213	-121.824537203
125.000000000	39.690812772	-121.824525157
126.000000000	39.690813758	-121.824512505
127.000000000	39.690813367	-121.824499870
128.000000000	39.690811610	-121.824487693
129.000000000	39.690809112	-121.824475658
130.000000000	39.690806515	-121.824464063
131.000000000	39.690806147	-121.824452285
132.000000000	39.690806147	-121.824440515
133.000000000	39.690805273	-121.824428553
134.000000000	39.690804263	-121.824416782
135.000000000	39.690803125	-121.824404858
136.000000000	39.690801903	-121.824393035
137.000000000	39.690799902	-121.824381150
138.000000000	39.690794587	-121.824370550
139.000000000	39.690787562	-121.824361947
140.000000000	39.690779490	-121.824354852
141.000000000	39.690770360	-121.824349932
142.000000000	39.690761017	-121.824347435
143.000000000	39.690751300	-121.824347023
144.000000000	39.690741580	-121.824348115
145.000000000	39.690732037	-121.824350753
146.000000000	39.690722832	-121.824353875
147.000000000	39.690713777	-121.824356057
148.000000000	39.690704687	-121.824357518
149.000000000	39.690695882	-121.824356730
150.000000000	39.690686822	-121.824356073
151.000000000	39.690677733	-121.824356348
152.000000000	39.690668438	-121.824357808
153.000000000	39.690659368	-121.824360945
154.000000000	39.690650438	-121.824364175
155.000000000	39.690641417	-121.824364575
156.000000000	39.690632682	-121.824364040
157.000000000	39.690626265	-121.824364390
158.000000000	39.690623147	-121.824364860
159.000000000	39.690615520	-121.824369152
160.000000000	39.690606730	-121.824372773
161.000000000	39.690597775	-121.824375228
162.000000000	39.690589055	-121.824374570
163.000000000	39.690580160	-121.824373115
164.000000000	39.690571077	-121.824372032
165.000000000	39.690561733	-121.824372685
166.000000000	39.690552250	-121.824375688
167.000000000	39.690543262	-121.824378790
168.000000000	39.690534220	-121.824378325
169.000000000	39.690525285	-121.824376368
170.000000000	39.690517005	-121.824372705
171.000000000	39.690509847	-121.824366127
172.000000000	39.690503830	-121.824358192
173.000000000	39.690498995	-121.824348672
174.000000000	39.690495500	-121.824338502
175.000000000	39.690493133	-121.824327457
176.000000000	39.690492203	-121.824316135
177.000000000	39.690492090	-121.824304390
178.000000000	39.690492765	-121.824292663
179.000000000	39.690493943	-121.824280908
180.000000000	39.690493977	-121.824269022
181.000000000	39.690494045	-121.824256987
182.000000000	39.690493928	-121.824244973
183.000000000	39.690493615	-121.824232987
184.000000000	39.690494060	-121.824221010
185.000000000	39.690495795	-121.824209490
186.000000000	39.690498048	-121.824198163
187.000000000	39.690500737	-121.824186745
188.000000000	39.690505415	-121.824177142
189.000000000	39.690511592	-121.824168865
190.000000000	39.690519113	-121.824162618
191.000000000	39.690527345	-121.824158088
192.000000000	39.690535972	-121.824155208
193.000000000	39.690544723	-121.824154045
194.000000000	39.690553700	-121.824153807
195.000000000	39.690562857	-121.824154348
196.000000000	39.690572000	-121.824155515
197.000000000	39.690581213	-121.824156510
198.000000000	39.690590472	-121.824156887
199.000000000	39.690599673	-121.824156863
200.000000000	39.690609088	-121.824157197
201.000000000	39.690618373	-121.824157343
202.000000000	39.690627712	-121.824157410
203.000000000	39.690636952	-121.824157137
204.000000000	39.690646245	-121.824156713
205.000000000	39.690655440	-121.824156233
206.000000000	39.690664703	-121.824155615
207.000000000	39.690673878	-121.824156067
208.000000000	39.690682757	-121.824157937
209.000000000	39.690691823	-121.824159517
210.000000000	39.690701025	-121.824160592
211.000000000	39.690710310	-121.824161418
212.000000000	39.690719560	-121.824162183
213.000000000	39.690728878	-121.824162890
214.000000000	39.690738170	-121.824163347
215.000000000	39.690747445	-121.824163780
216.000000000	39.690756703	-121.824163958
217.000000000	39.690766053	-121.824163873
218.000000000	39.690775257	-121.824163840
219.000000000	39.690784437	-121.824163550
220.000000000	39.690793133	-121.824161480
221.000000000	39.690797913	-121.824158982
222.000000000	39.690800073	-121.824158412
223.000000000	39.690804913	-121.824155713
224.000000000	39.690813217	-121.824149908
225.000000000	39.690822020	-121.824146673
226.000000000	39.690830313	-121.824140397
227.000000000	39.690838213	-121.824134392
228.000000000	39.690846853	-121.824132402
229.000000000	39.690855567	-121.824132662
230.000000000	39.690864108	-121.824135130
231.000000000	39.690872208	-121.824138662
232.000000000	39.690880153	-121.824143482
233.000000000	39.690888153	-121.824148692
234.000000000	39.690896618	-121.824152588
235.000000000	39.690905155	-121.824156637
236.000000000	39.690913502	-121.824160392
237.000000000	39.690921862	-121.824164312
238.000000000	39.690928897	-121.824167253
239.000000000	39.690931393	-121.824168405
240.000000000	39.690931003	-121.824168287
241.000000000	39.690930587	-121.824168135
242.000000000	39.690930197	-121.824167997
243.000000000	39.690930167	-121.824167362
244.000000000	39.690928790	-121.824168413
245.000000000	39.690928723	-121.824168437
246.000000000	39.690928788	-121.824168382
247.000000000	39.690928828	-121.824168292
248.000000000	39.690928950	-121.824168217
249.000000000	39.690928838	-121.824168453
250.000000000	39.690928915	-121.824168455
251.000000000	39.690929632	-121.824167085
