0.000000000	39.690797515	-121.824484830
1.000000000	39.690805785	-121.824474790
2.000000000	39.690805608	-121.824474872
3.000000000	39.690805523	-121.824475055
4.000000000	39.690805453	-121.824475170
5.000000000	39.690805423	-121.824475297
6.000000000	39.690805410	-121.824475480
7.000000000	39.690805330	-121.824475665
8.000000000	39.690805293	-121.824475892
9.000000000	39.690805250	-121.824476037
10.000000000	39.690805228	-121.824476223
11.000000000	39.690805077	-121.824476643
12.000000000	39.690805095	-121.824476633
13.000000000	39.690804800	-121.824476758
14.000000000	39.690805052	-121.824476908
15.000000000	39.690805078	-121.824477005
16.000000000	39.690805132	-121.824477058
17.000000000	39.690805200	-121.824477133
18.000000000	39.690805252	-121.824477148
19.000000000	39.690805373	-121.824477065
20.000000000	39.690811300	-121.824493193
21.000000000	39.690804493	-121.824516000
22.000000000	39.690787338	-121.824526778
23.000000000	39.690769372	-121.824518978
24.000000000	39.690760105	-121.824497960
25.000000000	39.690764893	-121.824474815
26.000000000	39.690781033	-121.824462527
27.000000000	39.690799108	-121.824467780
28.000000000	39.690808463	-121.824485068
29.000000000	39.690807985	-121.824496772
30.000000000	39.690807495	-121.824499282
31.000000000	39.690807393	-121.824498962
32.000000000	39.690807202	-121.824499167
33.000000000	39.690806977	-121.824499305
34.000000000	39.690806813	-121.824499853
35.000000000	39.690806240	-121.824499547
36.000000000	39.690806405	-121.824499705
37.000000000	39.690806187	-121.824499680
38.000000000	39.690806125	-121.824499695
39.000000000	39.690806063	-121.824499730
40.000000000	39.690805938	-121.824499793
41.000000000	39.690805977	-121.824499665
42.000000000	39.690805908	-121.824499625
43.000000000	39.690805720	-121.824499792
44.000000000	39.690805833	-121.824499743
45.000000000	39.690805402	-121.824499320
46.000000000	39.690805133	-121.824499298
47.000000000	39.690803910	-121.824499760
48.000000000	39.690803508	-121.824500235
49.000000000	39.690803602	-121.824500370
50.000000000	39.690803412	-121.824500465
51.000000000	39.690803968	-121.824500333
52.000000000	39.690804067	-121.824500505
53.000000000	39.690803968	-121.824500653
54.000000000	39.690803827	-121.824500728
55.000000000	39.690803730	-121.824500797
56.000000000	39.690803730	-121.824500797
57.000000000	39.690803730	-121.824500797
58.000000000	39.690803730	-121.824500797
59.000000000	39.690803730	-121.824500797
60.000000000	39.690803730	-121.824500797
61.000000000	39.690803730	-121.824500797
62.000000000	39.690803730	-121.824500797
63.000000000	39.690803730	-121.824500797
64.000000000	39.690803730	-121.824500797
65.000000000	39.690803730	-121.824500797
66.000000000	39.690803730	-121.824500797
67.000000000	39.690803730	-121.824500797
68.000000000	39.690803730	-121.824500797
69.000000000	39.690803730	-121.824500797
70.000000000	39.690803730	-121.824500797
