0.000000000	39.690908210	-121.824146298
1.000000000	39.690915227	-121.824141727
2.000000000	39.690915237	-121.824141660
3.000000000	39.690915227	-121.824141630
4.000000000	39.690915198	-121.824141555
5.000000000	39.690915210	-121.824141533
6.000000000	39.690915240	-121.824141493
7.000000000	39.690915267	-121.824141465
8.000000000	39.690915227	-121.824141392
9.000000000	39.690915070	-121.824141633
10.000000000	39.690915193	-121.824141467
11.000000000	39.690915147	-121.824141453
12.000000000	39.690915160	-121.824141392
13.000000000	39.690915162	-121.824141352
14.000000000	39.690915098	-121.824141315
15.000000000	39.690915132	-121.824141300
16.000000000	39.690915072	-121.824141330
17.000000000	39.690915040	-121.824141300
18.000000000	39.690914977	-121.824141220
19.000000000	39.690914940	-121.824141167
20.000000000	39.690914922	-121.824141138
21.000000000	39.690914870	-121.824141128
22.000000000	39.690914837	-121.824141053
23.000000000	39.690914817	-121.824141028
24.000000000	39.690914767	-121.824141013
25.000000000	39.690914882	-121.824140998
26.000000000	39.690914600	-121.824140887
27.000000000	39.690914592	-121.824140812
28.000000000	39.690914542	-121.824140822
29.000000000	39.690914510	-121.824140773
30.000000000	39.690914512	-121.824140762
31.000000000	39.690914820	-121.824140935
32.000000000	39.690918287	-121.824145163
33.000000000	39.690923590	-121.824153032
34.000000000	39.690928002	-121.824162432
35.000000000	39.690930195	-121.824172690
36.000000000	39.690930905	-121.824183695
37.000000000	39.690931222	-121.824195268
38.000000000	39.690930930	-121.824207148
39.000000000	39.690930007	-121.824219372
40.000000000	39.690928472	-121.824231563
41.000000000	39.690925587	-121.824243262
42.000000000	39.690919940	-121.824253007
43.000000000	39.690914267	-121.824263233
44.000000000	39.690906735	-121.824271245
45.000000000	39.690900618	-121.824281450
46.000000000	39.690895782	-121.824292923
47.000000000	39.690890042	-121.824302925
48.000000000	39.690884230	-121.824312428
49.000000000	39.690878087	-121.824321525
50.000000000	39.690871850	-121.824330233
51.000000000	39.690865472	-121.824338873
52.000000000	39.690859050	-121.824347328
53.000000000	39.690852547	-121.824355557
54.000000000	39.690845927	-121.824363668
55.000000000	39.690839685	-121.824371138
56.000000000	39.690835932	-121.824375777
57.000000000	39.690834228	-121.824377983
58.000000000	39.690833598	-121.824378838
59.000000000	39.690828037	-121.824381593
60.000000000	39.690820478	-121.824382510
61.000000000	39.690812872	-121.824380530
62.000000000	39.690805583	-121.824377195
63.000000000	39.690796992	-121.824376333
64.000000000	39.690788065	-121.824376733
65.000000000	39.690779092	-121.824377842
66.000000000	39.690770232	-121.824379425
67.000000000	39.690761438	-121.824381495
68.000000000	39.690752858	-121.824383750
69.000000000	39.690744177	-121.824386438
70.000000000	39.690735470	-121.824389555
71.000000000	39.690726875	-121.824392868
72.000000000	39.690718417	-121.824396428
73.000000000	39.690710558	-121.824400147
74.000000000	39.690702712	-121.824404062
75.000000000	39.690694942	-121.824408263
76.000000000	39.690687137	-121.824412583
77.000000000	39.690679528	-121.824417052
78.000000000	39.690671952	-121.824421863
79.000000000	39.690664610	-121.824426730
80.000000000	39.690657247	-121.824431675
81.000000000	39.690649958	-121.824436855
82.000000000	39.690642640	-121.824442223
83.000000000	39.690635365	-121.824446925
84.000000000	39.690627908	-121.824448622
85.000000000	39.690620392	-121.824451818
86.000000000	39.690612697	-121.824454433
87.000000000	39.690605185	-121.824454722
88.000000000	39.690597313	-121.824457230
89.000000000	39.690589490	-121.824460388
90.000000000	39.690581640	-121.824463990
91.000000000	39.690573900	-121.824468060
92.000000000	39.690566293	-121.824472408
93.000000000	39.690558728	-121.824476968
94.000000000	39.690551395	-121.824482087
95.000000000	39.690544315	-121.824487673
96.000000000	39.690537353	-121.824493395
97.000000000	39.690530568	-121.824499230
98.000000000	39.690523865	-121.824505352
99.000000000	39.690517192	-121.824511012
100.000000000	39.690510157	-121.824513562
101.000000000	39.690503038	-121.824517970
102.000000000	39.690497132	-121.824526008
103.000000000	39.690492548	-121.824535148
104.000000000	39.690489027	-121.824544887
105.000000000	39.690486688	-121.824555327
106.000000000	39.690485223	-121.824565620
107.000000000	39.690484882	-121.824575997
108.000000000	39.690485168	-121.824586290
109.000000000	39.690486450	-121.824596447
110.000000000	39.690488487	-121.824606418
111.000000000	39.690491285	-121.824616008
112.000000000	39.690494688	-121.824625215
113.000000000	39.690498777	-121.824633792
114.000000000	39.690503390	-121.824641967
115.000000000	39.690508678	-121.824649675
116.000000000	39.690514380	-121.824656883
117.000000000	39.690520527	-121.824663557
118.000000000	39.690527107	-121.824669745
119.000000000	39.690534137	-121.824675295
120.000000000	39.690541500	-121.824680312
121.000000000	39.690549273	-121.824684725
122.000000000	39.690557235	-121.824688625
123.000000000	39.690564695	-121.824692733
124.000000000	39.690573022	-121.824695067
125.000000000	39.690581497	-121.824696700
126.000000000	39.690589860	-121.824697802
127.000000000	39.690598327	-121.824698438
128.000000000	39.690606648	-121.824698478
129.000000000	39.690614983	-121.824697825
130.000000000	39.690623230	-121.824696605
131.000000000	39.690631518	-121.824695075
132.000000000	39.690639715	-121.824693057
133.000000000	39.690647722	-121.824690867
134.000000000	39.690655773	-121.824688155
135.000000000	39.690663695	-121.824685052
136.000000000	39.690671495	-121.824681737
137.000000000	39.690679125	-121.824677887
138.000000000	39.690686582	-121.824673925
139.000000000	39.690693895	-121.824669748
140.000000000	39.690701148	-121.824665377
141.000000000	39.690708105	-121.824660607
142.000000000	39.690715140	-121.824655768
143.000000000	39.690722557	-121.824652930
144.000000000	39.690730158	-121.824651642
145.000000000	39.690737600	-121.824648208
146.000000000	39.690744868	-121.824644267
147.000000000	39.690752015	-121.824639912
148.000000000	39.690759050	-121.824635178
149.000000000	39.690765740	-121.824630238
150.000000000	39.690772380	-121.824625075
151.000000000	39.690778738	-121.824620535
152.000000000	39.690785347	-121.824618470
153.000000000	39.690791700	-121.824614177
154.000000000	39.690797915	-121.824608515
155.000000000	39.690803610	-121.824602293
156.000000000	39.690809005	-121.824595817
157.000000000	39.690814098	-121.824588962
158.000000000	39.690818977	-121.824581912
159.000000000	39.690823547	-121.824574442
160.000000000	39.690827755	-121.824566670
161.000000000	39.690831780	-121.824558727
162.000000000	39.690835475	-121.824550527
163.000000000	39.690838783	-121.824542118
164.000000000	39.690841697	-121.824533513
165.000000000	39.690844343	-121.824524755
166.000000000	39.690846625	-121.824515973
167.000000000	39.690848732	-121.824507122
168.000000000	39.690850583	-121.824498163
169.000000000	39.690852093	-121.824489040
170.000000000	39.690853395	-121.824479988
171.000000000	39.690854323	-121.824470698
172.000000000	39.690854882	-121.824461347
173.000000000	39.690855283	-121.824452100
174.000000000	39.690857462	-121.824444108
175.000000000	39.690858878	-121.824435608
176.000000000	39.690859607	-121.824426362
177.000000000	39.690859645	-121.824416827
178.000000000	39.690859203	-121.824407243
179.000000000	39.690858177	-121.824397763
180.000000000	39.690856630	-121.824388393
181.000000000	39.690854548	-121.824379185
182.000000000	39.690851935	-121.824370182
183.000000000	39.690850247	-121.824361305
184.000000000	39.690849803	-121.824352533
185.000000000	39.690847118	-121.824343915
186.000000000	39.690843765	-121.824335393
187.000000000	39.690839980	-121.824327188
188.000000000	39.690835773	-121.824319400
189.000000000	39.690831227	-121.824312032
190.000000000	39.690826297	-121.824305175
191.000000000	39.690821153	-121.824298752
192.000000000	39.690815652	-121.824292753
193.000000000	39.690809937	-121.824287237
194.000000000	39.690804000	-121.824282195
195.000000000	39.690797930	-121.824277467
196.000000000	39.690791588	-121.824273202
197.000000000	39.690784470	-121.824270525
198.000000000	39.690777368	-121.824268815
199.000000000	39.690770462	-121.824266647
200.000000000	39.690763612	-121.824264617
201.000000000	39.690756885	-121.824262985
202.000000000	39.690753027	-121.824261817
203.000000000	39.690752117	-121.824261535
204.000000000	39.690752132	-121.824261597
205.000000000	39.690752130	-121.824261665
206.000000000	39.690752158	-121.824261723
207.000000000	39.690752168	-121.824261775
208.000000000	39.690752173	-121.824261747
209.000000000	39.690752197	-121.824261753
210.000000000	39.690752195	-121.824261755
211.000000000	39.690752230	-121.824261783
212.000000000	39.690752227	-121.824261757
213.000000000	39.690752243	-121.824261788
214.000000000	39.690752252	-121.824261832
215.000000000	39.690751827	-121.824261612
216.000000000	39.690748435	-121.824258837
217.000000000	39.690747075	-121.824257313
218.000000000	39.690746663	-121.824257055
219.000000000	39.690742022	-121.824255148
220.000000000	39.690735060	-121.824252993
221.000000000	39.690730168	-121.824251010
222.000000000	39.690724830	-121.824249505
223.000000000	39.690717528	-121.824248230
224.000000000	39.690710082	-121.824247367
225.000000000	39.690702495	-121.824246740
226.000000000	39.690695023	-121.824246788
227.000000000	39.690687523	-121.824247172
228.000000000	39.690680040	-121.824249223
229.000000000	39.690673002	-121.824252463
230.000000000	39.690666305	-121.824254478
231.000000000	39.690659902	-121.824257253
232.000000000	39.690654162	-121.824262438
233.000000000	39.690648048	-121.824266442
234.000000000	39.690641887	-121.824270353
235.000000000	39.690635890	-121.824274198
236.000000000	39.690629862	-121.824278282
237.000000000	39.690623947	-121.824282320
238.000000000	39.690618108	-121.824286558
239.000000000	39.690612492	-121.824290725
240.000000000	39.690606757	-121.824295060
241.000000000	39.690601185	-121.824299480
242.000000000	39.690595518	-121.824303953
243.000000000	39.690590053	-121.824308328
244.000000000	39.690584472	-121.824312828
245.000000000	39.690579113	-121.824317223
246.000000000	39.690573812	-121.824321640
247.000000000	39.690568552	-121.824326043
248.000000000	39.690563312	-121.824330458
249.000000000	39.690557978	-121.824334968
250.000000000	39.690552572	-121.824339448
251.000000000	39.690547317	-121.824344062
252.000000000	39.690541693	-121.824348437
253.000000000	39.690535962	-121.824350542
254.000000000	39.690530460	-121.824352473
255.000000000	39.690524588	-121.824353212
256.000000000	39.690518770	-121.824353013
257.000000000	39.690512915	-121.824352432
258.000000000	39.690507108	-121.824351180
259.000000000	39.690501540	-121.824349297
260.000000000	39.690496075	-121.824346853
261.000000000	39.690490633	-121.824343968
262.000000000	39.690485448	-121.824340683
263.000000000	39.690480483	-121.824336858
264.000000000	39.690475708	-121.824332693
265.000000000	39.690471212	-121.824328153
266.000000000	39.690466805	-121.824323360
267.000000000	39.690462632	-121.824318122
268.000000000	39.690458732	-121.824312643
269.000000000	39.690455078	-121.824306835
270.000000000	39.690451573	-121.824300603
271.000000000	39.690448577	-121.824294123
272.000000000	39.690445488	-121.824287610
273.000000000	39.690443498	-121.824282433
274.000000000	39.690443598	-121.824281997
275.000000000	39.690441220	-121.824285358
276.000000000	39.690441273	-121.824285267
277.000000000	39.690441292	-121.824285157
278.000000000	39.690441507	-121.824285058
279.000000000	39.690441690	-121.824285027
280.000000000	39.690441347	-121.824285245
281.000000000	39.690441395	-121.824285212
282.000000000	39.690441460	-121.824285153
283.000000000	39.690441487	-121.824285120
