0.000000000	39.689384370	-121.823876895	1.000000000
1.000000000	39.689404840	-121.823874998	0.000000000
2.000000000	39.689404678	-121.823875100	0.000000000
3.000000000	39.689404587	-121.823875068	0.000000000
4.000000000	39.689404517	-121.823874942	0.000000000
5.000000000	39.689404393	-121.823874913	0.000000000
6.000000000	39.689404337	-121.823874757	0.000000000
7.000000000	39.689407068	-121.823871698	1.000000000
8.000000000	39.689405818	-121.823872688	1.000000000
9.000000000	39.689407963	-121.823869842	1.000000000
10.000000000	39.689400810	-121.823876807	1.000000000
11.000000000	39.689398838	-121.823878625	1.000000000
12.000000000	39.689397573	-121.823879943	1.000000000
13.000000000	39.689396873	-121.823880627	1.000000000
14.000000000	39.689396585	-121.823880998	1.000000000
15.000000000	39.689398925	-121.823878088	1.000000000
16.000000000	39.689398658	-121.823878308	1.000000000
17.000000000	39.689399400	-121.823877402	1.000000000
18.000000000	39.689399533	-121.823877112	1.000000000
19.000000000	39.689400030	-121.823876497	1.000000000
20.000000000	39.689398757	-121.823877795	1.000000000
21.000000000	39.689398255	-121.823878307	1.000000000
22.000000000	39.689398133	-121.823878333	1.000000000
23.000000000	39.689399240	-121.823878283	1.000000000
24.000000000	39.689399868	-121.823879178	1.000000000
25.000000000	39.689399367	-121.823879420	1.000000000
26.000000000	39.689398995	-121.823879533	0.000000000
27.000000000	39.689403143	-121.823875027	0.000000000
28.000000000	39.689402915	-121.823873647	0.000000000
29.000000000	39.689408888	-121.823862823	0.000000000
30.000000000	39.689415888	-121.823858795	0.000000000
31.000000000	39.689420657	-121.823858913	0.000000000
32.000000000	39.689439065	-121.823856503	0.000000000
33.000000000	39.689451672	-121.823856753	0.000000000
34.000000000	39.689455603	-121.823858335	0.000000000
35.000000000	39.689457460	-121.823856303	0.000000000
36.000000000	39.689458378	-121.823855872	0.000000000
37.000000000	39.689457053	-121.823856832	1.000000000
38.000000000	39.689451042	-121.823864702	1.000000000
39.000000000	39.689450935	-121.823864578	0.000000000
40.000000000	39.689450955	-121.823864445	0.000000000
41.000000000	39.689453903	-121.823864055	0.000000000
42.000000000	39.689468393	-121.823859647	0.000000000
43.000000000	39.689482540	-121.823848558	0.000000000
44.000000000	39.689497573	-121.823834633	0.000000000
45.000000000	39.689512890	-121.823822578	0.000000000
46.000000000	39.689523677	-121.823805020	0.000000000
47.000000000	39.689528285	-121.823772440	0.000000000
48.000000000	39.689515568	-121.823746907	0.000000000
49.000000000	39.689495355	-121.823735733	0.000000000
50.000000000	39.689473215	-121.823742032	0.000000000
51.000000000	39.689455202	-121.823763148	0.000000000
52.000000000	39.689451277	-121.823787113	0.000000000
53.000000000	39.689434575	-121.823816360	0.000000000
54.000000000	39.689431140	-121.823828103	0.000000000
55.000000000	39.689428480	-121.823835367	0.000000000
56.000000000	39.689427040	-121.823839037	0.000000000
57.000000000	39.689434635	-121.823833497	0.000000000
58.000000000	39.689434520	-121.823833487	0.000000000
59.000000000	39.689434138	-121.823833685	0.000000000
60.000000000	39.689441097	-121.823828048	0.000000000
61.000000000	39.689440527	-121.823828315	0.000000000
62.000000000	39.689439863	-121.823828753	0.000000000
63.000000000	39.689439225	-121.823829138	0.000000000
64.000000000	39.689438638	-121.823829473	0.000000000
65.000000000	39.689438282	-121.823829623	0.000000000
66.000000000	39.689438033	-121.823829738	0.000000000
67.000000000	39.689437857	-121.823829730	0.000000000
68.000000000	39.689437620	-121.823829825	0.000000000
69.000000000	39.689437373	-121.823829900	0.000000000
70.000000000	39.689437307	-121.823829787	0.000000000
71.000000000	39.689437168	-121.823829663	0.000000000
72.000000000	39.689437113	-121.823829525	0.000000000
73.000000000	39.689436992	-121.823829453	0.000000000
74.000000000	39.689436827	-121.823829453	1.000000000
75.000000000	39.689436717	-121.823829330	0.000000000
76.000000000	39.689436607	-121.823829215	0.000000000
77.000000000	39.689436487	-121.823829210	0.000000000
78.000000000	39.689436305	-121.823829157	0.000000000
79.000000000	39.689436095	-121.823829188	0.000000000
80.000000000	39.689435923	-121.823829100	0.000000000
81.000000000	39.689435733	-121.823829077	0.000000000
82.000000000	39.689435603	-121.823829017	0.000000000
83.000000000	39.689435427	-121.823828985	0.000000000
84.000000000	39.689435187	-121.823828943	0.000000000
85.000000000	39.689434977	-121.823828877	0.000000000
86.000000000	39.689434755	-121.823828822	0.000000000
87.000000000	39.689434627	-121.823828707	0.000000000
88.000000000	39.689434478	-121.823828588	0.000000000
89.000000000	39.689434345	-121.823828477	0.000000000
90.000000000	39.689433520	-121.823830317	0.000000000
91.000000000	39.689427562	-121.823837135	0.000000000
92.000000000	39.689420360	-121.823843305	0.000000000
93.000000000	39.689414507	-121.823852207	0.000000000
94.000000000	39.689410465	-121.823863038	0.000000000
95.000000000	39.689407420	-121.823874478	0.000000000
96.000000000	39.689404387	-121.823885708	0.000000000
97.000000000	39.689399137	-121.823894967	0.000000000
98.000000000	39.689392882	-121.823903015	0.000000000
99.000000000	39.689385388	-121.823908690	0.000000000
100.000000000	39.689377350	-121.823912078	0.000000000
101.000000000	39.689369970	-121.823918838	0.000000000
102.000000000	39.689362352	-121.823931672	0.000000000
103.000000000	39.689357327	-121.823942943	0.000000000
104.000000000	39.689354287	-121.823953605	0.000000000
105.000000000	39.689351975	-121.823965843	0.000000000
106.000000000	39.689351112	-121.823977150	0.000000000
107.000000000	39.689351390	-121.823988838	0.000000000
108.000000000	39.689351938	-121.824000607	0.000000000
109.000000000	39.689351352	-121.824012097	0.000000000
110.000000000	39.689350907	-121.824023695	0.000000000
111.000000000	39.689350237	-121.824035155	0.000000000
112.000000000	39.689349392	-121.824046823	0.000000000
113.000000000	39.689348545	-121.824058448	0.000000000
114.000000000	39.689349848	-121.824069288	0.000000000
115.000000000	39.689351248	-121.824080612	0.000000000
116.000000000	39.689353830	-121.824092517	0.000000000
117.000000000	39.689340750	-121.824115860	0.000000000
118.000000000	39.689346907	-121.824125207	0.000000000
119.000000000	39.689352578	-121.824134568	0.000000000
120.000000000	39.689358768	-121.824142932	0.000000000
121.000000000	39.689365172	-121.824151533	0.000000000
122.000000000	39.689373713	-121.824158697	0.000000000
123.000000000	39.689380285	-121.824166903	0.000000000
124.000000000	39.689386142	-121.824175815	0.000000000
125.000000000	39.689390217	-121.824185885	0.000000000
126.000000000	39.689394200	-121.824196415	0.000000000
127.000000000	39.689400442	-121.824205347	0.000000000
128.000000000	39.689404433	-121.824215695	0.000000000
129.000000000	39.689415413	-121.824220227	0.000000000
130.000000000	39.689423638	-121.824226335	0.000000000
131.000000000	39.689430922	-121.824233650	0.000000000
132.000000000	39.689435582	-121.824243005	0.000000000
133.000000000	39.689438048	-121.824253380	0.000000000
134.000000000	39.689439140	-121.824264303	0.000000000
135.000000000	39.689438722	-121.824275385	0.000000000
136.000000000	39.689437635	-121.824286715	0.000000000
137.000000000	39.689435850	-121.824297857	1.000000000
138.000000000	39.689431933	-121.824307308	1.000000000
139.000000000	39.689427990	-121.824313365	1.000000000
140.000000000	39.689425232	-121.824319338	1.000000000
141.000000000	39.689420737	-121.824326075	0.000000000
142.000000000	39.689417040	-121.824337157	0.000000000
143.000000000	39.689415375	-121.824349053	0.000000000
144.000000000	39.689415063	-121.824361163	0.000000000
145.000000000	39.689415538	-121.824373403	0.000000000
146.000000000	39.689416522	-121.824385360	0.000000000
147.000000000	39.689417232	-121.824397123	0.000000000
148.000000000	39.689417530	-121.824408987	0.000000000
149.000000000	39.689417900	-121.824420818	0.000000000
150.000000000	39.689418122	-121.824432498	0.000000000
151.000000000	39.689418475	-121.824444338	0.000000000
152.000000000	39.689418542	-121.824456245	0.000000000
153.000000000	39.689415690	-121.824470362	0.000000000
154.000000000	39.689416113	-121.824482193	0.000000000
155.000000000	39.689416732	-121.824493975	0.000000000
156.000000000	39.689415518	-121.824505253	0.000000000
157.000000000	39.689411532	-121.824514747	0.000000000
158.000000000	39.689405745	-121.824523298	0.000000000
159.000000000	39.689399328	-121.824530207	0.000000000
160.000000000	39.689391948	-121.824535397	0.000000000
161.000000000	39.689383943	-121.824539095	0.000000000
162.000000000	39.689375205	-121.824541325	0.000000000
163.000000000	39.689365853	-121.824542933	0.000000000
164.000000000	39.689357117	-121.824543100	0.000000000
165.000000000	39.689348392	-121.824543028	0.000000000
166.000000000	39.689339258	-121.824544223	0.000000000
167.000000000	39.689330262	-121.824547323	0.000000000
168.000000000	39.689321310	-121.824549945	0.000000000
169.000000000	39.689312523	-121.824548902	0.000000000
170.000000000	39.689304253	-121.824545653	0.000000000
171.000000000	39.689296487	-121.824540358	0.000000000
172.000000000	39.689289438	-121.824533768	0.000000000
173.000000000	39.689282482	-121.824526583	0.000000000
174.000000000	39.689274152	-121.824521940	1.000000000
175.000000000	39.689265918	-121.824516415	1.000000000
176.000000000	39.689260347	-121.824507995	1.000000000
177.000000000	39.689258043	-121.824497273	0.000000000
178.000000000	39.689256880	-121.824486380	0.000000000
179.000000000	39.689253863	-121.824475317	0.000000000
180.000000000	39.689247805	-121.824465683	0.000000000
181.000000000	39.689240708	-121.824457857	0.000000000
182.000000000	39.689231992	-121.824452352	0.000000000
183.000000000	39.689222925	-121.824448463	0.000000000
184.000000000	39.689214957	-121.824442398	0.000000000
185.000000000	39.689209350	-121.824434008	0.000000000
186.000000000	39.689206243	-121.824423513	0.000000000
187.000000000	39.689205763	-121.824411702	0.000000000
188.000000000	39.689206048	-121.824400295	0.000000000
189.000000000	39.689208392	-121.824390020	0.000000000
190.000000000	39.689212115	-121.824379388	0.000000000
191.000000000	39.689217227	-121.824369905	0.000000000
192.000000000	39.689223540	-121.824361785	0.000000000
193.000000000	39.689230723	-121.824354898	0.000000000
194.000000000	39.689238510	-121.824349197	0.000000000
195.000000000	39.689246747	-121.824344387	0.000000000
196.000000000	39.689255083	-121.824340442	0.000000000
197.000000000	39.689263563	-121.824336565	0.000000000
198.000000000	39.689271540	-121.824329977	0.000000000
199.000000000	39.689279342	-121.824323582	0.000000000
200.000000000	39.689288007	-121.824318287	0.000000000
201.000000000	39.689296778	-121.824314932	0.000000000
202.000000000	39.689305500	-121.824310478	0.000000000
203.000000000	39.689312732	-121.824302042	0.000000000
204.000000000	39.689318775	-121.824292323	0.000000000
205.000000000	39.689324038	-121.824282910	1.000000000
206.000000000	39.689329397	-121.824277262	1.000000000
207.000000000	39.689334633	-121.824274457	1.000000000
208.000000000	39.689338932	-121.824271950	0.000000000
209.000000000	39.689347690	-121.824270332	0.000000000
210.000000000	39.689357163	-121.824269137	0.000000000
211.000000000	39.689366092	-121.824264092	0.000000000
212.000000000	39.689373423	-121.824255808	0.000000000
213.000000000	39.689379197	-121.824245992	0.000000000
214.000000000	39.689383622	-121.824235092	0.000000000
215.000000000	39.689386737	-121.824223327	0.000000000
216.000000000	39.689388297	-121.824211012	0.000000000
217.000000000	39.689388165	-121.824198687	0.000000000
218.000000000	39.689386865	-121.824186385	0.000000000
219.000000000	39.689384557	-121.824174593	0.000000000
220.000000000	39.689381088	-121.824163153	0.000000000
221.000000000	39.689375058	-121.824153503	0.000000000
222.000000000	39.689370017	-121.824143208	1.000000000
223.000000000	39.689372032	-121.824129483	1.000000000
224.000000000	39.689373182	-121.824117768	1.000000000
225.000000000	39.689376272	-121.824107693	1.000000000
226.000000000	39.689379210	-121.824099362	1.000000000
227.000000000	39.689381300	-121.824093537	1.000000000
228.000000000	39.689381233	-121.824090693	1.000000000
229.000000000	39.689381398	-121.824090382	1.000000000
230.000000000	39.689381505	-121.824090265	0.000000000
231.000000000	39.689381840	-121.824087957	0.000000000
232.000000000	39.689381348	-121.824082037	0.000000000
233.000000000	39.689382515	-121.824070007	0.000000000
234.000000000	39.689382097	-121.824057843	0.000000000
235.000000000	39.689379478	-121.824046027	0.000000000
236.000000000	39.689376433	-121.824034465	0.000000000
237.000000000	39.689372533	-121.824023382	0.000000000
238.000000000	39.689368427	-121.824012567	0.000000000
239.000000000	39.689365207	-121.824001408	0.000000000
240.000000000	39.689361920	-121.823990333	0.000000000
241.000000000	39.689358670	-121.823979127	0.000000000
242.000000000	39.689355987	-121.823967422	0.000000000
243.000000000	39.689355990	-121.823956415	0.000000000
244.000000000	39.689357757	-121.823945777	0.000000000
245.000000000	39.689360798	-121.823935803	0.000000000
246.000000000	39.689365307	-121.823926227	0.000000000
247.000000000	39.689370802	-121.823917165	0.000000000
248.000000000	39.689376820	-121.823908238	1.000000000
249.000000000	39.689381975	-121.823898272	1.000000000
250.000000000	39.689384852	-121.823886642	0.000000000
251.000000000	39.689385293	-121.823875887	0.000000000
252.000000000	39.689386497	-121.823869838	1.000000000
253.000000000	39.689387285	-121.823866690	1.000000000
254.000000000	39.689387400	-121.823865520	1.000000000
255.000000000	39.689387143	-121.823865672	1.000000000
256.000000000	39.689386933	-121.823865693	1.000000000
257.000000000	39.689386663	-121.823865752	1.000000000
258.000000000	39.689386600	-121.823865758	1.000000000
259.000000000	39.689386542	-121.823865842	0.000000000
260.000000000	39.689386427	-121.823865785	0.000000000
261.000000000	39.689386200	-121.823865932	0.000000000
262.000000000	39.689385702	-121.823866127	0.000000000
263.000000000	39.689385257	-121.823866293	0.000000000
264.000000000	39.689384843	-121.823866558	1.000000000
265.000000000	39.689384483	-121.823866625	0.000000000
266.000000000	39.689384202	-121.823866830	1.000000000
267.000000000	39.689384062	-121.823867018	1.000000000
268.000000000	39.689383978	-121.823867293	1.000000000
269.000000000	39.689384158	-121.823867378	1.000000000
