0.000000000	39.690912887	-121.824141028
1.000000000	39.690913272	-121.824143715
2.000000000	39.690913305	-121.824143718
3.000000000	39.690913292	-121.824143730
4.000000000	39.690913317	-121.824143713
5.000000000	39.690913355	-121.824143693
6.000000000	39.690913390	-121.824143703
7.000000000	39.690913427	-121.824143670
8.000000000	39.690913455	-121.824143632
9.000000000	39.690913508	-121.824143597
10.000000000	39.690913530	-121.824143537
11.000000000	39.690913578	-121.824143497
12.000000000	39.690913578	-121.824143463
13.000000000	39.690913610	-121.824143430
14.000000000	39.690913653	-121.824143362
15.000000000	39.690916212	-121.824145557
16.000000000	39.690921912	-121.824153437
17.000000000	39.690926460	-121.824163480
18.000000000	39.690930302	-121.824174755
19.000000000	39.690933048	-121.824186447
20.000000000	39.690934833	-121.824198510
21.000000000	39.690935627	-121.824211240
22.000000000	39.690935250	-121.824224317
23.000000000	39.690933958	-121.824237290
24.000000000	39.690931815	-121.824250115
25.000000000	39.690928807	-121.824263058
26.000000000	39.690925055	-121.824275698
27.000000000	39.690920727	-121.824288200
28.000000000	39.690915748	-121.824300000
29.000000000	39.690910232	-121.824311263
30.000000000	39.690904375	-121.824322327
31.000000000	39.690898155	-121.824332792
32.000000000	39.690891638	-121.824342840
33.000000000	39.690884988	-121.824352688
34.000000000	39.690877820	-121.824362083
35.000000000	39.690870565	-121.824371122
36.000000000	39.690863210	-121.824379807
37.000000000	39.690855688	-121.824388347
38.000000000	39.690848102	-121.824396693
39.000000000	39.690840242	-121.824404785
40.000000000	39.690832323	-121.824412685
41.000000000	39.690824025	-121.824419783
42.000000000	39.690816327	-121.824422170
43.000000000	39.690809760	-121.824425273
44.000000000	39.690800878	-121.824430235
45.000000000	39.690792653	-121.824431470
46.000000000	39.690788698	-121.824431965
47.000000000	39.690787827	-121.824432155
48.000000000	39.690787818	-121.824432180
49.000000000	39.690783770	-121.824433968
50.000000000	39.690774250	-121.824438767
51.000000000	39.690765067	-121.824444692
52.000000000	39.690757260	-121.824454553
53.000000000	39.690749228	-121.824462603
54.000000000	39.690740873	-121.824469828
55.000000000	39.690732833	-121.824476843
56.000000000	39.690724840	-121.824483410
57.000000000	39.690716808	-121.824489572
58.000000000	39.690708732	-121.824495892
59.000000000	39.690700548	-121.824502188
60.000000000	39.690692348	-121.824508265
61.000000000	39.690684060	-121.824514073
62.000000000	39.690675712	-121.824519708
63.000000000	39.690667167	-121.824525382
64.000000000	39.690658685	-121.824530487
65.000000000	39.690650143	-121.824535898
66.000000000	39.690641512	-121.824540850
67.000000000	39.690632813	-121.824545948
68.000000000	39.690624265	-121.824550652
69.000000000	39.690615523	-121.824555190
70.000000000	39.690606782	-121.824559543
71.000000000	39.690597978	-121.824563578
72.000000000	39.690589200	-121.824567567
73.000000000	39.690580348	-121.824571267
74.000000000	39.690571438	-121.824574373
75.000000000	39.690562613	-121.824577272
76.000000000	39.690553685	-121.824580060
77.000000000	39.690544817	-121.824582558
78.000000000	39.690536002	-121.824584658
79.000000000	39.690527103	-121.824586570
80.000000000	39.690518142	-121.824587868
81.000000000	39.690509078	-121.824589557
82.000000000	39.690500622	-121.824595600
83.000000000	39.690493805	-121.824604092
84.000000000	39.690488745	-121.824614083
85.000000000	39.690485475	-121.824624713
86.000000000	39.690483470	-121.824635755
87.000000000	39.690482340	-121.824647395
88.000000000	39.690482453	-121.824659113
89.000000000	39.690483975	-121.824670947
90.000000000	39.690486612	-121.824682768
91.000000000	39.690490223	-121.824694162
92.000000000	39.690495185	-121.824704918
93.000000000	39.690500977	-121.824715030
94.000000000	39.690507677	-121.824724177
95.000000000	39.690515080	-121.824732297
96.000000000	39.690523037	-121.824739363
97.000000000	39.690531367	-121.824745557
98.000000000	39.690540015	-121.824750728
99.000000000	39.690549005	-121.824755008
100.000000000	39.690558162	-121.824758205
101.000000000	39.690567432	-121.824760848
102.000000000	39.690575370	-121.824765865
103.000000000	39.690583532	-121.824770423
104.000000000	39.690592888	-121.824772952
105.000000000	39.690602565	-121.824774360
106.000000000	39.690612348	-121.824774687
107.000000000	39.690622257	-121.824773903
108.000000000	39.690632208	-121.824772288
109.000000000	39.690642200	-121.824769827
110.000000000	39.690652167	-121.824766543
111.000000000	39.690661342	-121.824762520
112.000000000	39.690670275	-121.824757882
113.000000000	39.690679360	-121.824753322
114.000000000	39.690687685	-121.824747508
115.000000000	39.690695368	-121.824741273
116.000000000	39.690703188	-121.824734947
117.000000000	39.690710842	-121.824728445
118.000000000	39.690718357	-121.824721222
119.000000000	39.690725753	-121.824713778
120.000000000	39.690732622	-121.824705993
121.000000000	39.690739250	-121.824697855
122.000000000	39.690745568	-121.824689395
123.000000000	39.690751615	-121.824680950
124.000000000	39.690757417	-121.824672220
125.000000000	39.690763008	-121.824663395
126.000000000	39.690768522	-121.824654288
127.000000000	39.690773808	-121.824644935
128.000000000	39.690778742	-121.824635617
129.000000000	39.690783567	-121.824626047
130.000000000	39.690788075	-121.824616452
131.000000000	39.690792182	-121.824606545
132.000000000	39.690795785	-121.824596415
133.000000000	39.690799217	-121.824586087
134.000000000	39.690801963	-121.824575822
135.000000000	39.690803918	-121.824569552
136.000000000	39.690804723	-121.824567188
137.000000000	39.690804750	-121.824567098
138.000000000	39.690804727	-121.824567067
139.000000000	39.690804698	-121.824567007
140.000000000	39.690804702	-121.824566963
141.000000000	39.690804700	-121.824566935
142.000000000	39.690804700	-121.824566907
143.000000000	39.690804715	-121.824566867
144.000000000	39.690804683	-121.824566847
145.000000000	39.690804710	-121.824566785
146.000000000	39.690804727	-121.824566762
147.000000000	39.690804838	-121.824566417
148.000000000	39.690807415	-121.824561348
149.000000000	39.690812967	-121.824555232
150.000000000	39.690817642	-121.824546315
151.000000000	39.690821810	-121.824536243
152.000000000	39.690825592	-121.824526040
153.000000000	39.690828930	-121.824515678
154.000000000	39.690831825	-121.824505153
155.000000000	39.690834358	-121.824494485
156.000000000	39.690836537	-121.824483592
157.000000000	39.690838262	-121.824472628
158.000000000	39.690839713	-121.824461402
159.000000000	39.690840700	-121.824450207
160.000000000	39.690841262	-121.824438780
161.000000000	39.690841310	-121.824427467
162.000000000	39.690840905	-121.824416062
163.000000000	39.690839503	-121.824404872
164.000000000	39.690837027	-121.824393803
165.000000000	39.690833640	-121.824383175
166.000000000	39.690829807	-121.824373025
167.000000000	39.690825212	-121.824363345
168.000000000	39.690820153	-121.824354148
169.000000000	39.690814575	-121.824345412
170.000000000	39.690808515	-121.824337278
171.000000000	39.690802060	-121.824329797
172.000000000	39.690795232	-121.824322898
173.000000000	39.690788002	-121.824316597
174.000000000	39.690780608	-121.824310783
175.000000000	39.690773102	-121.824305515
176.000000000	39.690765403	-121.824300852
177.000000000	39.690757537	-121.824296783
178.000000000	39.690749563	-121.824293232
179.000000000	39.690741545	-121.824290200
180.000000000	39.690733252	-121.824287712
181.000000000	39.690724783	-121.824285725
182.000000000	39.690716230	-121.824284273
183.000000000	39.690707605	-121.824283430
184.000000000	39.690699012	-121.824283082
185.000000000	39.690690477	-121.824282997
186.000000000	39.690682218	-121.824283340
187.000000000	39.690674083	-121.824283938
188.000000000	39.690665930	-121.824285067
189.000000000	39.690657877	-121.824286490
190.000000000	39.690649823	-121.824288238
191.000000000	39.690641825	-121.824290355
192.000000000	39.690633993	-121.824292838
193.000000000	39.690626192	-121.824295512
194.000000000	39.690618848	-121.824295678
195.000000000	39.690611698	-121.824295367
196.000000000	39.690603843	-121.824296912
197.000000000	39.690595888	-121.824299253
198.000000000	39.690588158	-121.824301628
199.000000000	39.690580483	-121.824304522
200.000000000	39.690573000	-121.824307492
201.000000000	39.690565688	-121.824310995
202.000000000	39.690558458	-121.824314832
203.000000000	39.690551238	-121.824318813
204.000000000	39.690544045	-121.824323273
205.000000000	39.690536900	-121.824327573
206.000000000	39.690529495	-121.824329263
207.000000000	39.690522173	-121.824329367
208.000000000	39.690514810	-121.824328350
209.000000000	39.690507663	-121.824326510
210.000000000	39.690500522	-121.824324005
211.000000000	39.690493788	-121.824320673
212.000000000	39.690487185	-121.824316775
213.000000000	39.690480838	-121.824312045
214.000000000	39.690475033	-121.824306693
215.000000000	39.690469443	-121.824300583
216.000000000	39.690464167	-121.824294052
217.000000000	39.690459467	-121.824287188
218.000000000	39.690454975	-121.824279800
219.000000000	39.690451170	-121.824272028
220.000000000	39.690447457	-121.824263952
221.000000000	39.690444415	-121.824255410
222.000000000	39.690441853	-121.824246635
223.000000000	39.690439833	-121.824237882
224.000000000	39.690438405	-121.824228553
225.000000000	39.690437537	-121.824219378
226.000000000	39.690437233	-121.824210195
227.000000000	39.690437358	-121.824200907
228.000000000	39.690438137	-121.824191573
229.000000000	39.690439480	-121.824182438
230.000000000	39.690441590	-121.824173705
231.000000000	39.690444223	-121.824165265
232.000000000	39.690447518	-121.824157322
233.000000000	39.690451523	-121.824149892
234.000000000	39.690455992	-121.824142803
235.000000000	39.690460710	-121.824135787
236.000000000	39.690465663	-121.824129082
237.000000000	39.690470990	-121.824122715
238.000000000	39.690476427	-121.824116770
239.000000000	39.690482152	-121.824111400
240.000000000	39.690488085	-121.824106467
241.000000000	39.690494193	-121.824101888
242.000000000	39.690500535	-121.824097508
243.000000000	39.690506952	-121.824093455
244.000000000	39.690513518	-121.824089805
245.000000000	39.690520258	-121.824086452
246.000000000	39.690526940	-121.824083615
247.000000000	39.690533720	-121.824080923
248.000000000	39.690540460	-121.824078677
249.000000000	39.690547387	-121.824076388
250.000000000	39.690554340	-121.824074403
251.000000000	39.690561395	-121.824072692
252.000000000	39.690568462	-121.824071195
253.000000000	39.690575417	-121.824070157
254.000000000	39.690582302	-121.824069368
255.000000000	39.690589255	-121.824068785
256.000000000	39.690589010	-121.824081522
257.000000000	39.690596093	-121.824081287
258.000000000	39.690603280	-121.824081170
259.000000000	39.690610495	-121.824080322
260.000000000	39.690618105	-121.824078722
261.000000000	39.690625452	-121.824077698
262.000000000	39.690632073	-121.824078488
263.000000000	39.690639903	-121.824077027
264.000000000	39.690647090	-121.824077002
265.000000000	39.690654275	-121.824077333
266.000000000	39.690661345	-121.824077802
267.000000000	39.690668417	-121.824078362
268.000000000	39.690675535	-121.824078873
269.000000000	39.690682323	-121.824079717
270.000000000	39.690689408	-121.824080702
271.000000000	39.690696402	-121.824081853
272.000000000	39.690703433	-121.824083005
273.000000000	39.690710498	-121.824084305
274.000000000	39.690717595	-121.824085800
275.000000000	39.690724703	-121.824087232
276.000000000	39.690731867	-121.824088698
277.000000000	39.690738997	-121.824090318
278.000000000	39.690746122	-121.824092140
279.000000000	39.690753253	-121.824094053
280.000000000	39.690760320	-121.824095897
281.000000000	39.690767152	-121.824097908
282.000000000	39.690774042	-121.824100050
283.000000000	39.690780985	-121.824101358
284.000000000	39.690788233	-121.824102198
285.000000000	39.690795145	-121.824103893
286.000000000	39.690801950	-121.824105845
287.000000000	39.690808798	-121.824107875
288.000000000	39.690815662	-121.824110032
289.000000000	39.690822498	-121.824112245
290.000000000	39.690829392	-121.824114602
291.000000000	39.690836202	-121.824116928
292.000000000	39.690842722	-121.824119387
293.000000000	39.690849297	-121.824121730
294.000000000	39.690855620	-121.824124237
295.000000000	39.690861895	-121.824126872
296.000000000	39.690868110	-121.824129492
297.000000000	39.690874243	-121.824132207
298.000000000	39.690880220	-121.824134887
299.000000000	39.690886043	-121.824137563
300.000000000	39.690891760	-121.824140245
301.000000000	39.690897427	-121.824142970
302.000000000	39.690902898	-121.824145643
303.000000000	39.690907520	-121.824147885
304.000000000	39.690907992	-121.824148035
305.000000000	39.690907593	-121.824147798
306.000000000	39.690907287	-121.824147532
307.000000000	39.690907032	-121.824147358
308.000000000	39.690907023	-121.824147218
309.000000000	39.690907090	-121.824147067
310.000000000	39.690907173	-121.824146968
311.000000000	39.690907245	-121.824146768
312.000000000	39.690907333	-121.824146622
313.000000000	39.690907950	-121.824146340
314.000000000	39.690908082	-121.824146645
315.000000000	39.690908090	-121.824146480
316.000000000	39.690908170	-121.824146437
