0.000000000	39.690947240	-121.824169462	0.000000000
1.000000000	39.690947240	-121.824169462	0.000000000
2.000000000	39.690946720	-121.824168842	0.000000000
3.000000000	39.690946552	-121.824168753	0.000000000
4.000000000	39.690946605	-121.824168658	1.000000000
5.000000000	39.690946623	-121.824168582	0.000000000
6.000000000	39.690946758	-121.824168423	0.000000000
7.000000000	39.690946668	-121.824168452	0.000000000
8.000000000	39.690946747	-121.824168352	1.000000000
9.000000000	39.690946748	-121.824168288	1.000000000
10.000000000	39.690946748	-121.824168220	0.000000000
11.000000000	39.690946780	-121.824168230	0.000000000
12.000000000	39.690946253	-121.824168373	0.000000000
13.000000000	39.690946035	-121.824168507	0.000000000
14.000000000	39.690946440	-121.824168307	0.000000000
15.000000000	39.690946558	-121.824168338	0.000000000
16.000000000	39.690946593	-121.824168377	0.000000000
17.000000000	39.690946292	-121.824168548	0.000000000
18.000000000	39.690946273	-121.824168637	0.000000000
19.000000000	39.690946088	-121.824168780	0.000000000
20.000000000	39.690946232	-121.824169007	0.000000000
21.000000000	39.690946302	-121.824169008	0.000000000
22.000000000	39.690946388	-121.824169068	0.000000000
23.000000000	39.690954405	-121.824169847	0.000000000
24.000000000	39.690964272	-121.824175123	0.000000000
25.000000000	39.690973302	-121.824183678	0.000000000
26.000000000	39.690979712	-121.824195435	0.000000000
27.000000000	39.690983170	-121.824209572	0.000000000
28.000000000	39.690983348	-121.824224902	0.000000000
29.000000000	39.690980305	-121.824239990	0.000000000
30.000000000	39.690974132	-121.824253713	0.000000000
31.000000000	39.690965612	-121.824265328	0.000000000
32.000000000	39.690955192	-121.824274473	1.000000000
33.000000000	39.690943510	-121.824281530	0.000000000
34.000000000	39.690931247	-121.824284108	0.000000000
35.000000000	39.690919047	-121.824282480	0.000000000
36.000000000	39.690906295	-121.824285812	0.000000000
37.000000000	39.690894783	-121.824293880	0.000000000
38.000000000	39.690885085	-121.824305343	0.000000000
39.000000000	39.690877018	-121.824318222	0.000000000
40.000000000	39.690867533	-121.824328470	0.000000000
41.000000000	39.690856988	-121.824336313	0.000000000
42.000000000	39.690845687	-121.824341572	0.000000000
43.000000000	39.690834007	-121.824345695	0.000000000
44.000000000	39.690823270	-121.824354323	0.000000000
45.000000000	39.690813615	-121.824364927	0.000000000
46.000000000	39.690805087	-121.824377252	0.000000000
47.000000000	39.690797213	-121.824389763	0.000000000
48.000000000	39.690787150	-121.824398633	0.000000000
49.000000000	39.690776070	-121.824404983	0.000000000
50.000000000	39.690764452	-121.824409022	0.000000000
51.000000000	39.690752458	-121.824412137	0.000000000
52.000000000	39.690741385	-121.824419758	0.000000000
53.000000000	39.690731578	-121.824430028	0.000000000
54.000000000	39.690723102	-121.824442120	0.000000000
55.000000000	39.690715477	-121.824454732	0.000000000
56.000000000	39.690705550	-121.824463865	0.000000000
57.000000000	39.690694742	-121.824469905	0.000000000
58.000000000	39.690683400	-121.824473523	0.000000000
59.000000000	39.690671423	-121.824475818	0.000000000
60.000000000	39.690660020	-121.824482568	0.000000000
61.000000000	39.690649513	-121.824492012	0.000000000
62.000000000	39.690640128	-121.824503343	0.000000000
63.000000000	39.690631370	-121.824515322	0.000000000
64.000000000	39.690620782	-121.824522963	0.000000000
65.000000000	39.690609367	-121.824527472	0.000000000
66.000000000	39.690597542	-121.824529375	0.000000000
67.000000000	39.690585372	-121.824529893	0.000000000
68.000000000	39.690573450	-121.824535295	0.000000000
69.000000000	39.690562585	-121.824543005	0.000000000
70.000000000	39.690552638	-121.824552787	0.000000000
71.000000000	39.690543112	-121.824563547	0.000000000
72.000000000	39.690532190	-121.824569472	0.000000000
73.000000000	39.690520632	-121.824571948	0.000000000
74.000000000	39.690508967	-121.824571158	0.000000000
75.000000000	39.690489498	-121.824569605	0.000000000
76.000000000	39.690474960	-121.824570903	0.000000000
77.000000000	39.690469013	-121.824572943	0.000000000
78.000000000	39.690467822	-121.824573598	1.000000000
79.000000000	39.690464357	-121.824576360	0.000000000
80.000000000	39.690455480	-121.824586613	0.000000000
81.000000000	39.690444897	-121.824594912	0.000000000
82.000000000	39.690435000	-121.824600417	0.000000000
83.000000000	39.690425942	-121.824612232	0.000000000
84.000000000	39.690421013	-121.824628493	1.000000000
85.000000000	39.690420435	-121.824646145	1.000000000
86.000000000	39.690422072	-121.824660950	1.000000000
87.000000000	39.690422722	-121.824661868	0.000000000
88.000000000	39.690422520	-121.824661918	1.000000000
89.000000000	39.690422070	-121.824662048	0.000000000
90.000000000	39.690422677	-121.824662952	0.000000000
91.000000000	39.690411042	-121.824661900	0.000000000
92.000000000	39.690411128	-121.824661593	0.000000000
93.000000000	39.690410823	-121.824662065	0.000000000
94.000000000	39.690411665	-121.824661683	0.000000000
95.000000000	39.690409390	-121.824662415	0.000000000
96.000000000	39.690410135	-121.824661572	1.000000000
97.000000000	39.690410610	-121.824661277	1.000000000
98.000000000	39.690410717	-121.824661327	1.000000000
99.000000000	39.690414703	-121.824654667	1.000000000
100.000000000	39.690420145	-121.824647288	1.000000000
101.000000000	39.690417102	-121.824642962	1.000000000
102.000000000	39.690420710	-121.824638608	1.000000000
103.000000000	39.690419885	-121.824640697	1.000000000
104.000000000	39.690419253	-121.824640933	1.000000000
105.000000000	39.690419203	-121.824640917	1.000000000
106.000000000	39.690419387	-121.824640857	1.000000000
107.000000000	39.690419538	-121.824640810	1.000000000
108.000000000	39.690419572	-121.824640787	1.000000000
109.000000000	39.690419623	-121.824640760	1.000000000
110.000000000	39.690419628	-121.824640853	1.000000000
111.000000000	39.690419747	-121.824640795	1.000000000
112.000000000	39.690421983	-121.824640445	1.000000000
113.000000000	39.690422060	-121.824640602	1.000000000
114.000000000	39.690422067	-121.824640512	1.000000000
115.000000000	39.690422283	-121.824640630	1.000000000
116.000000000	39.690420577	-121.824640900	1.000000000
117.000000000	39.690419867	-121.824641138	1.000000000
118.000000000	39.690419848	-121.824641272	1.000000000
119.000000000	39.690420143	-121.824641380	1.000000000
120.000000000	39.690420385	-121.824641383	1.000000000
121.000000000	39.690420600	-121.824641405	1.000000000
122.000000000	39.690420740	-121.824641580	1.000000000
123.000000000	39.690421108	-121.824641580	1.000000000
124.000000000	39.690415813	-121.824641633	1.000000000
125.000000000	39.690415848	-121.824641688	1.000000000
126.000000000	39.690416082	-121.824641750	1.000000000
127.000000000	39.690415333	-121.824641737	1.000000000
128.000000000	39.690415383	-121.824641632	1.000000000
129.000000000	39.690415495	-121.824641673	1.000000000
130.000000000	39.690415492	-121.824641772	1.000000000
131.000000000	39.690415552	-121.824641853	1.000000000
132.000000000	39.690415720	-121.824641928	1.000000000
133.000000000	39.690416995	-121.824639350	1.000000000
134.000000000	39.690421138	-121.824634027	1.000000000
135.000000000	39.690429690	-121.824628115	0.000000000
136.000000000	39.690436948	-121.824621725	1.000000000
137.000000000	39.690445390	-121.824612163	1.000000000
138.000000000	39.690447983	-121.824598782	1.000000000
139.000000000	39.690447572	-121.824583012	0.000000000
140.000000000	39.690451342	-121.824568453	1.000000000
141.000000000	39.690458038	-121.824554507	1.000000000
142.000000000	39.690460360	-121.824538943	1.000000000
143.000000000	39.690460393	-121.824526113	0.000000000
144.000000000	39.690461222	-121.824518487	1.000000000
145.000000000	39.690461245	-121.824516642	1.000000000
146.000000000	39.690458865	-121.824516355	0.000000000
147.000000000	39.690462355	-121.824516395	0.000000000
148.000000000	39.690462987	-121.824516375	1.000000000
149.000000000	39.690459987	-121.824516388	0.000000000
150.000000000	39.690465758	-121.824516238	0.000000000
151.000000000	39.690465737	-121.824516552	0.000000000
152.000000000	39.690466090	-121.824516653	0.000000000
153.000000000	39.690466322	-121.824516788	0.000000000
154.000000000	39.690466987	-121.824516950	0.000000000
155.000000000	39.690467143	-121.824517048	1.000000000
156.000000000	39.690465225	-121.824516953	0.000000000
157.000000000	39.690467708	-121.824516658	0.000000000
158.000000000	39.690467860	-121.824516573	0.000000000
159.000000000	39.690468097	-121.824516648	0.000000000
160.000000000	39.690468208	-121.824516720	0.000000000
161.000000000	39.690466027	-121.824521052	0.000000000
162.000000000	39.690457710	-121.824531515	0.000000000
163.000000000	39.690447822	-121.824538157	0.000000000
164.000000000	39.690436883	-121.824542487	0.000000000
165.000000000	39.690426768	-121.824550492	0.000000000
166.000000000	39.690421150	-121.824563828	0.000000000
167.000000000	39.690419208	-121.824579697	0.000000000
168.000000000	39.690420658	-121.824596347	1.000000000
169.000000000	39.690423055	-121.824612493	0.000000000
170.000000000	39.690426918	-121.824628357	0.000000000
171.000000000	39.690425645	-121.824644717	0.000000000
172.000000000	39.690429230	-121.824661063	0.000000000
173.000000000	39.690434735	-121.824675667	0.000000000
174.000000000	39.690443683	-121.824688517	0.000000000
175.000000000	39.690454397	-121.824698005	0.000000000
176.000000000	39.690468325	-121.824702802	0.000000000
177.000000000	39.690481515	-121.824704432	0.000000000
178.000000000	39.690494738	-121.824701248	0.000000000
179.000000000	39.690506717	-121.824695260	1.000000000
180.000000000	39.690518033	-121.824685997	1.000000000
181.000000000	39.690528360	-121.824675563	0.000000000
182.000000000	39.690540383	-121.824669128	1.000000000
183.000000000	39.690552942	-121.824665050	0.000000000
184.000000000	39.690565055	-121.824658592	1.000000000
185.000000000	39.690575058	-121.824647302	1.000000000
186.000000000	39.690585823	-121.824638335	1.000000000
187.000000000	39.690597840	-121.824636718	1.000000000
188.000000000	39.690609555	-121.824640587	0.000000000
189.000000000	39.690620005	-121.824648455	0.000000000
190.000000000	39.690631640	-121.824654740	0.000000000
191.000000000	39.690644842	-121.824654597	0.000000000
192.000000000	39.690657702	-121.824649142	1.000000000
193.000000000	39.690668845	-121.824640507	0.000000000
194.000000000	39.690679335	-121.824630725	0.000000000
195.000000000	39.690691458	-121.824625672	1.000000000
196.000000000	39.690703703	-121.824622170	0.000000000
197.000000000	39.690715795	-121.824625053	0.000000000
198.000000000	39.690728208	-121.824628093	0.000000000
199.000000000	39.690741303	-121.824624855	1.000000000
200.000000000	39.690752570	-121.824615872	0.000000000
201.000000000	39.690762703	-121.824605438	0.000000000
202.000000000	39.690773938	-121.824599003	0.000000000
203.000000000	39.690784788	-121.824593953	0.000000000
204.000000000	39.690791102	-121.824587260	0.000000000
205.000000000	39.690794167	-121.824583270	0.000000000
206.000000000	39.690796838	-121.824578357	0.000000000
207.000000000	39.690802315	-121.824563752	0.000000000
208.000000000	39.690804905	-121.824547345	0.000000000
209.000000000	39.690804762	-121.824530900	0.000000000
210.000000000	39.690802237	-121.824514700	0.000000000
211.000000000	39.690798087	-121.824499218	0.000000000
212.000000000	39.690793490	-121.824484143	1.000000000
213.000000000	39.690792233	-121.824468740	0.000000000
214.000000000	39.690795070	-121.824454088	0.000000000
215.000000000	39.690800720	-121.824440877	0.000000000
216.000000000	39.690807060	-121.824427192	0.000000000
217.000000000	39.690810500	-121.824411282	1.000000000
218.000000000	39.690809432	-121.824394953	0.000000000
219.000000000	39.690804123	-121.824380233	0.000000000
220.000000000	39.690793775	-121.824371207	0.000000000
221.000000000	39.690792135	-121.824368153	0.000000000
222.000000000	39.690789620	-121.824368367	0.000000000
223.000000000	39.690786390	-121.824363637	0.000000000
224.000000000	39.690774212	-121.824359308	0.000000000
225.000000000	39.690761372	-121.824357808	0.000000000
226.000000000	39.690748762	-121.824360460	0.000000000
227.000000000	39.690736568	-121.824365808	0.000000000
228.000000000	39.690724547	-121.824370008	0.000000000
229.000000000	39.690712675	-121.824373225	0.000000000
230.000000000	39.690700778	-121.824372493	0.000000000
231.000000000	39.690688830	-121.824370917	0.000000000
232.000000000	39.690676797	-121.824368863	0.000000000
233.000000000	39.690664715	-121.824367147	0.000000000
234.000000000	39.690652237	-121.824369843	0.000000000
235.000000000	39.690640100	-121.824374057	0.000000000
236.000000000	39.690628202	-121.824377668	0.000000000
237.000000000	39.690616278	-121.824380485	0.000000000
238.000000000	39.690604142	-121.824379243	0.000000000
239.000000000	39.690592305	-121.824376812	0.000000000
240.000000000	39.690580310	-121.824373722	0.000000000
241.000000000	39.690568373	-121.824370572	0.000000000
242.000000000	39.690555693	-121.824372368	0.000000000
243.000000000	39.690543560	-121.824376132	0.000000000
244.000000000	39.690531558	-121.824380497	0.000000000
245.000000000	39.690519512	-121.824383410	0.000000000
246.000000000	39.690508708	-121.824381310	0.000000000
247.000000000	39.690502077	-121.824378650	0.000000000
248.000000000	39.690499177	-121.824376968	0.000000000
249.000000000	39.690495988	-121.824374272	0.000000000
250.000000000	39.690487078	-121.824364762	0.000000000
251.000000000	39.690480193	-121.824352478	0.000000000
252.000000000	39.690475188	-121.824338725	0.000000000
253.000000000	39.690468505	-121.824325003	0.000000000
254.000000000	39.690468277	-121.824309627	0.000000000
255.000000000	39.690470447	-121.824294518	0.000000000
256.000000000	39.690474110	-121.824279555	0.000000000
257.000000000	39.690478468	-121.824264680	1.000000000
258.000000000	39.690483135	-121.824249987	1.000000000
259.000000000	39.690483263	-121.824233953	0.000000000
260.000000000	39.690482332	-121.824223715	0.000000000
261.000000000	39.690483510	-121.824213320	0.000000000
262.000000000	39.690487058	-121.824198140	0.000000000
263.000000000	39.690492335	-121.824185415	0.000000000
264.000000000	39.690496918	-121.824177600	0.000000000
265.000000000	39.690499667	-121.824173358	0.000000000
266.000000000	39.690502757	-121.824169678	0.000000000
267.000000000	39.690512522	-121.824160930	0.000000000
268.000000000	39.690523508	-121.824154942	0.000000000
269.000000000	39.690535425	-121.824151818	0.000000000
270.000000000	39.690547385	-121.824151488	0.000000000
271.000000000	39.690559590	-121.824153020	0.000000000
272.000000000	39.690571812	-121.824155645	0.000000000
273.000000000	39.690583852	-121.824158878	0.000000000
274.000000000	39.690596890	-121.824157477	0.000000000
275.000000000	39.690609535	-121.824154848	0.000000000
276.000000000	39.690622143	-121.824152628	1.000000000
277.000000000	39.690634575	-121.824151348	1.000000000
278.000000000	39.690646332	-121.824154503	1.000000000
279.000000000	39.690655758	-121.824163462	0.000000000
280.000000000	39.690663207	-121.824175455	0.000000000
281.000000000	39.690672627	-121.824185947	0.000000000
282.000000000	39.690684545	-121.824191740	0.000000000
283.000000000	39.690697283	-121.824193507	0.000000000
284.000000000	39.690709787	-121.824189973	0.000000000
285.000000000	39.690721732	-121.824183643	0.000000000
286.000000000	39.690733432	-121.824178682	0.000000000
287.000000000	39.690745357	-121.824174657	0.000000000
288.000000000	39.690757478	-121.824175130	0.000000000
289.000000000	39.690769590	-121.824176515	1.000000000
290.000000000	39.690781808	-121.824178723	1.000000000
291.000000000	39.690792672	-121.824184703	1.000000000
292.000000000	39.690800547	-121.824195632	1.000000000
293.000000000	39.690805448	-121.824209303	0.000000000
294.000000000	39.690807062	-121.824224233	0.000000000
295.000000000	39.690810153	-121.824239640	0.000000000
296.000000000	39.690818127	-121.824253095	0.000000000
297.000000000	39.690829177	-121.824261862	0.000000000
298.000000000	39.690841913	-121.824265652	0.000000000
299.000000000	39.690854792	-121.824264148	0.000000000
300.000000000	39.690866507	-121.824257608	0.000000000
301.000000000	39.690876763	-121.824247862	0.000000000
302.000000000	39.690885112	-121.824235472	0.000000000
303.000000000	39.690891922	-121.824221613	0.000000000
304.000000000	39.690899195	-121.824208873	1.000000000
305.000000000	39.690906678	-121.824196462	1.000000000
306.000000000	39.690916408	-121.824188522	0.000000000
307.000000000	39.690926935	-121.824184962	0.000000000
308.000000000	39.690936552	-121.824182113	0.000000000
309.000000000	39.690940765	-121.824181387	0.000000000
310.000000000	39.690940807	-121.824181378	0.000000000
311.000000000	39.690940462	-121.824181502	0.000000000
312.000000000	39.690940242	-121.824181568	0.000000000
313.000000000	39.690940235	-121.824181532	0.000000000
314.000000000	39.690940293	-121.824181457	0.000000000
315.000000000	39.690940410	-121.824181327	0.000000000
316.000000000	39.690940425	-121.824181335	0.000000000
317.000000000	39.690940558	-121.824181303	0.000000000
318.000000000	39.690940718	-121.824180827	0.000000000
319.000000000	39.690940518	-121.824181218	0.000000000
