0.000000000	39.690945512	-121.824176862
1.000000000	39.690810153	-121.824173582
2.000000000	39.690823890	-121.824182805
3.000000000	39.690820148	-121.824180027
4.000000000	39.690817445	-121.824178128
5.000000000	39.690815432	-121.824177112
6.000000000	39.690810923	-121.824178710
7.000000000	39.690809765	-121.824178712
8.000000000	39.690809298	-121.824178795
9.000000000	39.690808977	-121.824178775
10.000000000	39.690808778	-121.824178798
11.000000000	39.690808628	-121.824178877
12.000000000	39.690811730	-121.824176615
13.000000000	39.690807618	-121.824178177
14.000000000	39.690806888	-121.824177450
15.000000000	39.690806147	-121.824176433
16.000000000	39.690805255	-121.824175293
17.000000000	39.690804308	-121.824173927
18.000000000	39.690803467	-121.824172630
19.000000000	39.690805332	-121.824170263
20.000000000	39.690804850	-121.824169747
21.000000000	39.690804330	-121.824169510
22.000000000	39.690803857	-121.824169280
23.000000000	39.690803378	-121.824168862
24.000000000	39.690802860	-121.824168083
