0.000000000	39.690475573	-121.824336422
1.000000000	39.690475573	-121.824336422
2.000000000	39.690475573	-121.824336422
3.000000000	39.690475573	-121.824336422
4.000000000	39.690475573	-121.824336422
5.000000000	39.690475573	-121.824336422
6.000000000	39.690475573	-121.824336422
7.000000000	39.690475573	-121.824336422
8.000000000	39.690475573	-121.824336422
9.000000000	39.690475573	-121.824336422
10.000000000	39.690475573	-121.824336422
11.000000000	39.690475573	-121.824336422
12.000000000	39.690475573	-121.824336422
13.000000000	39.690475573	-121.824336422
14.000000000	39.690475573	-121.824336422
15.000000000	39.690475573	-121.824336422
16.000000000	39.690475573	-121.824336422
17.000000000	39.690475573	-121.824336422
18.000000000	39.690475573	-121.824336422
19.000000000	39.690475573	-121.824336422
20.000000000	39.690475573	-121.824336422
21.000000000	39.690475573	-121.824336422
22.000000000	39.690475573	-121.824336422
23.000000000	39.690475573	-121.824336422
24.000000000	39.690475573	-121.824336422
25.000000000	39.690475573	-121.824336422
26.000000000	39.690475573	-121.824336422
27.000000000	39.690475573	-121.824336422
28.000000000	39.690475573	-121.824336422
29.000000000	39.690475573	-121.824336422
30.000000000	39.690475573	-121.824336422
31.000000000	39.690475573	-121.824336422
32.000000000	39.690475573	-121.824336422
33.000000000	39.690475573	-121.824336422
34.000000000	39.690475573	-121.824336422
35.000000000	39.690475573	-121.824336422
36.000000000	39.690475573	-121.824336422
37.000000000	39.690475573	-121.824336422
38.000000000	39.690475573	-121.824336422
39.000000000	39.690475573	-121.824336422
40.000000000	39.690475573	-121.824336422
41.000000000	39.690475573	-121.824336422
42.000000000	39.690475573	-121.824336422
43.000000000	39.690475573	-121.824336422
44.000000000	39.690475573	-121.824336422
45.000000000	39.690475573	-121.824336422
46.000000000	39.690475573	-121.824336422
47.000000000	39.690475573	-121.824336422
48.000000000	39.690475573	-121.824336422
49.000000000	39.690475573	-121.824336422
50.000000000	39.690475573	-121.824336422
51.000000000	39.690475573	-121.824336422
52.000000000	39.690475573	-121.824336422
53.000000000	39.690475573	-121.824336422
54.000000000	39.690475573	-121.824336422
55.000000000	39.690475573	-121.824336422
56.000000000	39.690475573	-121.824336422
57.000000000	39.690475573	-121.824336422
