0.000000000	39.690327000	-121.824280000
1.000000000	39.690928745	-121.824174025
2.000000000	39.690928802	-121.824173988
3.000000000	39.690928790	-121.824173995
4.000000000	39.690928772	-121.824174012
5.000000000	39.690928778	-121.824173998
6.000000000	39.690928870	-121.824173968
7.000000000	39.690928697	-121.824174082
8.000000000	39.690928598	-121.824174058
9.000000000	39.690929010	-121.824169895
10.000000000	39.690928988	-121.824169732
11.000000000	39.690928903	-121.824169815
12.000000000	39.690928855	-121.824169847
13.000000000	39.690928708	-121.824169770
14.000000000	39.690928762	-121.824169838
15.000000000	39.690928605	-121.824170118
16.000000000	39.690928382	-121.824170383
17.000000000	39.690928162	-121.824170608
18.000000000	39.690928477	-121.824170667
19.000000000	39.690928642	-121.824170688
20.000000000	39.690929327	-121.824170670
21.000000000	39.690929340	-121.824170667
22.000000000	39.690935580	-121.824173153
23.000000000	39.690948058	-121.824189615
24.000000000	39.690950947	-121.824215567
25.000000000	39.690939800	-121.824238768
26.000000000	39.690919267	-121.824248412
27.000000000	39.690896123	-121.824250708
28.000000000	39.690872597	-121.824257090
29.000000000	39.690849833	-121.824264162
30.000000000	39.690827218	-121.824271773
31.000000000	39.690804752	-121.824280063
32.000000000	39.690782462	-121.824288940
33.000000000	39.690760473	-121.824298697
34.000000000	39.690738475	-121.824309122
35.000000000	39.690716575	-121.824320330
36.000000000	39.690695093	-121.824332230
37.000000000	39.690674202	-121.824344610
38.000000000	39.690653407	-121.824357678
39.000000000	39.690633007	-121.824371352
40.000000000	39.690612875	-121.824385883
41.000000000	39.690592833	-121.824401160
42.000000000	39.690573077	-121.824417060
43.000000000	39.690553602	-121.824433777
44.000000000	39.690534512	-121.824450907
45.000000000	39.690514232	-121.824461523
46.000000000	39.690497887	-121.824460472
47.000000000	39.690485408	-121.824462370
48.000000000	39.690476417	-121.824464005
49.000000000	39.690470520	-121.824465132
50.000000000	39.690467142	-121.824465782
51.000000000	39.690465980	-121.824466072
52.000000000	39.690466000	-121.824466087
53.000000000	39.690466015	-121.824466067
54.000000000	39.690466047	-121.824466040
55.000000000	39.690466090	-121.824465938
56.000000000	39.690466123	-121.824465942
57.000000000	39.690466102	-121.824465907
58.000000000	39.690466192	-121.824465850
59.000000000	39.690466248	-121.824465747
60.000000000	39.690466497	-121.824465677
61.000000000	39.690466410	-121.824465560
62.000000000	39.690462688	-121.824466238
63.000000000	39.690455165	-121.824468032
64.000000000	39.690444500	-121.824470430
65.000000000	39.690432167	-121.824473445
66.000000000	39.690418918	-121.824477132
67.000000000	39.690405543	-121.824481000
68.000000000	39.690392642	-121.824485043
69.000000000	39.690382113	-121.824488633
70.000000000	39.690373892	-121.824491122
71.000000000	39.690367330	-121.824493538
72.000000000	39.690364902	-121.824494458
73.000000000	39.690366335	-121.824493873
74.000000000	39.690366820	-121.824493743
75.000000000	39.690366340	-121.824494245
76.000000000	39.690366332	-121.824494475
77.000000000	39.690366003	-121.824494563
78.000000000	39.690367130	-121.824493965
79.000000000	39.690368627	-121.824493740
80.000000000	39.690369643	-121.824493393
81.000000000	39.690395733	-121.824464872
82.000000000	39.690397282	-121.824470702
83.000000000	39.690400947	-121.824470203
84.000000000	39.690417625	-121.824449925
85.000000000	39.690421175	-121.824482153
86.000000000	39.690420273	-121.824479173
87.000000000	39.690420830	-121.824497385
88.000000000	39.690419825	-121.824493977
89.000000000	39.690442730	-121.824530158
90.000000000	39.690443570	-121.824532213
91.000000000	39.690441825	-121.824534130
92.000000000	39.690442225	-121.824536775
93.000000000	39.690440525	-121.824539115
94.000000000	39.690440445	-121.824540175
95.000000000	39.690440765	-121.824540465
96.000000000	39.690440772	-121.824540120
97.000000000	39.690444658	-121.824548700
98.000000000	39.690448012	-121.824548805
99.000000000	39.690449453	-121.824548208
100.000000000	39.690450253	-121.824548483
101.000000000	39.690450097	-121.824547283
102.000000000	39.690449292	-121.824546175
103.000000000	39.690449110	-121.824545892
104.000000000	39.690449995	-121.824545500
105.000000000	39.690460707	-121.824537093
106.000000000	39.690463353	-121.824538622
107.000000000	39.690458732	-121.824545802
108.000000000	39.690460193	-121.824545760
109.000000000	39.690461255	-121.824546165
110.000000000	39.690461663	-121.824546603
111.000000000	39.690461507	-121.824546712
112.000000000	39.690461640	-121.824546893
113.000000000	39.690462573	-121.824547568
114.000000000	39.690463428	-121.824548230
115.000000000	39.690463958	-121.824548742
116.000000000	39.690464883	-121.824549618
117.000000000	39.690465945	-121.824550607
118.000000000	39.690466448	-121.824550822
119.000000000	39.690466725	-121.824550863
120.000000000	39.690466250	-121.824550613
121.000000000	39.690465605	-121.824550270
122.000000000	39.690464988	-121.824549937
123.000000000	39.690464443	-121.824549478
124.000000000	39.690463890	-121.824549115
125.000000000	39.690463473	-121.824549043
126.000000000	39.690461340	-121.824548298
127.000000000	39.690460960	-121.824548197
128.000000000	39.690460648	-121.824547878
129.000000000	39.690460323	-121.824547340
130.000000000	39.690460103	-121.824546782
131.000000000	39.690459943	-121.824546398
132.000000000	39.690459725	-121.824545957
133.000000000	39.690459517	-121.824545532
134.000000000	39.690459283	-121.824545175
135.000000000	39.690459000	-121.824544825
136.000000000	39.690458707	-121.824544402
137.000000000	39.690458475	-121.824544057
138.000000000	39.690458175	-121.824543835
139.000000000	39.690457903	-121.824543593
140.000000000	39.690457568	-121.824543473
141.000000000	39.690457265	-121.824543398
142.000000000	39.690456887	-121.824543255
143.000000000	39.690456520	-121.824542940
144.000000000	39.690456152	-121.824542570
145.000000000	39.690455798	-121.824542195
146.000000000	39.690455443	-121.824541963
147.000000000	39.690455042	-121.824541808
148.000000000	39.690454623	-121.824541735
149.000000000	39.690454197	-121.824541745
150.000000000	39.690453762	-121.824541695
151.000000000	39.690453377	-121.824541463
152.000000000	39.690452965	-121.824541147
153.000000000	39.690452515	-121.824540847
154.000000000	39.690452035	-121.824540542
155.000000000	39.690451577	-121.824540227
156.000000000	39.690451143	-121.824540093
157.000000000	39.690450705	-121.824539965
158.000000000	39.690450258	-121.824539880
159.000000000	39.690452303	-121.824540780
160.000000000	39.690461582	-121.824550433
161.000000000	39.690469232	-121.824562017
162.000000000	39.690476408	-121.824574342
163.000000000	39.690486777	-121.824582885
164.000000000	39.690498795	-121.824586457
165.000000000	39.690511592	-121.824586528
166.000000000	39.690523967	-121.824582887
167.000000000	39.690535553	-121.824577335
168.000000000	39.690546640	-121.824571343
169.000000000	39.690558223	-121.824569907
170.000000000	39.690569283	-121.824570932
171.000000000	39.690580075	-121.824573798
172.000000000	39.690590990	-121.824577283
173.000000000	39.690602625	-121.824576417
174.000000000	39.690613940	-121.824573713
175.000000000	39.690625385	-121.824569038
176.000000000	39.690636653	-121.824564020
177.000000000	39.690648097	-121.824563667
178.000000000	39.690659383	-121.824565675
179.000000000	39.690670407	-121.824569427
180.000000000	39.690681252	-121.824573700
181.000000000	39.690692827	-121.824573615
182.000000000	39.690704210	-121.824571328
183.000000000	39.690715192	-121.824567237
184.000000000	39.690726098	-121.824562773
185.000000000	39.690737382	-121.824562895
186.000000000	39.690748447	-121.824565532
187.000000000	39.690759245	-121.824570428
188.000000000	39.690769818	-121.824576007
189.000000000	39.690781590	-121.824576543
190.000000000	39.690792802	-121.824572415
191.000000000	39.690802250	-121.824564320
192.000000000	39.690809803	-121.824553088
193.000000000	39.690815188	-121.824539542
194.000000000	39.690818032	-121.824525035
195.000000000	39.690818288	-121.824509905
196.000000000	39.690816678	-121.824494995
197.000000000	39.690813378	-121.824480837
198.000000000	39.690809495	-121.824467092
199.000000000	39.690808447	-121.824453065
200.000000000	39.690808472	-121.824439213
201.000000000	39.690809325	-121.824425080
202.000000000	39.690809913	-121.824410732
203.000000000	39.690806955	-121.824396437
204.000000000	39.690802427	-121.824382970
205.000000000	39.690794720	-121.824371477
206.000000000	39.690784940	-121.824363052
207.000000000	39.690773893	-121.824357927
208.000000000	39.690762238	-121.824355540
209.000000000	39.690750215	-121.824356675
210.000000000	39.690738717	-121.824359585
211.000000000	39.690727753	-121.824363787
212.000000000	39.690717225	-121.824367922
213.000000000	39.690706560	-121.824366948
214.000000000	39.690698697	-121.824361892
215.000000000	39.690688333	-121.824356775
216.000000000	39.690677207	-121.824354308
217.000000000	39.690665898	-121.824356223
218.000000000	39.690654830	-121.824359908
219.000000000	39.690644138	-121.824364773
220.000000000	39.690633517	-121.824369902
221.000000000	39.690622638	-121.824370852
222.000000000	39.690611637	-121.824370228
223.000000000	39.690601748	-121.824365653
224.000000000	39.690594100	-121.824357795
225.000000000	39.690586963	-121.824352915
226.000000000	39.690575495	-121.824350913
227.000000000	39.690563937	-121.824352822
228.000000000	39.690552635	-121.824357548
229.000000000	39.690542318	-121.824364653
230.000000000	39.690532713	-121.824372477
231.000000000	39.690521950	-121.824376100
232.000000000	39.690511297	-121.824375378
233.000000000	39.690501682	-121.824370263
234.000000000	39.690493212	-121.824362335
235.000000000	39.690486385	-121.824351928
236.000000000	39.690481342	-121.824339882
237.000000000	39.690478357	-121.824326625
238.000000000	39.690477270	-121.824312907
239.000000000	39.690477965	-121.824299073
240.000000000	39.690479958	-121.824285208
241.000000000	39.690483048	-121.824271695
242.000000000	39.690486425	-121.824258253
243.000000000	39.690488777	-121.824244248
244.000000000	39.690490087	-121.824229578
245.000000000	39.690489725	-121.824214480
246.000000000	39.690489163	-121.824199595
247.000000000	39.690492577	-121.824186320
248.000000000	39.690498952	-121.824175353
249.000000000	39.690507218	-121.824166798
250.000000000	39.690516998	-121.824161880
251.000000000	39.690527465	-121.824161798
252.000000000	39.690538418	-121.824162007
253.000000000	39.690549227	-121.824163578
254.000000000	39.690560147	-121.824165708
255.000000000	39.690571015	-121.824166403
256.000000000	39.690579493	-121.824166778
257.000000000	39.690585333	-121.824166797
258.000000000	39.690589045	-121.824166833
259.000000000	39.690590628	-121.824166812
260.000000000	39.690591013	-121.824166857
261.000000000	39.690590803	-121.824166872
262.000000000	39.690590683	-121.824166872
263.000000000	39.690590512	-121.824166918
264.000000000	39.690590370	-121.824166930
265.000000000	39.690590187	-121.824166932
266.000000000	39.690590065	-121.824166905
267.000000000	39.690589907	-121.824166887
268.000000000	39.690589752	-121.824166887
269.000000000	39.690589613	-121.824166802
270.000000000	39.690589472	-121.824166763
271.000000000	39.690589303	-121.824166703
272.000000000	39.690589163	-121.824166605
273.000000000	39.690589038	-121.824166513
274.000000000	39.690588917	-121.824166448
275.000000000	39.690588762	-121.824166380
276.000000000	39.690588638	-121.824166270
277.000000000	39.690588543	-121.824166235
278.000000000	39.690593102	-121.824161853
279.000000000	39.690593172	-121.824161755
280.000000000	39.690593268	-121.824161282
281.000000000	39.690593175	-121.824155333
282.000000000	39.690593023	-121.824155782
283.000000000	39.690592928	-121.824156300
284.000000000	39.690592823	-121.824155983
285.000000000	39.690592755	-121.824155895
286.000000000	39.690592760	-121.824155767
287.000000000	39.690592253	-121.824156250
288.000000000	39.690592312	-121.824156102
289.000000000	39.690592132	-121.824156503
290.000000000	39.690592042	-121.824156465
291.000000000	39.690592527	-121.824156423
292.000000000	39.690592483	-121.824156487
293.000000000	39.690592138	-121.824156843
294.000000000	39.690592230	-121.824156550
295.000000000	39.690592435	-121.824155897
296.000000000	39.690600988	-121.824137160
297.000000000	39.690601953	-121.824134162
298.000000000	39.690601907	-121.824134333
299.000000000	39.690599392	-121.824139652
300.000000000	39.690599198	-121.824139910
301.000000000	39.690599140	-121.824139608
302.000000000	39.690599222	-121.824139453
303.000000000	39.690599323	-121.824139085
304.000000000	39.690599475	-121.824138857
305.000000000	39.690599588	-121.824138617
306.000000000	39.690599647	-121.824138535
307.000000000	39.690599715	-121.824138430
308.000000000	39.690599747	-121.824138175
309.000000000	39.690599780	-121.824138095
310.000000000	39.690599767	-121.824138050
311.000000000	39.690599770	-121.824137955
312.000000000	39.690599750	-121.824137822
313.000000000	39.690599738	-121.824137897
314.000000000	39.690599815	-121.824137245
315.000000000	39.690625773	-121.824199385
316.000000000	39.690635193	-121.824214258
317.000000000	39.690632862	-121.824208177
318.000000000	39.690631460	-121.824204812
319.000000000	39.690610815	-121.824166712
320.000000000	39.690609982	-121.824165667
321.000000000	39.690609795	-121.824165485
322.000000000	39.690609883	-121.824165638
323.000000000	39.690610123	-121.824166110
324.000000000	39.690610948	-121.824168775
325.000000000	39.690611238	-121.824169717
326.000000000	39.690611480	-121.824170492
327.000000000	39.690611637	-121.824171322
328.000000000	39.690611928	-121.824172295
329.000000000	39.690611902	-121.824172800
330.000000000	39.690613618	-121.824180152
331.000000000	39.690613038	-121.824178457
332.000000000	39.690615090	-121.824177660
333.000000000	39.690614945	-121.824176458
334.000000000	39.690614615	-121.824175797
335.000000000	39.690613192	-121.824175463
336.000000000	39.690612878	-121.824175298
337.000000000	39.690612545	-121.824175283
338.000000000	39.690612335	-121.824175430
339.000000000	39.690612233	-121.824175318
340.000000000	39.690613338	-121.824175528
341.000000000	39.690613053	-121.824175165
342.000000000	39.690611890	-121.824175593
343.000000000	39.690612015	-121.824176198
344.000000000	39.690626067	-121.824201695
345.000000000	39.690626122	-121.824201980
346.000000000	39.690612197	-121.824177612
347.000000000	39.690612878	-121.824177195
348.000000000	39.690612598	-121.824176732
349.000000000	39.690612268	-121.824175710
350.000000000	39.690611998	-121.824174167
351.000000000	39.690610953	-121.824172780
352.000000000	39.690610745	-121.824171415
353.000000000	39.690610285	-121.824170385
354.000000000	39.690609098	-121.824169720
355.000000000	39.690608632	-121.824169212
356.000000000	39.690608288	-121.824169012
357.000000000	39.690608050	-121.824169002
358.000000000	39.690607813	-121.824168777
359.000000000	39.690607595	-121.824168435
360.000000000	39.690607312	-121.824168383
361.000000000	39.690607077	-121.824167938
362.000000000	39.690606777	-121.824167503
363.000000000	39.690606405	-121.824166892
364.000000000	39.690606847	-121.824169398
365.000000000	39.690605913	-121.824167017
366.000000000	39.690605847	-121.824165345
367.000000000	39.690605080	-121.824164557
368.000000000	39.690605555	-121.824164392
369.000000000	39.690604262	-121.824165270
370.000000000	39.690604450	-121.824168235
371.000000000	39.690604393	-121.824167635
372.000000000	39.690629083	-121.824208778
373.000000000	39.690629748	-121.824208033
374.000000000	39.690627042	-121.824201790
375.000000000	39.690618723	-121.824190977
376.000000000	39.690616288	-121.824187613
377.000000000	39.690614658	-121.824185143
378.000000000	39.690615397	-121.824183867
379.000000000	39.690615095	-121.824182860
380.000000000	39.690614633	-121.824182290
381.000000000	39.690614633	-121.824182290
