0.000000000	39.690364192	-121.824230893	0.000000000
1.000000000	39.690365663	-121.824233508	1.000000000
2.000000000	39.690365672	-121.824233498	1.000000000
3.000000000	39.690365667	-121.824233462	1.000000000
4.000000000	39.690365672	-121.824233412	1.000000000
5.000000000	39.690365720	-121.824233408	1.000000000
6.000000000	39.690365632	-121.824233222	1.000000000
7.000000000	39.690365617	-121.824233290	1.000000000
8.000000000	39.690371798	-121.824242248	0.000000000
9.000000000	39.690374482	-121.824239623	0.000000000
10.000000000	39.690374453	-121.824239518	0.000000000
11.000000000	39.690374467	-121.824239510	0.000000000
12.000000000	39.690374488	-121.824239518	1.000000000
13.000000000	39.690374548	-121.824239608	0.000000000
14.000000000	39.690374482	-121.824239613	0.000000000
15.000000000	39.690374545	-121.824239560	1.000000000
16.000000000	39.690374608	-121.824239637	1.000000000
17.000000000	39.690374473	-121.824239642	1.000000000
18.000000000	39.690374480	-121.824239768	1.000000000
19.000000000	39.690374442	-121.824239827	1.000000000
20.000000000	39.690374488	-121.824240028	1.000000000
21.000000000	39.690374452	-121.824240165	1.000000000
22.000000000	39.690374453	-121.824240165	0.000000000
23.000000000	39.690374508	-121.824240193	0.000000000
24.000000000	39.690374107	-121.824239095	0.000000000
25.000000000	39.690378932	-121.824237698	0.000000000
26.000000000	39.690374585	-121.824240973	0.000000000
27.000000000	39.690373402	-121.824241608	0.000000000
28.000000000	39.690372250	-121.824243377	0.000000000
29.000000000	39.690371655	-121.824244405	1.000000000
30.000000000	39.690364880	-121.824249350	1.000000000
31.000000000	39.690366493	-121.824248127	0.000000000
32.000000000	39.690368487	-121.824246907	0.000000000
33.000000000	39.690370262	-121.824245778	1.000000000
34.000000000	39.690371860	-121.824244887	1.000000000
35.000000000	39.690373085	-121.824244248	1.000000000
36.000000000	39.690373085	-121.824244248	1.000000000
37.000000000	39.690373085	-121.824244248	1.000000000
38.000000000	39.690373085	-121.824244248	1.000000000
39.000000000	39.690373085	-121.824244248	1.000000000
40.000000000	39.690373085	-121.824244248	1.000000000
