0.000000000	39.690436995	-121.824484213
1.000000000	39.690436995	-121.824484213
2.000000000	39.690433682	-121.824483350
3.000000000	39.690433585	-121.824483413
4.000000000	39.690433737	-121.824483585
5.000000000	39.690433747	-121.824483745
6.000000000	39.690433828	-121.824484082
7.000000000	39.690433943	-121.824484382
8.000000000	39.690433970	-121.824484337
9.000000000	39.690434493	-121.824484390
10.000000000	39.690434497	-121.824484287
11.000000000	39.690434580	-121.824484378
12.000000000	39.690434590	-121.824484370
13.000000000	39.690434545	-121.824484308
14.000000000	39.690434673	-121.824484372
15.000000000	39.690434735	-121.824484482
16.000000000	39.690435033	-121.824484690
17.000000000	39.690434927	-121.824484695
18.000000000	39.690435017	-121.824484663
19.000000000	39.690434947	-121.824484695
20.000000000	39.690434922	-121.824484703
21.000000000	39.690434993	-121.824484803
22.000000000	39.690435020	-121.824484865
23.000000000	39.690435048	-121.824484875
24.000000000	39.690435073	-121.824484880
25.000000000	39.690435118	-121.824484842
26.000000000	39.690435805	-121.824484943
27.000000000	39.690435775	-121.824484948
28.000000000	39.690435785	-121.824484895
29.000000000	39.690435752	-121.824484793
30.000000000	39.690435607	-121.824484758
31.000000000	39.690435435	-121.824484657
32.000000000	39.690435413	-121.824484680
33.000000000	39.690435413	-121.824484680
34.000000000	39.690435413	-121.824484680
