0.000000000	39.690442777	-121.824413737	1.000000000
1.000000000	39.690442777	-121.824413737	1.000000000
2.000000000	39.690443038	-121.824414843	1.000000000
3.000000000	39.690442860	-121.824414562	1.000000000
4.000000000	39.690442768	-121.824414403	1.000000000
5.000000000	39.690442703	-121.824414380	0.000000000
6.000000000	39.690442692	-121.824414213	0.000000000
7.000000000	39.690442605	-121.824414045	0.000000000
8.000000000	39.690442465	-121.824413863	0.000000000
9.000000000	39.690441162	-121.824415462	0.000000000
10.000000000	39.690437897	-121.824424327	0.000000000
11.000000000	39.690437292	-121.824434390	0.000000000
12.000000000	39.690437218	-121.824444097	1.000000000
13.000000000	39.690439793	-121.824453395	0.000000000
14.000000000	39.690443702	-121.824461993	0.000000000
15.000000000	39.690446345	-121.824470972	0.000000000
16.000000000	39.690450105	-121.824479150	0.000000000
17.000000000	39.690456548	-121.824484568	0.000000000
18.000000000	39.690463660	-121.824488177	0.000000000
19.000000000	39.690471203	-121.824490102	0.000000000
20.000000000	39.690478862	-121.824490302	1.000000000
21.000000000	39.690485925	-121.824492097	0.000000000
22.000000000	39.690491875	-121.824496677	0.000000000
23.000000000	39.690497985	-121.824501212	0.000000000
24.000000000	39.690504145	-121.824505787	0.000000000
25.000000000	39.690510477	-121.824509698	0.000000000
26.000000000	39.690516847	-121.824513780	0.000000000
27.000000000	39.690523145	-121.824517855	0.000000000
28.000000000	39.690529365	-121.824522137	1.000000000
29.000000000	39.690535555	-121.824526478	1.000000000
30.000000000	39.690542375	-121.824529785	1.000000000
31.000000000	39.690549818	-121.824528868	0.000000000
32.000000000	39.690556463	-121.824525340	0.000000000
33.000000000	39.690563628	-121.824522898	0.000000000
34.000000000	39.690570745	-121.824522872	0.000000000
35.000000000	39.690577795	-121.824523517	0.000000000
36.000000000	39.690584717	-121.824524742	0.000000000
37.000000000	39.690591682	-121.824526607	0.000000000
38.000000000	39.690598562	-121.824528802	0.000000000
39.000000000	39.690605275	-121.824531415	0.000000000
40.000000000	39.690611967	-121.824534385	0.000000000
41.000000000	39.690618672	-121.824537807	0.000000000
42.000000000	39.690625017	-121.824541582	0.000000000
43.000000000	39.690631262	-121.824545783	0.000000000
44.000000000	39.690637398	-121.824550315	0.000000000
45.000000000	39.690643342	-121.824555067	0.000000000
46.000000000	39.690649227	-121.824560098	0.000000000
47.000000000	39.690654943	-121.824565393	0.000000000
48.000000000	39.690660520	-121.824571100	0.000000000
49.000000000	39.690665997	-121.824576688	0.000000000
50.000000000	39.690671268	-121.824582772	0.000000000
51.000000000	39.690676390	-121.824588878	0.000000000
52.000000000	39.690681473	-121.824595290	0.000000000
53.000000000	39.690685000	-121.824602752	0.000000000
54.000000000	39.690691863	-121.824614000	0.000000000
55.000000000	39.690698045	-121.824619203	0.000000000
56.000000000	39.690705625	-121.824620815	0.000000000
57.000000000	39.690713587	-121.824621275	0.000000000
58.000000000	39.690721317	-121.824620432	0.000000000
59.000000000	39.690728715	-121.824617428	0.000000000
60.000000000	39.690735038	-121.824611647	0.000000000
61.000000000	39.690739488	-121.824603738	0.000000000
62.000000000	39.690742615	-121.824594988	0.000000000
63.000000000	39.690743500	-121.824585432	0.000000000
64.000000000	39.690742678	-121.824576033	0.000000000
65.000000000	39.690739428	-121.824567457	0.000000000
66.000000000	39.690734317	-121.824560597	0.000000000
67.000000000	39.690728187	-121.824555483	0.000000000
68.000000000	39.690721238	-121.824552742	0.000000000
69.000000000	39.690714012	-121.824552447	0.000000000
70.000000000	39.690707010	-121.824554715	0.000000000
71.000000000	39.690700372	-121.824559310	0.000000000
72.000000000	39.690694865	-121.824567230	0.000000000
73.000000000	39.690691540	-121.824577462	0.000000000
74.000000000	39.690691003	-121.824588038	0.000000000
75.000000000	39.690692627	-121.824598103	0.000000000
76.000000000	39.690696755	-121.824607042	0.000000000
77.000000000	39.690702842	-121.824614118	0.000000000
78.000000000	39.690710292	-121.824618080	0.000000000
79.000000000	39.690719575	-121.824619377	0.000000000
80.000000000	39.690729077	-121.824611787	0.000000000
81.000000000	39.690735852	-121.824605537	0.000000000
82.000000000	39.690740478	-121.824597512	0.000000000
83.000000000	39.690732710	-121.824563787	0.000000000
84.000000000	39.690733327	-121.824555497	0.000000000
85.000000000	39.690731542	-121.824547385	0.000000000
86.000000000	39.690728995	-121.824542400	0.000000000
87.000000000	39.690723988	-121.824537730	0.000000000
88.000000000	39.690717702	-121.824534778	0.000000000
89.000000000	39.690710993	-121.824533670	0.000000000
90.000000000	39.690705807	-121.824534708	0.000000000
91.000000000	39.690700713	-121.824536912	0.000000000
92.000000000	39.690694148	-121.824541393	0.000000000
93.000000000	39.690691038	-121.824544265	0.000000000
94.000000000	39.690686355	-121.824551118	0.000000000
95.000000000	39.690686662	-121.824549907	0.000000000
96.000000000	39.690686962	-121.824549772	0.000000000
97.000000000	39.690687068	-121.824550273	0.000000000
98.000000000	39.690686940	-121.824552520	0.000000000
99.000000000	39.690687057	-121.824552915	0.000000000
100.000000000	39.690687100	-121.824553215	0.000000000
101.000000000	39.690687102	-121.824553520	0.000000000
102.000000000	39.690685133	-121.824556217	0.000000000
103.000000000	39.690682195	-121.824566025	0.000000000
104.000000000	39.690681345	-121.824575952	0.000000000
105.000000000	39.690682707	-121.824585793	0.000000000
106.000000000	39.690686325	-121.824595523	0.000000000
107.000000000	39.690691517	-121.824603295	0.000000000
108.000000000	39.690698232	-121.824608377	0.000000000
109.000000000	39.690706445	-121.824611235	0.000000000
110.000000000	39.690714680	-121.824610388	0.000000000
111.000000000	39.690721887	-121.824607222	0.000000000
112.000000000	39.690728263	-121.824601283	0.000000000
113.000000000	39.690732718	-121.824593402	0.000000000
114.000000000	39.690735855	-121.824584835	0.000000000
115.000000000	39.690736748	-121.824575627	0.000000000
116.000000000	39.690735678	-121.824566335	0.000000000
117.000000000	39.690732652	-121.824557892	0.000000000
118.000000000	39.690727900	-121.824551045	0.000000000
119.000000000	39.690721612	-121.824546215	0.000000000
120.000000000	39.690714578	-121.824543533	0.000000000
121.000000000	39.690707300	-121.824543603	0.000000000
122.000000000	39.690700175	-121.824546582	0.000000000
123.000000000	39.690693920	-121.824552210	1.000000000
124.000000000	39.690688895	-121.824559995	0.000000000
125.000000000	39.690685782	-121.824569270	0.000000000
126.000000000	39.690685225	-121.824576492	0.000000000
127.000000000	39.690685342	-121.824575915	0.000000000
128.000000000	39.690685753	-121.824574700	0.000000000
129.000000000	39.690685782	-121.824574745	0.000000000
130.000000000	39.690685697	-121.824574645	0.000000000
131.000000000	39.690685623	-121.824574728	0.000000000
132.000000000	39.690685592	-121.824574973	0.000000000
133.000000000	39.690685595	-121.824575008	0.000000000
134.000000000	39.690685598	-121.824575315	0.000000000
135.000000000	39.690685528	-121.824575498	0.000000000
136.000000000	39.690685563	-121.824575675	0.000000000
137.000000000	39.690685617	-121.824575800	0.000000000
138.000000000	39.690685700	-121.824576032	0.000000000
139.000000000	39.690685737	-121.824576120	0.000000000
140.000000000	39.690685600	-121.824576630	0.000000000
141.000000000	39.690685763	-121.824576650	0.000000000
142.000000000	39.690685783	-121.824576778	0.000000000
143.000000000	39.690686010	-121.824576902	0.000000000
144.000000000	39.690686197	-121.824576868	0.000000000
145.000000000	39.690686277	-121.824577007	0.000000000
146.000000000	39.690686253	-121.824577345	0.000000000
147.000000000	39.690686260	-121.824577605	0.000000000
148.000000000	39.690686320	-121.824577777	0.000000000
149.000000000	39.690686292	-121.824577970	0.000000000
150.000000000	39.690686153	-121.824578705	0.000000000
151.000000000	39.690686075	-121.824589197	0.000000000
152.000000000	39.690688535	-121.824598673	0.000000000
153.000000000	39.690692870	-121.824606983	0.000000000
154.000000000	39.690698633	-121.824612998	0.000000000
155.000000000	39.690705615	-121.824618040	0.000000000
156.000000000	39.690713542	-121.824619190	0.000000000
157.000000000	39.690718535	-121.824613097	0.000000000
158.000000000	39.690727373	-121.824613327	0.000000000
159.000000000	39.690728392	-121.824612072	0.000000000
160.000000000	39.690728208	-121.824612182	0.000000000
161.000000000	39.690728073	-121.824612077	0.000000000
162.000000000	39.690724995	-121.824607180	0.000000000
163.000000000	39.690725058	-121.824607483	0.000000000
164.000000000	39.690724770	-121.824607227	0.000000000
165.000000000	39.690724650	-121.824607300	0.000000000
166.000000000	39.690725115	-121.824608323	0.000000000
167.000000000	39.690725093	-121.824608388	0.000000000
168.000000000	39.690725055	-121.824608368	0.000000000
169.000000000	39.690724988	-121.824608252	0.000000000
170.000000000	39.690724903	-121.824608150	0.000000000
171.000000000	39.690724793	-121.824607973	0.000000000
172.000000000	39.690724677	-121.824607817	0.000000000
173.000000000	39.690724510	-121.824607547	0.000000000
174.000000000	39.690724418	-121.824607380	0.000000000
175.000000000	39.690724332	-121.824607078	0.000000000
176.000000000	39.690724168	-121.824606798	0.000000000
177.000000000	39.690724042	-121.824606518	0.000000000
178.000000000	39.690724000	-121.824606445	0.000000000
179.000000000	39.690723930	-121.824606375	0.000000000
180.000000000	39.690723858	-121.824606342	0.000000000
181.000000000	39.690723148	-121.824605393	0.000000000
182.000000000	39.690723077	-121.824605120	0.000000000
183.000000000	39.690723067	-121.824605142	0.000000000
184.000000000	39.690723573	-121.824605963	0.000000000
185.000000000	39.690723602	-121.824606107	0.000000000
186.000000000	39.690723773	-121.824606332	0.000000000
187.000000000	39.690723860	-121.824606560	0.000000000
188.000000000	39.690723940	-121.824606702	0.000000000
189.000000000	39.690724018	-121.824606840	0.000000000
190.000000000	39.690724058	-121.824606928	0.000000000
191.000000000	39.690724115	-121.824606993	0.000000000
192.000000000	39.690724123	-121.824607112	0.000000000
193.000000000	39.690724123	-121.824607067	0.000000000
194.000000000	39.690724097	-121.824607123	0.000000000
195.000000000	39.690724122	-121.824607183	0.000000000
196.000000000	39.690724110	-121.824607120	0.000000000
197.000000000	39.690724103	-121.824607190	0.000000000
198.000000000	39.690724220	-121.824607282	0.000000000
199.000000000	39.690724163	-121.824607255	0.000000000
200.000000000	39.690723345	-121.824606328	0.000000000
201.000000000	39.690723357	-121.824606247	0.000000000
202.000000000	39.690724128	-121.824607172	0.000000000
203.000000000	39.690724067	-121.824607200	0.000000000
204.000000000	39.690724048	-121.824607178	0.000000000
205.000000000	39.690724025	-121.824607175	0.000000000
206.000000000	39.690723972	-121.824607183	0.000000000
207.000000000	39.690723940	-121.824607183	0.000000000
208.000000000	39.690723885	-121.824607158	0.000000000
209.000000000	39.690723907	-121.824607178	0.000000000
210.000000000	39.690723817	-121.824607128	0.000000000
211.000000000	39.690723812	-121.824607065	0.000000000
212.000000000	39.690723812	-121.824607045	0.000000000
213.000000000	39.690723782	-121.824607002	0.000000000
214.000000000	39.690723818	-121.824607002	0.000000000
215.000000000	39.690723863	-121.824607055	1.000000000
216.000000000	39.690723927	-121.824607143	0.000000000
217.000000000	39.690723972	-121.824607228	0.000000000
218.000000000	39.690724043	-121.824607277	0.000000000
219.000000000	39.690724125	-121.824607398	0.000000000
220.000000000	39.690724260	-121.824607460	0.000000000
221.000000000	39.690724355	-121.824607620	0.000000000
222.000000000	39.690724438	-121.824607727	0.000000000
223.000000000	39.690724557	-121.824607832	0.000000000
224.000000000	39.690724657	-121.824608012	0.000000000
225.000000000	39.690724732	-121.824608183	0.000000000
226.000000000	39.690724853	-121.824608295	0.000000000
227.000000000	39.690724913	-121.824608378	1.000000000
228.000000000	39.690724998	-121.824608475	0.000000000
229.000000000	39.690725037	-121.824608593	0.000000000
230.000000000	39.690725215	-121.824608340	0.000000000
231.000000000	39.690725122	-121.824608763	1.000000000
232.000000000	39.690725155	-121.824608908	0.000000000
233.000000000	39.690725232	-121.824609052	0.000000000
234.000000000	39.690725272	-121.824609190	0.000000000
235.000000000	39.690725305	-121.824609282	0.000000000
236.000000000	39.690725388	-121.824609445	0.000000000
237.000000000	39.690725387	-121.824609448	0.000000000
238.000000000	39.690725378	-121.824609563	0.000000000
239.000000000	39.690725380	-121.824609568	0.000000000
240.000000000	39.690725357	-121.824609552	0.000000000
241.000000000	39.690725393	-121.824609532	0.000000000
242.000000000	39.690725665	-121.824608995	0.000000000
243.000000000	39.690725365	-121.824608980	0.000000000
244.000000000	39.690725180	-121.824609523	0.000000000
245.000000000	39.690725127	-121.824609412	0.000000000
246.000000000	39.690725038	-121.824609327	0.000000000
247.000000000	39.690724947	-121.824609303	0.000000000
248.000000000	39.690724968	-121.824609192	0.000000000
249.000000000	39.690724980	-121.824609197	0.000000000
250.000000000	39.690724932	-121.824609203	0.000000000
251.000000000	39.690724980	-121.824609327	0.000000000
252.000000000	39.690725027	-121.824609495	0.000000000
253.000000000	39.690725107	-121.824609612	0.000000000
254.000000000	39.690725138	-121.824609738	0.000000000
255.000000000	39.690725202	-121.824609855	0.000000000
256.000000000	39.690725203	-121.824609942	0.000000000
257.000000000	39.690725222	-121.824609993	0.000000000
258.000000000	39.690725275	-121.824610063	0.000000000
259.000000000	39.690725327	-121.824610100	0.000000000
260.000000000	39.690725343	-121.824610155	0.000000000
261.000000000	39.690725352	-121.824610207	0.000000000
262.000000000	39.690725425	-121.824610293	0.000000000
263.000000000	39.690723105	-121.824607827	0.000000000
264.000000000	39.690723170	-121.824607897	0.000000000
265.000000000	39.690722818	-121.824607510	0.000000000
266.000000000	39.690723338	-121.824608102	0.000000000
267.000000000	39.690723343	-121.824608150	0.000000000
268.000000000	39.690723397	-121.824608222	0.000000000
269.000000000	39.690723365	-121.824608205	0.000000000
270.000000000	39.690723222	-121.824608093	0.000000000
271.000000000	39.690722630	-121.824607527	0.000000000
272.000000000	39.690723207	-121.824608117	1.000000000
273.000000000	39.690723167	-121.824608108	1.000000000
274.000000000	39.690723107	-121.824608180	1.000000000
275.000000000	39.690723047	-121.824608082	1.000000000
276.000000000	39.690723062	-121.824608075	1.000000000
277.000000000	39.690723015	-121.824608073	1.000000000
278.000000000	39.690722920	-121.824608100	1.000000000
279.000000000	39.690722810	-121.824607977	1.000000000
280.000000000	39.690722803	-121.824607925	1.000000000
281.000000000	39.690722777	-121.824607995	1.000000000
282.000000000	39.690722783	-121.824607977	1.000000000
283.000000000	39.690722802	-121.824607980	1.000000000
284.000000000	39.690722760	-121.824607983	1.000000000
285.000000000	39.690722778	-121.824608070	1.000000000
286.000000000	39.690722800	-121.824607985	1.000000000
287.000000000	39.690722803	-121.824608020	1.000000000
288.000000000	39.690722860	-121.824608150	1.000000000
289.000000000	39.690722927	-121.824608242	1.000000000
290.000000000	39.690722943	-121.824608322	1.000000000
291.000000000	39.690722915	-121.824608432	1.000000000
292.000000000	39.690723080	-121.824608860	1.000000000
293.000000000	39.690724093	-121.824608493	0.000000000
294.000000000	39.690723997	-121.824608183	0.000000000
295.000000000	39.690723840	-121.824599452	0.000000000
296.000000000	39.690723915	-121.824599882	0.000000000
297.000000000	39.690724015	-121.824599682	0.000000000
298.000000000	39.690724065	-121.824599958	0.000000000
299.000000000	39.690724233	-121.824600102	0.000000000
300.000000000	39.690724293	-121.824600337	0.000000000
301.000000000	39.690724360	-121.824600433	0.000000000
302.000000000	39.690724408	-121.824600460	0.000000000
303.000000000	39.690724493	-121.824600515	0.000000000
304.000000000	39.690724493	-121.824600515	0.000000000
