0.000000000	39.689406238	-121.823868947	0.000000000
1.000000000	39.689410007	-121.823861347	0.000000000
2.000000000	39.689409440	-121.823861552	0.000000000
3.000000000	39.689408218	-121.823862438	0.000000000
4.000000000	39.689414470	-121.823858253	1.000000000
5.000000000	39.689413223	-121.823858568	1.000000000
6.000000000	39.689412775	-121.823858720	1.000000000
7.000000000	39.689412618	-121.823858635	1.000000000
8.000000000	39.689412202	-121.823858828	1.000000000
9.000000000	39.689411860	-121.823858893	1.000000000
10.000000000	39.689412205	-121.823858555	1.000000000
11.000000000	39.689412983	-121.823858018	1.000000000
12.000000000	39.689414087	-121.823857147	1.000000000
13.000000000	39.689415425	-121.823856145	1.000000000
14.000000000	39.689415907	-121.823855790	1.000000000
15.000000000	39.689416042	-121.823855713	1.000000000
16.000000000	39.689415952	-121.823855798	1.000000000
17.000000000	39.689413383	-121.823857250	1.000000000
18.000000000	39.689412492	-121.823857757	0.000000000
19.000000000	39.689411633	-121.823858323	1.000000000
20.000000000	39.689411093	-121.823858658	0.000000000
21.000000000	39.689410592	-121.823858957	1.000000000
22.000000000	39.689410312	-121.823859178	0.000000000
23.000000000	39.689409668	-121.823859533	1.000000000
24.000000000	39.689409413	-121.823859653	1.000000000
25.000000000	39.689409257	-121.823859760	0.000000000
26.000000000	39.689409247	-121.823859708	1.000000000
27.000000000	39.689409382	-121.823859558	1.000000000
28.000000000	39.689409395	-121.823859520	0.000000000
29.000000000	39.689409205	-121.823859540	1.000000000
30.000000000	39.689408038	-121.823860352	1.000000000
31.000000000	39.689407603	-121.823860712	0.000000000
32.000000000	39.689407563	-121.823860760	1.000000000
33.000000000	39.689407820	-121.823860582	1.000000000
34.000000000	39.689408153	-121.823860370	1.000000000
35.000000000	39.689408390	-121.823860278	1.000000000
36.000000000	39.689408572	-121.823860227	1.000000000
37.000000000	39.689409408	-121.823859820	1.000000000
38.000000000	39.689409692	-121.823859725	1.000000000
39.000000000	39.689410018	-121.823859615	1.000000000
40.000000000	39.689410322	-121.823859520	1.000000000
41.000000000	39.689410605	-121.823859388	1.000000000
42.000000000	39.689410773	-121.823859345	1.000000000
43.000000000	39.689410770	-121.823859442	1.000000000
44.000000000	39.689410782	-121.823859528	1.000000000
45.000000000	39.689410830	-121.823859593	1.000000000
46.000000000	39.689410902	-121.823859707	1.000000000
47.000000000	39.689411060	-121.823859745	1.000000000
48.000000000	39.689411235	-121.823859750	1.000000000
49.000000000	39.689411345	-121.823859812	1.000000000
50.000000000	39.689411357	-121.823859938	1.000000000
51.000000000	39.689411280	-121.823860108	1.000000000
52.000000000	39.689411197	-121.823860308	1.000000000
53.000000000	39.689411187	-121.823860465	1.000000000
54.000000000	39.689411298	-121.823860582	1.000000000
55.000000000	39.689411520	-121.823860552	0.000000000
56.000000000	39.689411613	-121.823860665	1.000000000
57.000000000	39.689411552	-121.823860758	1.000000000
58.000000000	39.689411683	-121.823860608	1.000000000
59.000000000	39.689411812	-121.823860538	1.000000000
60.000000000	39.689411923	-121.823860402	1.000000000
61.000000000	39.689412042	-121.823860318	1.000000000
62.000000000	39.689412082	-121.823860318	1.000000000
63.000000000	39.689412067	-121.823860295	1.000000000
64.000000000	39.689411787	-121.823860500	1.000000000
65.000000000	39.689411627	-121.823860650	1.000000000
66.000000000	39.689411368	-121.823860768	1.000000000
67.000000000	39.689411237	-121.823860965	1.000000000
68.000000000	39.689411230	-121.823861057	0.000000000
69.000000000	39.689411243	-121.823861190	0.000000000
70.000000000	39.689411238	-121.823861343	0.000000000
71.000000000	39.689411143	-121.823861570	1.000000000
72.000000000	39.689411090	-121.823861758	1.000000000
73.000000000	39.689411020	-121.823861930	1.000000000
74.000000000	39.689410890	-121.823862213	1.000000000
75.000000000	39.689410673	-121.823862508	1.000000000
76.000000000	39.689410553	-121.823862732	1.000000000
77.000000000	39.689410447	-121.823862957	1.000000000
78.000000000	39.689410393	-121.823863140	1.000000000
79.000000000	39.689410308	-121.823863278	1.000000000
80.000000000	39.689410202	-121.823863417	1.000000000
81.000000000	39.689410115	-121.823863648	1.000000000
82.000000000	39.689410022	-121.823863817	1.000000000
83.000000000	39.689409820	-121.823863993	1.000000000
84.000000000	39.689409605	-121.823864200	1.000000000
85.000000000	39.689409517	-121.823864403	1.000000000
86.000000000	39.689409425	-121.823864612	1.000000000
87.000000000	39.689409337	-121.823864755	1.000000000
88.000000000	39.689409453	-121.823864782	1.000000000
89.000000000	39.689409565	-121.823864870	1.000000000
90.000000000	39.689409732	-121.823864910	1.000000000
91.000000000	39.689409788	-121.823864960	1.000000000
92.000000000	39.689409805	-121.823865092	1.000000000
93.000000000	39.689409745	-121.823865275	1.000000000
94.000000000	39.689409727	-121.823865392	1.000000000
95.000000000	39.689409863	-121.823865457	1.000000000
96.000000000	39.689410047	-121.823865467	1.000000000
97.000000000	39.689410200	-121.823865493	1.000000000
98.000000000	39.689410458	-121.823865473	1.000000000
99.000000000	39.689410688	-121.823865347	1.000000000
100.000000000	39.689411048	-121.823865103	1.000000000
101.000000000	39.689411368	-121.823864823	1.000000000
102.000000000	39.689411548	-121.823864837	1.000000000
103.000000000	39.689411697	-121.823864715	1.000000000
104.000000000	39.689411878	-121.823864607	1.000000000
105.000000000	39.689412018	-121.823864452	1.000000000
106.000000000	39.689412125	-121.823864305	1.000000000
107.000000000	39.689412222	-121.823864138	1.000000000
108.000000000	39.689412348	-121.823863890	1.000000000
109.000000000	39.689412612	-121.823863658	1.000000000
110.000000000	39.689412858	-121.823863447	1.000000000
111.000000000	39.689412988	-121.823863358	1.000000000
112.000000000	39.689413110	-121.823863300	1.000000000
113.000000000	39.689413272	-121.823863170	1.000000000
114.000000000	39.689413540	-121.823863067	1.000000000
115.000000000	39.689413713	-121.823862967	1.000000000
116.000000000	39.689413938	-121.823862837	1.000000000
117.000000000	39.689414163	-121.823862767	1.000000000
118.000000000	39.689414303	-121.823862650	1.000000000
119.000000000	39.689414573	-121.823862497	1.000000000
120.000000000	39.689414870	-121.823862337	1.000000000
121.000000000	39.689415242	-121.823862123	1.000000000
122.000000000	39.689415675	-121.823861925	1.000000000
123.000000000	39.689416077	-121.823861717	1.000000000
124.000000000	39.689416363	-121.823861617	1.000000000
125.000000000	39.689416525	-121.823861632	1.000000000
126.000000000	39.689416680	-121.823861555	1.000000000
127.000000000	39.689416880	-121.823861457	1.000000000
128.000000000	39.689417013	-121.823861403	1.000000000
129.000000000	39.689417102	-121.823861423	1.000000000
130.000000000	39.689417130	-121.823861463	1.000000000
131.000000000	39.689417155	-121.823861585	1.000000000
132.000000000	39.689417183	-121.823861690	1.000000000
133.000000000	39.689417127	-121.823861843	1.000000000
134.000000000	39.689416995	-121.823862115	1.000000000
135.000000000	39.689416817	-121.823862470	1.000000000
136.000000000	39.689418505	-121.823860318	1.000000000
137.000000000	39.689418013	-121.823861007	1.000000000
138.000000000	39.689417505	-121.823861732	1.000000000
139.000000000	39.689417123	-121.823862260	1.000000000
140.000000000	39.689416952	-121.823862582	1.000000000
141.000000000	39.689416918	-121.823862717	1.000000000
142.000000000	39.689416955	-121.823862622	1.000000000
143.000000000	39.689417048	-121.823862522	1.000000000
144.000000000	39.689417190	-121.823862285	1.000000000
145.000000000	39.689417355	-121.823862065	1.000000000
146.000000000	39.689417492	-121.823861828	1.000000000
147.000000000	39.689417657	-121.823861525	1.000000000
148.000000000	39.689417858	-121.823861273	1.000000000
149.000000000	39.689417983	-121.823860998	1.000000000
150.000000000	39.689418188	-121.823860620	1.000000000
151.000000000	39.689418488	-121.823860128	1.000000000
152.000000000	39.689418758	-121.823859652	1.000000000
153.000000000	39.689418967	-121.823859295	1.000000000
154.000000000	39.689419172	-121.823858947	1.000000000
155.000000000	39.689419212	-121.823858738	1.000000000
156.000000000	39.689419252	-121.823858522	1.000000000
157.000000000	39.689419288	-121.823858315	1.000000000
158.000000000	39.689419313	-121.823858172	1.000000000
159.000000000	39.689419343	-121.823858012	1.000000000
160.000000000	39.689419433	-121.823857925	1.000000000
161.000000000	39.689419545	-121.823857762	1.000000000
162.000000000	39.689419623	-121.823857560	1.000000000
163.000000000	39.689419827	-121.823857232	1.000000000
164.000000000	39.689420430	-121.823856342	1.000000000
165.000000000	39.689420478	-121.823856283	1.000000000
166.000000000	39.689420553	-121.823856148	1.000000000
167.000000000	39.689420532	-121.823856092	1.000000000
168.000000000	39.689420488	-121.823855998	1.000000000
169.000000000	39.689420488	-121.823855915	1.000000000
170.000000000	39.689420463	-121.823855837	1.000000000
171.000000000	39.689420528	-121.823855653	1.000000000
172.000000000	39.689420585	-121.823855423	1.000000000
173.000000000	39.689420618	-121.823855212	1.000000000
174.000000000	39.689421452	-121.823854573	1.000000000
175.000000000	39.689422052	-121.823853762	1.000000000
176.000000000	39.689422115	-121.823853863	1.000000000
177.000000000	39.689422227	-121.823853797	1.000000000
178.000000000	39.689422275	-121.823853792	1.000000000
179.000000000	39.689422400	-121.823853685	1.000000000
180.000000000	39.689422982	-121.823852943	1.000000000
181.000000000	39.689423095	-121.823852897	1.000000000
182.000000000	39.689423242	-121.823852892	1.000000000
183.000000000	39.689423378	-121.823852875	1.000000000
184.000000000	39.689423553	-121.823852843	1.000000000
185.000000000	39.689423630	-121.823852822	1.000000000
186.000000000	39.689423698	-121.823852843	1.000000000
187.000000000	39.689423822	-121.823852813	1.000000000
188.000000000	39.689423997	-121.823852747	1.000000000
189.000000000	39.689424680	-121.823852070	1.000000000
190.000000000	39.689425783	-121.823851158	1.000000000
191.000000000	39.689425252	-121.823847725	1.000000000
192.000000000	39.689425052	-121.823848100	1.000000000
193.000000000	39.689424927	-121.823848383	1.000000000
194.000000000	39.689424823	-121.823848638	1.000000000
195.000000000	39.689424720	-121.823848838	1.000000000
196.000000000	39.689424578	-121.823849185	1.000000000
197.000000000	39.689424453	-121.823849470	1.000000000
198.000000000	39.689424327	-121.823849812	1.000000000
199.000000000	39.689424263	-121.823850043	1.000000000
200.000000000	39.689424147	-121.823850338	1.000000000
201.000000000	39.689424035	-121.823850605	1.000000000
202.000000000	39.689423933	-121.823850750	1.000000000
203.000000000	39.689425355	-121.823848020	1.000000000
204.000000000	39.689427902	-121.823841908	1.000000000
205.000000000	39.689430270	-121.823835432	0.000000000
206.000000000	39.689433153	-121.823824725	1.000000000
207.000000000	39.689436372	-121.823816672	1.000000000
208.000000000	39.689441112	-121.823806177	0.000000000
209.000000000	39.689450542	-121.823785402	0.000000000
210.000000000	39.689458340	-121.823769568	0.000000000
211.000000000	39.689466373	-121.823762233	0.000000000
212.000000000	39.689472305	-121.823761138	0.000000000
213.000000000	39.689487075	-121.823762755	0.000000000
214.000000000	39.689498675	-121.823774063	0.000000000
215.000000000	39.689505147	-121.823789183	0.000000000
216.000000000	39.689506312	-121.823799555	0.000000000
217.000000000	39.689507798	-121.823804780	0.000000000
218.000000000	39.689508280	-121.823811077	0.000000000
219.000000000	39.689508458	-121.823811278	0.000000000
220.000000000	39.689508383	-121.823811255	0.000000000
221.000000000	39.689508297	-121.823811213	0.000000000
222.000000000	39.689508193	-121.823811058	0.000000000
223.000000000	39.689507858	-121.823810677	0.000000000
224.000000000	39.689506792	-121.823809450	1.000000000
225.000000000	39.689506505	-121.823808787	1.000000000
226.000000000	39.689505852	-121.823808087	1.000000000
227.000000000	39.689505175	-121.823806542	1.000000000
228.000000000	39.689504762	-121.823805267	1.000000000
229.000000000	39.689502793	-121.823798328	0.000000000
230.000000000	39.689498407	-121.823789503	1.000000000
231.000000000	39.689495268	-121.823780630	0.000000000
232.000000000	39.689495037	-121.823777795	1.000000000
233.000000000	39.689495122	-121.823777897	1.000000000
234.000000000	39.689495078	-121.823777913	0.000000000
235.000000000	39.689494965	-121.823777953	0.000000000
236.000000000	39.689494912	-121.823777993	0.000000000
237.000000000	39.689495515	-121.823784433	0.000000000
238.000000000	39.689499913	-121.823799677	0.000000000
239.000000000	39.689506103	-121.823813727	0.000000000
240.000000000	39.689509883	-121.823828127	1.000000000
241.000000000	39.689510308	-121.823838350	0.000000000
242.000000000	39.689509737	-121.823843345	1.000000000
243.000000000	39.689503590	-121.823856147	1.000000000
244.000000000	39.689501435	-121.823857858	1.000000000
245.000000000	39.689499107	-121.823861033	1.000000000
246.000000000	39.689498995	-121.823859357	1.000000000
247.000000000	39.689500148	-121.823852965	1.000000000
248.000000000	39.689500452	-121.823844603	1.000000000
249.000000000	39.689499527	-121.823837103	1.000000000
250.000000000	39.689499097	-121.823833107	1.000000000
251.000000000	39.689500578	-121.823830818	1.000000000
252.000000000	39.689504367	-121.823818615	0.000000000
253.000000000	39.689503615	-121.823816422	1.000000000
254.000000000	39.689501292	-121.823810840	0.000000000
255.000000000	39.689497655	-121.823804912	1.000000000
256.000000000	39.689492668	-121.823798118	1.000000000
257.000000000	39.689487402	-121.823793163	0.000000000
258.000000000	39.689484115	-121.823790863	1.000000000
259.000000000	39.689483927	-121.823790773	0.000000000
260.000000000	39.689484952	-121.823788350	1.000000000
261.000000000	39.689485463	-121.823785553	1.000000000
262.000000000	39.689485842	-121.823785252	1.000000000
263.000000000	39.689486182	-121.823784687	1.000000000
264.000000000	39.689486278	-121.823784640	1.000000000
265.000000000	39.689486480	-121.823784605	1.000000000
266.000000000	39.689486477	-121.823784700	1.000000000
267.000000000	39.689486477	-121.823784700	1.000000000
268.000000000	39.689486477	-121.823784700	1.000000000
269.000000000	39.689486477	-121.823784700	1.000000000
270.000000000	39.689486477	-121.823784700	1.000000000
271.000000000	39.689486477	-121.823784700	1.000000000
272.000000000	39.689486477	-121.823784700	1.000000000
273.000000000	39.689486477	-121.823784700	1.000000000
274.000000000	39.689486477	-121.823784700	1.000000000
275.000000000	39.689486477	-121.823784700	1.000000000
