0.000000000	39.689486477	-121.823784700	1.000000000
1.000000000	39.689470575	-121.823788378	1.000000000
2.000000000	39.689470437	-121.823788307	1.000000000
3.000000000	39.689470265	-121.823788128	1.000000000
4.000000000	39.689470102	-121.823787998	1.000000000
5.000000000	39.689469928	-121.823787925	0.000000000
6.000000000	39.689469858	-121.823787887	1.000000000
7.000000000	39.689469790	-121.823787963	1.000000000
8.000000000	39.689469715	-121.823788023	1.000000000
9.000000000	39.689469768	-121.823788088	1.000000000
10.000000000	39.689469800	-121.823788225	0.000000000
11.000000000	39.689469330	-121.823790262	0.000000000
12.000000000	39.689468858	-121.823804562	0.000000000
13.000000000	39.689470620	-121.823820607	0.000000000
14.000000000	39.689472798	-121.823832120	0.000000000
15.000000000	39.689473488	-121.823845800	0.000000000
16.000000000	39.689469975	-121.823867513	1.000000000
17.000000000	39.689467638	-121.823865647	0.000000000
18.000000000	39.689466462	-121.823864420	1.000000000
19.000000000	39.689465743	-121.823863495	1.000000000
20.000000000	39.689464975	-121.823862348	1.000000000
21.000000000	39.689464920	-121.823860155	1.000000000
22.000000000	39.689464388	-121.823853473	1.000000000
23.000000000	39.689465273	-121.823842943	1.000000000
24.000000000	39.689468442	-121.823831398	1.000000000
25.000000000	39.689471817	-121.823821865	1.000000000
26.000000000	39.689475010	-121.823817542	1.000000000
27.000000000	39.689476007	-121.823818787	1.000000000
28.000000000	39.689476733	-121.823819268	1.000000000
29.000000000	39.689477603	-121.823820140	1.000000000
30.000000000	39.689478360	-121.823820735	1.000000000
31.000000000	39.689479010	-121.823821170	1.000000000
32.000000000	39.689479583	-121.823821590	1.000000000
33.000000000	39.689480185	-121.823822057	1.000000000
34.000000000	39.689480315	-121.823822235	1.000000000
35.000000000	39.689480585	-121.823822515	1.000000000
36.000000000	39.689480865	-121.823822843	1.000000000
37.000000000	39.689480897	-121.823822957	1.000000000
38.000000000	39.689481048	-121.823823282	1.000000000
39.000000000	39.689481035	-121.823823640	0.000000000
40.000000000	39.689481142	-121.823824000	1.000000000
41.000000000	39.689481933	-121.823825538	1.000000000
42.000000000	39.689482528	-121.823826818	1.000000000
43.000000000	39.689482542	-121.823826415	1.000000000
44.000000000	39.689482630	-121.823826642	1.000000000
45.000000000	39.689482913	-121.823826858	1.000000000
46.000000000	39.689482800	-121.823828852	1.000000000
47.000000000	39.689479522	-121.823826865	1.000000000
48.000000000	39.689475760	-121.823830655	1.000000000
49.000000000	39.689475305	-121.823827563	1.000000000
50.000000000	39.689475235	-121.823822220	1.000000000
51.000000000	39.689475108	-121.823821247	1.000000000
52.000000000	39.689493343	-121.823822910	1.000000000
53.000000000	39.689499500	-121.823807260	1.000000000
54.000000000	39.689492110	-121.823819068	1.000000000
55.000000000	39.689491788	-121.823818125	1.000000000
56.000000000	39.689488660	-121.823818047	1.000000000
57.000000000	39.689487540	-121.823817642	1.000000000
58.000000000	39.689487567	-121.823816890	1.000000000
59.000000000	39.689487398	-121.823815793	1.000000000
60.000000000	39.689487475	-121.823814920	1.000000000
61.000000000	39.689487985	-121.823814008	1.000000000
62.000000000	39.689486538	-121.823813612	1.000000000
63.000000000	39.689486080	-121.823812508	1.000000000
64.000000000	39.689485538	-121.823812025	1.000000000
65.000000000	39.689485073	-121.823812302	1.000000000
66.000000000	39.689485240	-121.823812680	1.000000000
67.000000000	39.689485283	-121.823813780	1.000000000
68.000000000	39.689484925	-121.823817607	1.000000000
69.000000000	39.689485152	-121.823818065	1.000000000
70.000000000	39.689485122	-121.823818440	0.000000000
71.000000000	39.689485295	-121.823818382	0.000000000
72.000000000	39.689485462	-121.823818435	0.000000000
73.000000000	39.689477437	-121.823822018	0.000000000
74.000000000	39.689465913	-121.823822090	0.000000000
75.000000000	39.689449345	-121.823825305	0.000000000
76.000000000	39.689438650	-121.823834473	0.000000000
77.000000000	39.689430507	-121.823846375	0.000000000
78.000000000	39.689424417	-121.823860095	0.000000000
79.000000000	39.689420015	-121.823874882	0.000000000
80.000000000	39.689416872	-121.823889988	0.000000000
81.000000000	39.689411348	-121.823903228	0.000000000
82.000000000	39.689403898	-121.823913945	0.000000000
83.000000000	39.689397040	-121.823927430	0.000000000
84.000000000	39.689387902	-121.823935282	0.000000000
85.000000000	39.689377442	-121.823939165	0.000000000
86.000000000	39.689367300	-121.823941732	0.000000000
87.000000000	39.689356755	-121.823948822	0.000000000
88.000000000	39.689347233	-121.823957853	0.000000000
89.000000000	39.689336438	-121.823965043	0.000000000
90.000000000	39.689328452	-121.823977305	0.000000000
91.000000000	39.689324138	-121.823992102	0.000000000
92.000000000	39.689322877	-121.824007342	0.000000000
93.000000000	39.689324532	-121.824022385	0.000000000
94.000000000	39.689328713	-121.824036492	0.000000000
95.000000000	39.689334965	-121.824049887	0.000000000
96.000000000	39.689342083	-121.824061953	0.000000000
97.000000000	39.689346315	-121.824075942	0.000000000
98.000000000	39.689348357	-121.824090247	0.000000000
99.000000000	39.689352358	-121.824104208	0.000000000
100.000000000	39.689354960	-121.824117950	0.000000000
101.000000000	39.689362778	-121.824130393	0.000000000
102.000000000	39.689371922	-121.824141150	0.000000000
103.000000000	39.689382217	-121.824149672	0.000000000
104.000000000	39.689392848	-121.824156957	0.000000000
105.000000000	39.689401493	-121.824167398	0.000000000
106.000000000	39.689408192	-121.824179670	0.000000000
107.000000000	39.689413060	-121.824193223	0.000000000
108.000000000	39.689417235	-121.824207727	0.000000000
109.000000000	39.689423618	-121.824221182	0.000000000
110.000000000	39.689431912	-121.824232788	0.000000000
111.000000000	39.689440463	-121.824244117	0.000000000
112.000000000	39.689444910	-121.824258032	0.000000000
113.000000000	39.689447332	-121.824272362	0.000000000
114.000000000	39.689446808	-121.824287125	0.000000000
115.000000000	39.689444277	-121.824301888	1.000000000
116.000000000	39.689440835	-121.824316148	1.000000000
117.000000000	39.689440757	-121.824331867	0.000000000
118.000000000	39.689445458	-121.824346478	0.000000000
119.000000000	39.689449963	-121.824361107	0.000000000
120.000000000	39.689453520	-121.824376077	0.000000000
121.000000000	39.689453353	-121.824390972	0.000000000
122.000000000	39.689451005	-121.824405558	0.000000000
123.000000000	39.689446967	-121.824419258	0.000000000
124.000000000	39.689441993	-121.824432567	0.000000000
125.000000000	39.689438138	-121.824447255	0.000000000
126.000000000	39.689434750	-121.824462363	0.000000000
127.000000000	39.689431783	-121.824477375	0.000000000
128.000000000	39.689428130	-121.824492147	0.000000000
129.000000000	39.689422322	-121.824505360	0.000000000
130.000000000	39.689414183	-121.824515207	0.000000000
131.000000000	39.689404482	-121.824522458	0.000000000
132.000000000	39.689393757	-121.824527820	0.000000000
133.000000000	39.689382570	-121.824530585	0.000000000
134.000000000	39.689370907	-121.824532590	0.000000000
135.000000000	39.689359725	-121.824537168	0.000000000
136.000000000	39.689348248	-121.824541858	0.000000000
137.000000000	39.689336850	-121.824546835	0.000000000
138.000000000	39.689325395	-121.824550868	0.000000000
139.000000000	39.689313965	-121.824551178	0.000000000
140.000000000	39.689302760	-121.824547437	0.000000000
141.000000000	39.689292747	-121.824540538	0.000000000
142.000000000	39.689283878	-121.824531302	0.000000000
143.000000000	39.689275708	-121.824520512	0.000000000
144.000000000	39.689267582	-121.824509368	1.000000000
145.000000000	39.689256330	-121.824502188	1.000000000
146.000000000	39.689243777	-121.824501582	0.000000000
147.000000000	39.689231478	-121.824506238	0.000000000
148.000000000	39.689219513	-121.824510755	0.000000000
149.000000000	39.689207798	-121.824510445	0.000000000
150.000000000	39.689197210	-121.824504895	0.000000000
151.000000000	39.689187787	-121.824495915	0.000000000
152.000000000	39.689180358	-121.824483563	0.000000000
153.000000000	39.689176100	-121.824469472	0.000000000
154.000000000	39.689174763	-121.824454735	0.000000000
155.000000000	39.689176092	-121.824440127	0.000000000
156.000000000	39.689179850	-121.824426637	0.000000000
157.000000000	39.689185570	-121.824414332	0.000000000
158.000000000	39.689192917	-121.824403377	0.000000000
159.000000000	39.689202110	-121.824393285	0.000000000
160.000000000	39.689210938	-121.824384728	0.000000000
161.000000000	39.689220933	-121.824376883	0.000000000
162.000000000	39.689231628	-121.824369867	0.000000000
163.000000000	39.689242323	-121.824361108	0.000000000
164.000000000	39.689252388	-121.824351320	0.000000000
165.000000000	39.689261193	-121.824339860	0.000000000
166.000000000	39.689270247	-121.824329895	0.000000000
167.000000000	39.689280750	-121.824323198	1.000000000
168.000000000	39.689291945	-121.824317657	1.000000000
169.000000000	39.689301797	-121.824307580	1.000000000
170.000000000	39.689306988	-121.824293857	1.000000000
171.000000000	39.689310767	-121.824285430	1.000000000
172.000000000	39.689311197	-121.824278165	1.000000000
173.000000000	39.689312725	-121.824275278	1.000000000
174.000000000	39.689313560	-121.824274628	1.000000000
175.000000000	39.689314292	-121.824275218	1.000000000
176.000000000	39.689314822	-121.824275497	1.000000000
177.000000000	39.689315263	-121.824275477	1.000000000
178.000000000	39.689314715	-121.824275022	1.000000000
179.000000000	39.689315293	-121.824274998	1.000000000
180.000000000	39.689315670	-121.824275317	1.000000000
181.000000000	39.689313063	-121.824273567	1.000000000
182.000000000	39.689312900	-121.824273640	1.000000000
183.000000000	39.689312770	-121.824273755	1.000000000
184.000000000	39.689312733	-121.824273757	1.000000000
185.000000000	39.689312660	-121.824273535	1.000000000
186.000000000	39.689312453	-121.824273248	1.000000000
187.000000000	39.689314657	-121.824271608	1.000000000
188.000000000	39.689315115	-121.824270625	1.000000000
189.000000000	39.689316492	-121.824268885	1.000000000
190.000000000	39.689320632	-121.824265755	1.000000000
191.000000000	39.689319828	-121.824265500	0.000000000
192.000000000	39.689325522	-121.824260305	1.000000000
193.000000000	39.689336827	-121.824248850	0.000000000
194.000000000	39.689343845	-121.824240660	0.000000000
195.000000000	39.689352025	-121.824233898	0.000000000
196.000000000	39.689359770	-121.824220858	0.000000000
197.000000000	39.689363560	-121.824205327	0.000000000
198.000000000	39.689364422	-121.824189527	0.000000000
199.000000000	39.689363340	-121.824176955	0.000000000
200.000000000	39.689358723	-121.824162172	0.000000000
201.000000000	39.689352342	-121.824148118	0.000000000
202.000000000	39.689346278	-121.824134897	0.000000000
203.000000000	39.689345482	-121.824119347	0.000000000
204.000000000	39.689346193	-121.824103820	0.000000000
205.000000000	39.689348193	-121.824088497	0.000000000
206.000000000	39.689350935	-121.824073253	0.000000000
207.000000000	39.689349933	-121.824057003	0.000000000
208.000000000	39.689347283	-121.824041062	0.000000000
209.000000000	39.689344365	-121.824025622	0.000000000
210.000000000	39.689342353	-121.824009970	0.000000000
211.000000000	39.689343330	-121.823994765	0.000000000
212.000000000	39.689345525	-121.823980127	0.000000000
213.000000000	39.689348483	-121.823966202	0.000000000
214.000000000	39.689354188	-121.823953237	0.000000000
215.000000000	39.689361607	-121.823941725	0.000000000
216.000000000	39.689369368	-121.823931155	0.000000000
217.000000000	39.689376880	-121.823918548	0.000000000
218.000000000	39.689381400	-121.823906285	0.000000000
219.000000000	39.689387490	-121.823894475	0.000000000
220.000000000	39.689395513	-121.823882252	0.000000000
221.000000000	39.689404123	-121.823872947	0.000000000
222.000000000	39.689412598	-121.823864860	0.000000000
223.000000000	39.689417713	-121.823858150	0.000000000
224.000000000	39.689421087	-121.823854002	0.000000000
225.000000000	39.689412518	-121.823853163	0.000000000
226.000000000	39.689417805	-121.823851577	0.000000000
227.000000000	39.689414720	-121.823851805	0.000000000
228.000000000	39.689413945	-121.823851710	0.000000000
229.000000000	39.689410215	-121.823851938	0.000000000
230.000000000	39.689407672	-121.823851958	0.000000000
231.000000000	39.689405757	-121.823852030	0.000000000
232.000000000	39.689404647	-121.823852097	0.000000000
233.000000000	39.689424973	-121.823850568	0.000000000
234.000000000	39.689424880	-121.823850833	0.000000000
235.000000000	39.689424788	-121.823850940	0.000000000
236.000000000	39.689424700	-121.823850967	0.000000000
237.000000000	39.689424577	-121.823851070	0.000000000
238.000000000	39.689424508	-121.823851178	0.000000000
239.000000000	39.689400628	-121.823851432	0.000000000
240.000000000	39.689399147	-121.823851498	1.000000000
241.000000000	39.689397947	-121.823851510	1.000000000
242.000000000	39.689411462	-121.823851360	1.000000000
243.000000000	39.689406557	-121.823851212	1.000000000
244.000000000	39.689403310	-121.823850842	0.000000000
245.000000000	39.689413418	-121.823851495	0.000000000
246.000000000	39.689409492	-121.823851285	0.000000000
247.000000000	39.689406642	-121.823851257	0.000000000
248.000000000	39.689404352	-121.823851517	0.000000000
249.000000000	39.689403677	-121.823851452	0.000000000
250.000000000	39.689403672	-121.823851288	0.000000000
251.000000000	39.689412662	-121.823851775	0.000000000
252.000000000	39.689409100	-121.823851242	0.000000000
253.000000000	39.689413470	-121.823851818	0.000000000
254.000000000	39.689410218	-121.823851395	0.000000000
255.000000000	39.689407523	-121.823851043	0.000000000
256.000000000	39.689420993	-121.823853218	0.000000000
257.000000000	39.689420907	-121.823853322	0.000000000
258.000000000	39.689420772	-121.823853505	0.000000000
259.000000000	39.689420667	-121.823853708	0.000000000
260.000000000	39.689420637	-121.823853913	0.000000000
261.000000000	39.689420663	-121.823854070	0.000000000
262.000000000	39.689420813	-121.823854140	0.000000000
263.000000000	39.689420892	-121.823854233	0.000000000
264.000000000	39.689410945	-121.823852093	0.000000000
265.000000000	39.689408943	-121.823851515	0.000000000
266.000000000	39.689407787	-121.823851075	0.000000000
267.000000000	39.689415372	-121.823852723	0.000000000
268.000000000	39.689412922	-121.823852092	0.000000000
269.000000000	39.689410970	-121.823851522	0.000000000
270.000000000	39.689409797	-121.823851102	0.000000000
271.000000000	39.689409123	-121.823850743	0.000000000
272.000000000	39.689408877	-121.823850490	0.000000000
273.000000000	39.689422193	-121.823853982	0.000000000
274.000000000	39.689422252	-121.823854007	0.000000000
275.000000000	39.689422383	-121.823853977	0.000000000
276.000000000	39.689422412	-121.823853893	0.000000000
277.000000000	39.689422535	-121.823853787	0.000000000
278.000000000	39.689422638	-121.823853682	0.000000000
279.000000000	39.689410302	-121.823849725	0.000000000
280.000000000	39.689410198	-121.823849392	0.000000000
281.000000000	39.689409960	-121.823849010	0.000000000
282.000000000	39.689409800	-121.823848525	0.000000000
283.000000000	39.689409665	-121.823848005	0.000000000
284.000000000	39.689409510	-121.823847647	0.000000000
285.000000000	39.689409387	-121.823847292	0.000000000
286.000000000	39.689419065	-121.823850438	0.000000000
287.000000000	39.689421675	-121.823851083	0.000000000
288.000000000	39.689419875	-121.823850327	0.000000000
289.000000000	39.689418108	-121.823849635	0.000000000
290.000000000	39.689416587	-121.823849112	0.000000000
291.000000000	39.689415582	-121.823848722	0.000000000
292.000000000	39.689415143	-121.823848605	0.000000000
293.000000000	39.689420617	-121.823850700	0.000000000
294.000000000	39.689419122	-121.823850073	0.000000000
295.000000000	39.689421007	-121.823850763	0.000000000
296.000000000	39.689424707	-121.823852073	0.000000000
297.000000000	39.689424917	-121.823852070	0.000000000
298.000000000	39.689425117	-121.823852087	0.000000000
299.000000000	39.689425173	-121.823852210	0.000000000
300.000000000	39.689425380	-121.823852268	0.000000000
301.000000000	39.689425482	-121.823852367	0.000000000
302.000000000	39.689425678	-121.823852452	0.000000000
303.000000000	39.689425878	-121.823852488	0.000000000
304.000000000	39.689426063	-121.823852482	0.000000000
305.000000000	39.689426300	-121.823852510	0.000000000
306.000000000	39.689426530	-121.823852607	0.000000000
307.000000000	39.689426755	-121.823852630	0.000000000
308.000000000	39.689426922	-121.823852657	0.000000000
309.000000000	39.689427125	-121.823852708	0.000000000
310.000000000	39.689427320	-121.823852747	0.000000000
311.000000000	39.689418530	-121.823848692	0.000000000
312.000000000	39.689418403	-121.823848538	0.000000000
313.000000000	39.689418162	-121.823848307	0.000000000
314.000000000	39.689417875	-121.823847987	0.000000000
315.000000000	39.689417662	-121.823847667	0.000000000
316.000000000	39.689417483	-121.823847402	0.000000000
317.000000000	39.689417302	-121.823847120	0.000000000
318.000000000	39.689417100	-121.823846895	0.000000000
319.000000000	39.689416925	-121.823846620	0.000000000
320.000000000	39.689416783	-121.823846378	0.000000000
321.000000000	39.689416560	-121.823846192	0.000000000
322.000000000	39.689416263	-121.823846045	0.000000000
323.000000000	39.689415940	-121.823845955	0.000000000
324.000000000	39.689415612	-121.823845785	0.000000000
325.000000000	39.689415280	-121.823845593	0.000000000
326.000000000	39.689414803	-121.823845420	0.000000000
327.000000000	39.689414408	-121.823845242	0.000000000
328.000000000	39.689413880	-121.823845083	0.000000000
329.000000000	39.689413445	-121.823844888	0.000000000
330.000000000	39.689413070	-121.823844717	0.000000000
331.000000000	39.689412660	-121.823844585	0.000000000
332.000000000	39.689412087	-121.823844538	0.000000000
333.000000000	39.689411765	-121.823844458	0.000000000
334.000000000	39.689411347	-121.823844347	0.000000000
335.000000000	39.689410782	-121.823844265	0.000000000
336.000000000	39.689410167	-121.823844120	0.000000000
337.000000000	39.689409480	-121.823843957	0.000000000
338.000000000	39.689408717	-121.823843808	0.000000000
339.000000000	39.689408032	-121.823843782	0.000000000
340.000000000	39.689407527	-121.823843698	0.000000000
341.000000000	39.689406982	-121.823843593	0.000000000
342.000000000	39.689406508	-121.823843522	0.000000000
343.000000000	39.689405918	-121.823843480	0.000000000
344.000000000	39.689405430	-121.823843483	0.000000000
345.000000000	39.689404925	-121.823843495	0.000000000
346.000000000	39.689404495	-121.823843502	0.000000000
347.000000000	39.689404200	-121.823843532	0.000000000
348.000000000	39.689403790	-121.823843533	0.000000000
349.000000000	39.689403288	-121.823843460	0.000000000
350.000000000	39.689402943	-121.823843378	0.000000000
351.000000000	39.689427115	-121.823851355	0.000000000
352.000000000	39.689427018	-121.823851575	0.000000000
353.000000000	39.689424270	-121.823853777	1.000000000
