0.000000000	39.690327000	-121.824280000	1.000000000
1.000000000	39.690590145	-121.824451265	1.000000000
2.000000000	39.690588472	-121.824451505	1.000000000
3.000000000	39.690588877	-121.824451698	1.000000000
4.000000000	39.690589415	-121.824451853	1.000000000
5.000000000	39.690589922	-121.824451958	0.000000000
6.000000000	39.690590247	-121.824452185	1.000000000
7.000000000	39.690590458	-121.824452255	1.000000000
8.000000000	39.690590815	-121.824452362	1.000000000
9.000000000	39.690591285	-121.824451457	0.000000000
10.000000000	39.690591298	-121.824451602	0.000000000
11.000000000	39.690591275	-121.824451605	0.000000000
12.000000000	39.690591273	-121.824451312	0.000000000
13.000000000	39.690590760	-121.824451563	0.000000000
14.000000000	39.690590982	-121.824451837	0.000000000
15.000000000	39.690590893	-121.824451777	0.000000000
16.000000000	39.690590875	-121.824451798	0.000000000
17.000000000	39.690590782	-121.824451787	0.000000000
18.000000000	39.690590450	-121.824451687	0.000000000
19.000000000	39.690590173	-121.824451522	0.000000000
20.000000000	39.690589850	-121.824451335	0.000000000
21.000000000	39.690589627	-121.824451145	0.000000000
22.000000000	39.690589387	-121.824450985	0.000000000
23.000000000	39.690589307	-121.824450845	0.000000000
24.000000000	39.690589287	-121.824450732	0.000000000
25.000000000	39.690589340	-121.824450672	0.000000000
26.000000000	39.690589883	-121.824450962	1.000000000
27.000000000	39.690577097	-121.824444323	0.000000000
28.000000000	39.690574897	-121.824443467	0.000000000
29.000000000	39.690573880	-121.824442643	0.000000000
30.000000000	39.690579322	-121.824445380	0.000000000
31.000000000	39.690575168	-121.824443815	0.000000000
32.000000000	39.690575383	-121.824443880	0.000000000
33.000000000	39.690575452	-121.824443955	0.000000000
34.000000000	39.690575587	-121.824444023	0.000000000
35.000000000	39.690575812	-121.824444087	0.000000000
36.000000000	39.690575955	-121.824444150	0.000000000
37.000000000	39.690581728	-121.824446533	0.000000000
38.000000000	39.690581608	-121.824446483	0.000000000
39.000000000	39.690581618	-121.824446543	0.000000000
40.000000000	39.690581242	-121.824446508	0.000000000
41.000000000	39.690581180	-121.824446642	0.000000000
42.000000000	39.690581180	-121.824446642	0.000000000
43.000000000	39.690581180	-121.824446642	0.000000000
44.000000000	39.690581180	-121.824446642	0.000000000
45.000000000	39.690581180	-121.824446642	0.000000000
46.000000000	39.690581180	-121.824446642	0.000000000
47.000000000	39.690581180	-121.824446642	0.000000000
48.000000000	39.690581180	-121.824446642	0.000000000
49.000000000	39.690581180	-121.824446642	0.000000000
50.000000000	39.690581180	-121.824446642	0.000000000
51.000000000	39.690581180	-121.824446642	0.000000000
52.000000000	39.690581180	-121.824446642	0.000000000
53.000000000	39.690581180	-121.824446642	0.000000000
54.000000000	39.690581180	-121.824446642	0.000000000
55.000000000	39.690581180	-121.824446642	0.000000000
56.000000000	39.690581180	-121.824446642	0.000000000
57.000000000	39.690581180	-121.824446642	0.000000000
58.000000000	39.690581180	-121.824446642	0.000000000
59.000000000	39.690581180	-121.824446642	0.000000000
60.000000000	39.690581180	-121.824446642	0.000000000
61.000000000	39.690581180	-121.824446642	0.000000000
62.000000000	39.690581180	-121.824446642	0.000000000
63.000000000	39.690581180	-121.824446642	0.000000000
64.000000000	39.690581180	-121.824446642	0.000000000
65.000000000	39.690581180	-121.824446642	0.000000000
66.000000000	39.690581180	-121.824446642	0.000000000
67.000000000	39.690581180	-121.824446642	0.000000000
