0.000000000	39.690444312	-121.824392947	1.000000000
1.000000000	39.690446133	-121.824393325	1.000000000
2.000000000	39.690445965	-121.824392942	1.000000000
3.000000000	39.690446158	-121.824393193	1.000000000
4.000000000	39.690446532	-121.824393395	1.000000000
5.000000000	39.690452525	-121.824394605	0.000000000
6.000000000	39.690451455	-121.824393897	0.000000000
7.000000000	39.690447508	-121.824394025	0.000000000
8.000000000	39.690447452	-121.824393748	0.000000000
9.000000000	39.690447477	-121.824393883	0.000000000
10.000000000	39.690448152	-121.824394100	1.000000000
11.000000000	39.690447877	-121.824393810	1.000000000
12.000000000	39.690453067	-121.824394758	1.000000000
13.000000000	39.690450997	-121.824393872	1.000000000
14.000000000	39.690450652	-121.824393920	1.000000000
15.000000000	39.690450320	-121.824393967	1.000000000
16.000000000	39.690450095	-121.824394020	1.000000000
17.000000000	39.690450018	-121.824394037	1.000000000
18.000000000	39.690449773	-121.824394005	1.000000000
19.000000000	39.690450637	-121.824394697	1.000000000
20.000000000	39.690450718	-121.824394357	1.000000000
21.000000000	39.690469335	-121.824395983	1.000000000
22.000000000	39.690466990	-121.824395738	1.000000000
23.000000000	39.690464462	-121.824395742	1.000000000
24.000000000	39.690463650	-121.824395852	0.000000000
25.000000000	39.690464350	-121.824395662	0.000000000
26.000000000	39.690464778	-121.824395760	0.000000000
27.000000000	39.690464152	-121.824395635	0.000000000
28.000000000	39.690463358	-121.824394925	1.000000000
29.000000000	39.690462530	-121.824395253	1.000000000
30.000000000	39.690461373	-121.824394728	1.000000000
31.000000000	39.690460818	-121.824395093	1.000000000
32.000000000	39.690460592	-121.824395410	1.000000000
33.000000000	39.690451190	-121.824391282	1.000000000
34.000000000	39.690450200	-121.824390872	1.000000000
35.000000000	39.690449685	-121.824390743	1.000000000
36.000000000	39.690458810	-121.824395097	1.000000000
37.000000000	39.690458522	-121.824395053	1.000000000
38.000000000	39.690458168	-121.824395133	1.000000000
39.000000000	39.690457827	-121.824395192	1.000000000
40.000000000	39.690457407	-121.824395162	1.000000000
41.000000000	39.690456885	-121.824394973	1.000000000
42.000000000	39.690456462	-121.824394833	1.000000000
43.000000000	39.690456147	-121.824394955	1.000000000
44.000000000	39.690460975	-121.824394613	1.000000000
45.000000000	39.690459590	-121.824394215	1.000000000
46.000000000	39.690460212	-121.824394142	1.000000000
47.000000000	39.690460015	-121.824394120	1.000000000
48.000000000	39.690459880	-121.824394137	1.000000000
49.000000000	39.690459893	-121.824394072	1.000000000
50.000000000	39.690459903	-121.824393857	1.000000000
51.000000000	39.690459898	-121.824393978	1.000000000
52.000000000	39.690460367	-121.824393520	1.000000000
53.000000000	39.690460700	-121.824393603	0.000000000
54.000000000	39.690460465	-121.824393203	0.000000000
55.000000000	39.690464317	-121.824394307	0.000000000
56.000000000	39.690464975	-121.824394730	0.000000000
57.000000000	39.690465720	-121.824394977	0.000000000
58.000000000	39.690465173	-121.824394745	0.000000000
59.000000000	39.690464442	-121.824394713	0.000000000
60.000000000	39.690463608	-121.824395233	0.000000000
61.000000000	39.690465055	-121.824391425	0.000000000
62.000000000	39.690464210	-121.824392977	1.000000000
63.000000000	39.690462642	-121.824394513	0.000000000
64.000000000	39.690461672	-121.824395235	0.000000000
65.000000000	39.690460833	-121.824395717	0.000000000
66.000000000	39.690460328	-121.824395473	0.000000000
67.000000000	39.690459765	-121.824395215	0.000000000
68.000000000	39.690459312	-121.824394768	0.000000000
69.000000000	39.690459060	-121.824394102	0.000000000
70.000000000	39.690458940	-121.824393202	0.000000000
71.000000000	39.690458940	-121.824393202	0.000000000
72.000000000	39.690458940	-121.824393202	0.000000000
73.000000000	39.690458940	-121.824393202	0.000000000
74.000000000	39.690458940	-121.824393202	0.000000000
75.000000000	39.690458940	-121.824393202	0.000000000
76.000000000	39.690458940	-121.824393202	0.000000000
77.000000000	39.690458940	-121.824393202	0.000000000
78.000000000	39.690458940	-121.824393202	0.000000000
79.000000000	39.690458940	-121.824393202	0.000000000
80.000000000	39.690458940	-121.824393202	0.000000000
81.000000000	39.690458940	-121.824393202	0.000000000
