0.000000000	39.690803730	-121.824500797
1.000000000	39.690803730	-121.824500797
2.000000000	39.690801043	-121.824506527
3.000000000	39.690801012	-121.824506530
4.000000000	39.690801035	-121.824506487
5.000000000	39.690801018	-121.824506422
6.000000000	39.690801117	-121.824506380
7.000000000	39.690801155	-121.824506410
8.000000000	39.690801210	-121.824506387
9.000000000	39.690801213	-121.824506345
10.000000000	39.690801217	-121.824506375
11.000000000	39.690801245	-121.824506367
12.000000000	39.690801300	-121.824506338
13.000000000	39.690801347	-121.824506290
14.000000000	39.690801412	-121.824506212
15.000000000	39.690801582	-121.824506142
16.000000000	39.690801550	-121.824506110
17.000000000	39.690801580	-121.824506180
18.000000000	39.690801675	-121.824506208
19.000000000	39.690801672	-121.824506273
20.000000000	39.690801655	-121.824506318
21.000000000	39.690801655	-121.824506318
22.000000000	39.690801655	-121.824506318
23.000000000	39.690801655	-121.824506318
24.000000000	39.690801655	-121.824506318
25.000000000	39.690801655	-121.824506318
26.000000000	39.690801655	-121.824506318
