0.000000000	39.690927777	-121.824175397
1.000000000	39.690927150	-121.824174600
2.000000000	39.690927143	-121.824174632
3.000000000	39.690927178	-121.824174575
4.000000000	39.690927148	-121.824174588
5.000000000	39.690927277	-121.824174420
6.000000000	39.690927168	-121.824174525
7.000000000	39.690931283	-121.824175745
8.000000000	39.690938035	-121.824182073
9.000000000	39.690943595	-121.824190127
10.000000000	39.690947715	-121.824199558
11.000000000	39.690950355	-121.824210348
12.000000000	39.690951290	-121.824221632
13.000000000	39.690950548	-121.824233757
14.000000000	39.690948088	-121.824245015
15.000000000	39.690943928	-121.824255958
16.000000000	39.690937070	-121.824265312
17.000000000	39.690930150	-121.824273932
18.000000000	39.690922288	-121.824281705
19.000000000	39.690913785	-121.824288482
20.000000000	39.690905142	-121.824294943
21.000000000	39.690896738	-121.824302910
22.000000000	39.690888517	-121.824310963
23.000000000	39.690880615	-121.824318713
24.000000000	39.690872665	-121.824325312
25.000000000	39.690864262	-121.824330692
26.000000000	39.690855933	-121.824336080
27.000000000	39.690847858	-121.824342283
28.000000000	39.690839847	-121.824348458
29.000000000	39.690831900	-121.824354803
30.000000000	39.690824042	-121.824361180
31.000000000	39.690816273	-121.824367788
32.000000000	39.690808518	-121.824374403
33.000000000	39.690800775	-121.824381050
34.000000000	39.690793050	-121.824387957
35.000000000	39.690785532	-121.824394905
36.000000000	39.690777620	-121.824401147
37.000000000	39.690769180	-121.824405880
38.000000000	39.690760653	-121.824410895
39.000000000	39.690752400	-121.824416777
40.000000000	39.690744125	-121.824422803
41.000000000	39.690735998	-121.824428945
42.000000000	39.690727932	-121.824435040
43.000000000	39.690720225	-121.824441162
44.000000000	39.690712425	-121.824447363
45.000000000	39.690704525	-121.824453795
46.000000000	39.690696772	-121.824460272
47.000000000	39.690688618	-121.824465932
48.000000000	39.690680452	-121.824471143
49.000000000	39.690672505	-121.824477170
50.000000000	39.690664600	-121.824483192
51.000000000	39.690656672	-121.824489433
52.000000000	39.690648468	-121.824495018
53.000000000	39.690639835	-121.824499038
54.000000000	39.690631125	-121.824503017
55.000000000	39.690622718	-121.824507972
56.000000000	39.690614313	-121.824513043
57.000000000	39.690605900	-121.824517900
58.000000000	39.690597462	-121.824523300
59.000000000	39.690589278	-121.824528678
60.000000000	39.690580658	-121.824533125
61.000000000	39.690571947	-121.824535940
62.000000000	39.690563010	-121.824538827
63.000000000	39.690554335	-121.824542677
64.000000000	39.690545570	-121.824546610
65.000000000	39.690536932	-121.824550577
66.000000000	39.690528257	-121.824554623
67.000000000	39.690519572	-121.824558935
68.000000000	39.690511035	-121.824563358
69.000000000	39.690502228	-121.824566823
70.000000000	39.690493460	-121.824568120
71.000000000	39.690484555	-121.824569972
72.000000000	39.690476357	-121.824576125
73.000000000	39.690470672	-121.824585250
74.000000000	39.690467112	-121.824596268
75.000000000	39.690465007	-121.824608615
76.000000000	39.690465195	-121.824621262
77.000000000	39.690467570	-121.824633622
78.000000000	39.690471948	-121.824645108
79.000000000	39.690478183	-121.824655140
80.000000000	39.690486048	-121.824663273
81.000000000	39.690494993	-121.824668822
82.000000000	39.690504763	-121.824671963
83.000000000	39.690514857	-121.824672622
84.000000000	39.690524682	-121.824671185
85.000000000	39.690534295	-121.824667603
86.000000000	39.690543698	-121.824662277
87.000000000	39.690552847	-121.824656205
88.000000000	39.690561705	-121.824649863
89.000000000	39.690571057	-121.824646722
90.000000000	39.690580310	-121.824643715
91.000000000	39.690589408	-121.824639473
92.000000000	39.690598573	-121.824635127
93.000000000	39.690607755	-121.824630542
94.000000000	39.690616823	-121.824626213
95.000000000	39.690625805	-121.824621742
96.000000000	39.690634553	-121.824617182
97.000000000	39.690643415	-121.824613475
98.000000000	39.690652402	-121.824611400
99.000000000	39.690661465	-121.824610250
100.000000000	39.690670675	-121.824608663
101.000000000	39.690679675	-121.824603735
102.000000000	39.690688450	-121.824598722
103.000000000	39.690697257	-121.824594417
104.000000000	39.690706238	-121.824591140
105.000000000	39.690715610	-121.824590127
106.000000000	39.690725083	-121.824589438
107.000000000	39.690734313	-121.824588753
108.000000000	39.690741035	-121.824590190
109.000000000	39.690745998	-121.824590253
110.000000000	39.690749358	-121.824590095
111.000000000	39.690750473	-121.824589973
112.000000000	39.690753900	-121.824587957
113.000000000	39.690758975	-121.824583862
114.000000000	39.690765525	-121.824574657
115.000000000	39.690770128	-121.824563735
116.000000000	39.690773627	-121.824552305
117.000000000	39.690777947	-121.824541632
118.000000000	39.690780147	-121.824529563
119.000000000	39.690781155	-121.824517267
120.000000000	39.690781395	-121.824506577
121.000000000	39.690783733	-121.824497292
122.000000000	39.690786003	-121.824485868
123.000000000	39.690787175	-121.824473765
124.000000000	39.690786678	-121.824461577
125.000000000	39.690786068	-121.824449455
126.000000000	39.690787673	-121.824437967
127.000000000	39.690789953	-121.824426695
128.000000000	39.690793017	-121.824415607
129.000000000	39.690795953	-121.824404317
130.000000000	39.690796453	-121.824392082
131.000000000	39.690796205	-121.824380013
132.000000000	39.690793575	-121.824368083
133.000000000	39.690788675	-121.824357480
134.000000000	39.690781775	-121.824348482
135.000000000	39.690773882	-121.824341413
136.000000000	39.690765063	-121.824336065
137.000000000	39.690755697	-121.824332707
138.000000000	39.690745985	-121.824331622
139.000000000	39.690736308	-121.824332270
140.000000000	39.690726800	-121.824334448
141.000000000	39.690717317	-121.824337528
142.000000000	39.690708003	-121.824339118
143.000000000	39.690699127	-121.824341252
144.000000000	39.690690100	-121.824343228
145.000000000	39.690681002	-121.824345422
146.000000000	39.690671965	-121.824347707
147.000000000	39.690662898	-121.824350037
148.000000000	39.690653922	-121.824352620
149.000000000	39.690644842	-121.824355105
150.000000000	39.690635823	-121.824357722
151.000000000	39.690626720	-121.824359498
152.000000000	39.690617560	-121.824360028
153.000000000	39.690608412	-121.824360460
154.000000000	39.690599190	-121.824361752
155.000000000	39.690590113	-121.824362952
156.000000000	39.690580873	-121.824364410
157.000000000	39.690571562	-121.824365957
158.000000000	39.690562373	-121.824367678
159.000000000	39.690553182	-121.824369440
160.000000000	39.690543942	-121.824371002
161.000000000	39.690534645	-121.824372125
162.000000000	39.690525653	-121.824371605
163.000000000	39.690516430	-121.824370488
164.000000000	39.690508278	-121.824366243
165.000000000	39.690501253	-121.824359653
166.000000000	39.690495453	-121.824351182
167.000000000	39.690491387	-121.824341343
168.000000000	39.690489570	-121.824330440
169.000000000	39.690487825	-121.824322425
170.000000000	39.690485970	-121.824311668
171.000000000	39.690485600	-121.824300247
172.000000000	39.690486612	-121.824289112
173.000000000	39.690488805	-121.824282363
174.000000000	39.690490242	-121.824272412
175.000000000	39.690491218	-121.824260520
176.000000000	39.690491387	-121.824248213
177.000000000	39.690491347	-121.824236263
178.000000000	39.690494865	-121.824225575
179.000000000	39.690499160	-121.824215372
180.000000000	39.690503128	-121.824204683
181.000000000	39.690504310	-121.824192237
182.000000000	39.690504257	-121.824179820
183.000000000	39.690506452	-121.824168098
184.000000000	39.690511605	-121.824158552
185.000000000	39.690518155	-121.824150858
186.000000000	39.690525602	-121.824144610
187.000000000	39.690534093	-121.824140283
188.000000000	39.690542662	-121.824137530
189.000000000	39.690551540	-121.824136155
190.000000000	39.690560413	-121.824137483
191.000000000	39.690569163	-121.824141210
192.000000000	39.690577927	-121.824144728
193.000000000	39.690587500	-121.824145038
194.000000000	39.690596930	-121.824144338
195.000000000	39.690606275	-121.824144500
196.000000000	39.690615518	-121.824145540
197.000000000	39.690624543	-121.824147997
198.000000000	39.690633567	-121.824150547
199.000000000	39.690642730	-121.824152327
200.000000000	39.690652203	-121.824152918
201.000000000	39.690661707	-121.824151442
202.000000000	39.690671077	-121.824149938
203.000000000	39.690680137	-121.824151375
204.000000000	39.690689377	-121.824152500
205.000000000	39.690698643	-121.824152675
206.000000000	39.690707930	-121.824152957
207.000000000	39.690717383	-121.824153065
208.000000000	39.690726665	-121.824152852
209.000000000	39.690735993	-121.824152692
210.000000000	39.690745070	-121.824154798
211.000000000	39.690751875	-121.824161487
212.000000000	39.690759117	-121.824168420
213.000000000	39.690768283	-121.824171950
214.000000000	39.690777940	-121.824172650
215.000000000	39.690787442	-121.824171237
216.000000000	39.690796803	-121.824168912
217.000000000	39.690806053	-121.824167903
218.000000000	39.690815303	-121.824167775
219.000000000	39.690824155	-121.824169842
220.000000000	39.690833277	-121.824172015
221.000000000	39.690842415	-121.824173020
222.000000000	39.690851840	-121.824172955
223.000000000	39.690861168	-121.824170952
224.000000000	39.690870325	-121.824168643
225.000000000	39.690879262	-121.824169282
226.000000000	39.690887950	-121.824171118
227.000000000	39.690896787	-121.824173343
228.000000000	39.690906620	-121.824174222
229.000000000	39.690914522	-121.824174318
230.000000000	39.690923308	-121.824172923
231.000000000	39.690930408	-121.824172532
232.000000000	39.690932878	-121.824172208
233.000000000	39.690932465	-121.824172237
234.000000000	39.690932103	-121.824172318
235.000000000	39.690931927	-121.824172325
236.000000000	39.690931915	-121.824172362
237.000000000	39.690931900	-121.824172342
238.000000000	39.690931892	-121.824172375
239.000000000	39.690931902	-121.824172392
240.000000000	39.690931865	-121.824172393
241.000000000	39.690931845	-121.824172465
242.000000000	39.690941935	-121.824178582
243.000000000	39.690945463	-121.824177065
244.000000000	39.690945525	-121.824176905
