0.000000000	39.690686152	-121.824779963
1.000000000	39.690686365	-121.824780327
2.000000000	39.690686398	-121.824780352
3.000000000	39.690686387	-121.824780355
4.000000000	39.690686373	-121.824780362
5.000000000	39.690686388	-121.824780393
6.000000000	39.690686267	-121.824780463
7.000000000	39.690686337	-121.824780462
8.000000000	39.690714710	-121.824738250
9.000000000	39.690719153	-121.824732262
10.000000000	39.690715020	-121.824738327
11.000000000	39.690712523	-121.824741848
12.000000000	39.690710310	-121.824745273
13.000000000	39.690709653	-121.824746248
14.000000000	39.690709165	-121.824746953
15.000000000	39.690708808	-121.824747408
16.000000000	39.690706260	-121.824745630
17.000000000	39.690699878	-121.824740403
18.000000000	39.690693942	-121.824731117
19.000000000	39.690690547	-121.824717818
20.000000000	39.690687725	-121.824703738
21.000000000	39.690680262	-121.824691687
22.000000000	39.690671598	-121.824680218
23.000000000	39.690665233	-121.824668988
24.000000000	39.690660867	-121.824657538
25.000000000	39.690659172	-121.824651623
26.000000000	39.690661452	-121.824661942
27.000000000	39.690665935	-121.824673598
28.000000000	39.690671145	-121.824684440
29.000000000	39.690673593	-121.824696308
30.000000000	39.690672130	-121.824707625
31.000000000	39.690668247	-121.824718322
32.000000000	39.690662750	-121.824727398
33.000000000	39.690655737	-121.824734475
34.000000000	39.690647832	-121.824738858
35.000000000	39.690639423	-121.824741188
36.000000000	39.690630803	-121.824740982
37.000000000	39.690622505	-121.824738240
38.000000000	39.690614565	-121.824733737
39.000000000	39.690607330	-121.824727682
40.000000000	39.690601038	-121.824719973
41.000000000	39.690595387	-121.824710948
42.000000000	39.690590112	-121.824701570
43.000000000	39.690583892	-121.824692633
44.000000000	39.690577673	-121.824683712
45.000000000	39.690570813	-121.824675503
46.000000000	39.690564000	-121.824667242
47.000000000	39.690557298	-121.824658885
48.000000000	39.690550745	-121.824650538
49.000000000	39.690544310	-121.824641857
50.000000000	39.690538270	-121.824632417
51.000000000	39.690531903	-121.824623512
52.000000000	39.690524532	-121.824616227
53.000000000	39.690516392	-121.824609310
54.000000000	39.690508217	-121.824602885
55.000000000	39.690500840	-121.824595530
56.000000000	39.690493360	-121.824588180
57.000000000	39.690486353	-121.824580468
58.000000000	39.690482647	-121.824570183
59.000000000	39.690481555	-121.824558928
60.000000000	39.690482955	-121.824548008
61.000000000	39.690486130	-121.824537683
62.000000000	39.690491358	-121.824528723
63.000000000	39.690497935	-121.824521013
64.000000000	39.690505338	-121.824515217
65.000000000	39.690513565	-121.824511518
66.000000000	39.690522260	-121.824509972
67.000000000	39.690531265	-121.824510588
68.000000000	39.690539902	-121.824512883
69.000000000	39.690548502	-121.824516332
70.000000000	39.690557028	-121.824520367
71.000000000	39.690566125	-121.824523532
72.000000000	39.690575352	-121.824525665
73.000000000	39.690584787	-121.824526648
74.000000000	39.690593983	-121.824527735
75.000000000	39.690603023	-121.824530382
76.000000000	39.690611933	-121.824533603
77.000000000	39.690620993	-121.824536437
78.000000000	39.690630008	-121.824539445
79.000000000	39.690639072	-121.824542643
80.000000000	39.690648135	-121.824545625
81.000000000	39.690657308	-121.824548875
82.000000000	39.690666655	-121.824551282
83.000000000	39.690676367	-121.824552113
84.000000000	39.690685847	-121.824552995
85.000000000	39.690695275	-121.824554538
86.000000000	39.690704757	-121.824556250
87.000000000	39.690714145	-121.824558217
88.000000000	39.690723640	-121.824560270
89.000000000	39.690733132	-121.824562392
90.000000000	39.690742638	-121.824564608
91.000000000	39.690752087	-121.824566933
92.000000000	39.690761350	-121.824569403
93.000000000	39.690770712	-121.824570977
94.000000000	39.690780360	-121.824570153
95.000000000	39.690789377	-121.824565195
96.000000000	39.690797502	-121.824558498
97.000000000	39.690804537	-121.824549477
98.000000000	39.690810038	-121.824539087
99.000000000	39.690814033	-121.824527755
100.000000000	39.690816520	-121.824515645
101.000000000	39.690817335	-121.824503328
102.000000000	39.690816898	-121.824490695
103.000000000	39.690815475	-121.824478343
104.000000000	39.690813633	-121.824466277
105.000000000	39.690812927	-121.824454313
106.000000000	39.690812310	-121.824442497
107.000000000	39.690811718	-121.824430600
108.000000000	39.690810333	-121.824418638
109.000000000	39.690808537	-121.824405558
110.000000000	39.690805098	-121.824394278
111.000000000	39.690800433	-121.824384337
112.000000000	39.690794780	-121.824374352
113.000000000	39.690787270	-121.824366022
114.000000000	39.690778860	-121.824359645
115.000000000	39.690769415	-121.824355102
116.000000000	39.690759898	-121.824352133
117.000000000	39.690749967	-121.824351107
118.000000000	39.690740113	-121.824351732
119.000000000	39.690730318	-121.824353725
120.000000000	39.690720810	-121.824355855
121.000000000	39.690711407	-121.824356687
122.000000000	39.690701897	-121.824357582
123.000000000	39.690692808	-121.824358157
124.000000000	39.690683442	-121.824358652
125.000000000	39.690674140	-121.824359110
126.000000000	39.690664800	-121.824359653
127.000000000	39.690655502	-121.824359803
128.000000000	39.690646143	-121.824360015
129.000000000	39.690636885	-121.824360072
130.000000000	39.690627498	-121.824360095
131.000000000	39.690618150	-121.824361198
132.000000000	39.690608725	-121.824362877
133.000000000	39.690599440	-121.824363393
134.000000000	39.690590118	-121.824364017
135.000000000	39.690580735	-121.824364380
136.000000000	39.690571418	-121.824364770
137.000000000	39.690562033	-121.824365108
138.000000000	39.690553480	-121.824365213
139.000000000	39.690543962	-121.824368035
140.000000000	39.690534748	-121.824370732
141.000000000	39.690525425	-121.824372812
142.000000000	39.690516175	-121.824373410
143.000000000	39.690507897	-121.824369713
144.000000000	39.690500700	-121.824363132
145.000000000	39.690494322	-121.824355378
146.000000000	39.690489938	-121.824345260
147.000000000	39.690487588	-121.824334503
148.000000000	39.690486525	-121.824323077
149.000000000	39.690486920	-121.824311500
150.000000000	39.690488125	-121.824299753
151.000000000	39.690489995	-121.824288367
152.000000000	39.690492107	-121.824276807
153.000000000	39.690493862	-121.824263938
154.000000000	39.690493582	-121.824251345
155.000000000	39.690493075	-121.824238378
156.000000000	39.690492052	-121.824226328
157.000000000	39.690493615	-121.824214518
158.000000000	39.690496160	-121.824203328
159.000000000	39.690499665	-121.824192170
160.000000000	39.690503492	-121.824181365
161.000000000	39.690509428	-121.824172605
162.000000000	39.690516843	-121.824166158
163.000000000	39.690525158	-121.824162348
164.000000000	39.690533878	-121.824160107
165.000000000	39.690542960	-121.824159617
166.000000000	39.690552217	-121.824160115
167.000000000	39.690561420	-121.824161732
168.000000000	39.690570625	-121.824163805
169.000000000	39.690579902	-121.824165333
170.000000000	39.690589387	-121.824165643
171.000000000	39.690599017	-121.824164257
172.000000000	39.690608505	-121.824162525
173.000000000	39.690617812	-121.824162125
174.000000000	39.690627135	-121.824162652
175.000000000	39.690636037	-121.824165097
176.000000000	39.690645182	-121.824167755
177.000000000	39.690654720	-121.824167823
178.000000000	39.690664260	-121.824166973
179.000000000	39.690673572	-121.824165332
180.000000000	39.690682867	-121.824163937
181.000000000	39.690692167	-121.824165553
182.000000000	39.690701370	-121.824167338
183.000000000	39.690710675	-121.824168668
184.000000000	39.690720128	-121.824168975
185.000000000	39.690729568	-121.824167438
186.000000000	39.690738975	-121.824166132
187.000000000	39.690748287	-121.824165612
188.000000000	39.690757617	-121.824165963
189.000000000	39.690766488	-121.824168288
190.000000000	39.690775568	-121.824170857
191.000000000	39.690784832	-121.824172335
192.000000000	39.690794400	-121.824171863
193.000000000	39.690803915	-121.824169947
194.000000000	39.690813333	-121.824168048
195.000000000	39.690822485	-121.824169338
196.000000000	39.690831527	-121.824170955
197.000000000	39.690840728	-121.824172007
198.000000000	39.690850015	-121.824172072
199.000000000	39.690859362	-121.824170728
200.000000000	39.690868552	-121.824169563
201.000000000	39.690877637	-121.824169813
202.000000000	39.690886678	-121.824170585
203.000000000	39.690895810	-121.824171150
204.000000000	39.690904735	-121.824171812
205.000000000	39.690913635	-121.824172593
206.000000000	39.690922482	-121.824173237
207.000000000	39.690929673	-121.824174068
208.000000000	39.690931570	-121.824174373
209.000000000	39.690931040	-121.824174423
210.000000000	39.690930640	-121.824174302
211.000000000	39.690930370	-121.824174062
212.000000000	39.690929970	-121.824173928
