0.000000000	39.690327000	-121.824280000	0.000000000
1.000000000	39.689473305	-121.823793995	1.000000000
2.000000000	39.689473390	-121.823794222	0.000000000
3.000000000	39.689473423	-121.823794417	0.000000000
4.000000000	39.689473513	-121.823794503	1.000000000
5.000000000	39.689471335	-121.823804352	0.000000000
6.000000000	39.689471440	-121.823804490	1.000000000
7.000000000	39.689471505	-121.823804532	0.000000000
8.000000000	39.689471645	-121.823804463	1.000000000
9.000000000	39.689471807	-121.823804168	0.000000000
10.000000000	39.689472023	-121.823803797	1.000000000
11.000000000	39.689472228	-121.823803518	0.000000000
12.000000000	39.689472413	-121.823802805	0.000000000
13.000000000	39.689472753	-121.823801912	1.000000000
14.000000000	39.689472852	-121.823801070	0.000000000
15.000000000	39.689472923	-121.823801000	0.000000000
16.000000000	39.689472905	-121.823801500	1.000000000
17.000000000	39.689473058	-121.823801473	1.000000000
18.000000000	39.689473418	-121.823800068	1.000000000
19.000000000	39.689473520	-121.823799730	1.000000000
20.000000000	39.689473227	-121.823801375	1.000000000
21.000000000	39.689473183	-121.823801805	1.000000000
22.000000000	39.689473153	-121.823801967	1.000000000
23.000000000	39.689473378	-121.823801837	1.000000000
24.000000000	39.689472153	-121.823799315	0.000000000
25.000000000	39.689472417	-121.823798272	1.000000000
26.000000000	39.689467152	-121.823806433	1.000000000
27.000000000	39.689467803	-121.823805983	1.000000000
28.000000000	39.689467880	-121.823805912	1.000000000
29.000000000	39.689472672	-121.823798608	0.000000000
30.000000000	39.689472745	-121.823798297	0.000000000
31.000000000	39.689472987	-121.823798193	1.000000000
32.000000000	39.689463445	-121.823812212	1.000000000
33.000000000	39.689462830	-121.823813153	1.000000000
34.000000000	39.689463233	-121.823812423	1.000000000
35.000000000	39.689463927	-121.823811712	1.000000000
36.000000000	39.689464533	-121.823810645	0.000000000
37.000000000	39.689466762	-121.823807077	1.000000000
38.000000000	39.689466568	-121.823809233	0.000000000
39.000000000	39.689464685	-121.823812775	0.000000000
40.000000000	39.689465068	-121.823812162	0.000000000
41.000000000	39.689464943	-121.823812893	0.000000000
42.000000000	39.689465558	-121.823811857	0.000000000
43.000000000	39.689464543	-121.823812952	0.000000000
44.000000000	39.689465160	-121.823811725	0.000000000
45.000000000	39.689465810	-121.823811120	0.000000000
46.000000000	39.689464970	-121.823814060	0.000000000
47.000000000	39.689465247	-121.823813817	0.000000000
48.000000000	39.689467353	-121.823810800	0.000000000
49.000000000	39.689467403	-121.823811043	0.000000000
50.000000000	39.689467540	-121.823810810	1.000000000
51.000000000	39.689467577	-121.823810842	1.000000000
52.000000000	39.689467727	-121.823810672	1.000000000
53.000000000	39.689467960	-121.823810422	1.000000000
54.000000000	39.689468020	-121.823810230	1.000000000
55.000000000	39.689468380	-121.823809612	1.000000000
56.000000000	39.689468560	-121.823809332	1.000000000
57.000000000	39.689468748	-121.823808978	1.000000000
58.000000000	39.689469138	-121.823808505	1.000000000
59.000000000	39.689469530	-121.823808025	1.000000000
60.000000000	39.689470110	-121.823807373	1.000000000
61.000000000	39.689470585	-121.823806945	1.000000000
62.000000000	39.689470898	-121.823806645	1.000000000
63.000000000	39.689471335	-121.823806253	1.000000000
64.000000000	39.689471302	-121.823807058	1.000000000
65.000000000	39.689471588	-121.823806955	1.000000000
66.000000000	39.689470140	-121.823809127	1.000000000
67.000000000	39.689470503	-121.823808920	1.000000000
68.000000000	39.689471802	-121.823805887	1.000000000
69.000000000	39.689472180	-121.823805018	0.000000000
70.000000000	39.689472840	-121.823803753	0.000000000
71.000000000	39.689472777	-121.823803450	1.000000000
72.000000000	39.689473125	-121.823803060	0.000000000
73.000000000	39.689473222	-121.823803042	1.000000000
74.000000000	39.689472065	-121.823804125	1.000000000
75.000000000	39.689472218	-121.823804118	1.000000000
76.000000000	39.689472530	-121.823804052	0.000000000
77.000000000	39.689472450	-121.823804340	0.000000000
78.000000000	39.689471648	-121.823805612	0.000000000
79.000000000	39.689471585	-121.823805573	1.000000000
80.000000000	39.689471592	-121.823805437	1.000000000
81.000000000	39.689471757	-121.823805213	1.000000000
82.000000000	39.689471947	-121.823804815	1.000000000
83.000000000	39.689472093	-121.823804228	1.000000000
84.000000000	39.689473705	-121.823801642	1.000000000
85.000000000	39.689473915	-121.823801170	1.000000000
86.000000000	39.689473795	-121.823800832	0.000000000
87.000000000	39.689473785	-121.823800772	0.000000000
88.000000000	39.689473587	-121.823801340	0.000000000
89.000000000	39.689472038	-121.823803220	0.000000000
90.000000000	39.689471957	-121.823803467	0.000000000
91.000000000	39.689473142	-121.823801993	0.000000000
92.000000000	39.689472982	-121.823802362	0.000000000
93.000000000	39.689472830	-121.823802545	0.000000000
94.000000000	39.689472675	-121.823802862	0.000000000
95.000000000	39.689472495	-121.823803197	0.000000000
96.000000000	39.689472388	-121.823803497	0.000000000
97.000000000	39.689472260	-121.823803918	0.000000000
98.000000000	39.689472125	-121.823804363	0.000000000
99.000000000	39.689471992	-121.823804842	0.000000000
100.000000000	39.689471737	-121.823805438	0.000000000
101.000000000	39.689471557	-121.823805968	0.000000000
102.000000000	39.689471428	-121.823806333	0.000000000
103.000000000	39.689471302	-121.823806725	0.000000000
104.000000000	39.689471078	-121.823807255	0.000000000
105.000000000	39.689470852	-121.823807843	0.000000000
106.000000000	39.689469037	-121.823810877	0.000000000
107.000000000	39.689462150	-121.823819335	0.000000000
108.000000000	39.689454968	-121.823825980	0.000000000
109.000000000	39.689446932	-121.823831258	0.000000000
110.000000000	39.689438735	-121.823836000	0.000000000
111.000000000	39.689430693	-121.823841778	0.000000000
112.000000000	39.689422898	-121.823848535	0.000000000
113.000000000	39.689416577	-121.823857863	0.000000000
114.000000000	39.689411242	-121.823867637	0.000000000
115.000000000	39.689406955	-121.823878095	0.000000000
116.000000000	39.689402753	-121.823888642	0.000000000
117.000000000	39.689395363	-121.823898653	0.000000000
118.000000000	39.689389097	-121.823906917	0.000000000
119.000000000	39.689383150	-121.823915737	0.000000000
120.000000000	39.689377053	-121.823924628	0.000000000
121.000000000	39.689371263	-121.823933305	0.000000000
122.000000000	39.689365882	-121.823942503	0.000000000
123.000000000	39.689361913	-121.823954192	0.000000000
124.000000000	39.689361238	-121.823964195	0.000000000
125.000000000	39.689360795	-121.823975955	0.000000000
126.000000000	39.689359577	-121.823989448	0.000000000
127.000000000	39.689357530	-121.824001085	0.000000000
128.000000000	39.689355947	-121.824012432	0.000000000
129.000000000	39.689353353	-121.824025413	0.000000000
130.000000000	39.689352150	-121.824037210	0.000000000
131.000000000	39.689352837	-121.824049302	0.000000000
132.000000000	39.689353872	-121.824060955	0.000000000
133.000000000	39.689352977	-121.824072870	0.000000000
134.000000000	39.689351547	-121.824083835	0.000000000
135.000000000	39.689351247	-121.824095688	0.000000000
136.000000000	39.689355135	-121.824107322	0.000000000
137.000000000	39.689359397	-121.824118402	0.000000000
138.000000000	39.689364545	-121.824129077	0.000000000
139.000000000	39.689369465	-121.824139287	0.000000000
140.000000000	39.689375202	-121.824148850	0.000000000
141.000000000	39.689380962	-121.824158223	0.000000000
142.000000000	39.689387077	-121.824167332	0.000000000
143.000000000	39.689392023	-121.824177007	0.000000000
144.000000000	39.689397532	-121.824186645	0.000000000
145.000000000	39.689402910	-121.824196317	0.000000000
146.000000000	39.689408943	-121.824205203	0.000000000
147.000000000	39.689416052	-121.824213287	0.000000000
148.000000000	39.689423122	-121.824221000	0.000000000
149.000000000	39.689429642	-121.824229587	0.000000000
150.000000000	39.689433722	-121.824239228	0.000000000
151.000000000	39.689435622	-121.824249888	0.000000000
152.000000000	39.689435590	-121.824261285	0.000000000
153.000000000	39.689433882	-121.824273027	0.000000000
154.000000000	39.689432133	-121.824284333	0.000000000
155.000000000	39.689432997	-121.824295785	0.000000000
156.000000000	39.689432668	-121.824307550	0.000000000
157.000000000	39.689432152	-121.824319247	0.000000000
158.000000000	39.689431608	-121.824331255	0.000000000
159.000000000	39.689430882	-121.824342968	0.000000000
160.000000000	39.689430537	-121.824354793	0.000000000
161.000000000	39.689430225	-121.824366642	0.000000000
162.000000000	39.689429470	-121.824378632	0.000000000
163.000000000	39.689428782	-121.824390475	0.000000000
164.000000000	39.689428488	-121.824402315	0.000000000
165.000000000	39.689427940	-121.824414180	0.000000000
166.000000000	39.689427460	-121.824425848	0.000000000
167.000000000	39.689427097	-121.824437497	0.000000000
168.000000000	39.689426655	-121.824449355	0.000000000
169.000000000	39.689425928	-121.824460738	0.000000000
170.000000000	39.689423715	-121.824471712	0.000000000
171.000000000	39.689421170	-121.824482882	0.000000000
172.000000000	39.689419062	-121.824494678	0.000000000
173.000000000	39.689415630	-121.824505132	0.000000000
174.000000000	39.689410023	-121.824513657	0.000000000
175.000000000	39.689403347	-121.824520317	0.000000000
176.000000000	39.689395687	-121.824525532	0.000000000
177.000000000	39.689387478	-121.824528935	0.000000000
178.000000000	39.689378635	-121.824531520	0.000000000
179.000000000	39.689369982	-121.824532988	0.000000000
180.000000000	39.689360858	-121.824534087	0.000000000
181.000000000	39.689352173	-121.824536555	0.000000000
182.000000000	39.689343417	-121.824541347	0.000000000
183.000000000	39.689335042	-121.824545817	0.000000000
184.000000000	39.689326022	-121.824549000	0.000000000
185.000000000	39.689317238	-121.824548610	0.000000000
186.000000000	39.689308747	-121.824545863	0.000000000
187.000000000	39.689300752	-121.824541377	0.000000000
188.000000000	39.689293368	-121.824535272	0.000000000
189.000000000	39.689286378	-121.824528033	0.000000000
190.000000000	39.689279517	-121.824520350	0.000000000
191.000000000	39.689271870	-121.824513382	0.000000000
192.000000000	39.689264205	-121.824507065	0.000000000
193.000000000	39.689255467	-121.824502297	0.000000000
194.000000000	39.689246578	-121.824498055	0.000000000
195.000000000	39.689237965	-121.824493028	0.000000000
196.000000000	39.689230013	-121.824487183	0.000000000
197.000000000	39.689223060	-121.824480032	0.000000000
198.000000000	39.689217733	-121.824471125	0.000000000
199.000000000	39.689214623	-121.824460937	0.000000000
200.000000000	39.689213207	-121.824450165	0.000000000
201.000000000	39.689213045	-121.824439065	0.000000000
202.000000000	39.689214630	-121.824428173	0.000000000
203.000000000	39.689218178	-121.824417625	0.000000000
204.000000000	39.689222800	-121.824407755	0.000000000
205.000000000	39.689228292	-121.824398753	0.000000000
206.000000000	39.689234852	-121.824390457	0.000000000
207.000000000	39.689241842	-121.824382935	0.000000000
208.000000000	39.689249263	-121.824375695	0.000000000
209.000000000	39.689256133	-121.824367795	0.000000000
210.000000000	39.689262727	-121.824359232	0.000000000
211.000000000	39.689268342	-121.824349715	0.000000000
212.000000000	39.689273868	-121.824340245	0.000000000
213.000000000	39.689281107	-121.824333058	0.000000000
214.000000000	39.689289147	-121.824327377	0.000000000
215.000000000	39.689297293	-121.824322325	0.000000000
216.000000000	39.689304350	-121.824313895	0.000000000
217.000000000	39.689309450	-121.824303550	0.000000000
218.000000000	39.689313278	-121.824292358	0.000000000
219.000000000	39.689315925	-121.824280633	0.000000000
220.000000000	39.689317678	-121.824268663	0.000000000
221.000000000	39.689318417	-121.824256432	0.000000000
222.000000000	39.689319215	-121.824244373	0.000000000
223.000000000	39.689320787	-121.824232570	0.000000000
224.000000000	39.689322005	-121.824220993	0.000000000
225.000000000	39.689323547	-121.824209277	0.000000000
226.000000000	39.689325197	-121.824197583	0.000000000
227.000000000	39.689326643	-121.824185912	0.000000000
228.000000000	39.689328060	-121.824174198	0.000000000
229.000000000	39.689330260	-121.824162790	0.000000000
230.000000000	39.689333425	-121.824151507	0.000000000
231.000000000	39.689335005	-121.824140687	0.000000000
232.000000000	39.689337148	-121.824129127	0.000000000
233.000000000	39.689339588	-121.824117615	0.000000000
234.000000000	39.689341607	-121.824106637	0.000000000
235.000000000	39.689342253	-121.824094843	0.000000000
236.000000000	39.689343182	-121.824082382	0.000000000
237.000000000	39.689342693	-121.824070262	0.000000000
238.000000000	39.689341897	-121.824058155	0.000000000
239.000000000	39.689342515	-121.824045880	0.000000000
240.000000000	39.689342777	-121.824033848	0.000000000
241.000000000	39.689342823	-121.824021988	0.000000000
242.000000000	39.689342170	-121.824010318	0.000000000
243.000000000	39.689342287	-121.823998712	0.000000000
244.000000000	39.689342533	-121.823987832	0.000000000
245.000000000	39.689345690	-121.823977117	0.000000000
246.000000000	39.689349670	-121.823966932	0.000000000
247.000000000	39.689355435	-121.823957718	0.000000000
248.000000000	39.689361658	-121.823949183	0.000000000
249.000000000	39.689367437	-121.823939082	0.000000000
250.000000000	39.689372788	-121.823928685	0.000000000
251.000000000	39.689376332	-121.823916923	0.000000000
252.000000000	39.689376765	-121.823905818	0.000000000
253.000000000	39.689380537	-121.823895048	0.000000000
254.000000000	39.689386023	-121.823887067	0.000000000
255.000000000	39.689389040	-121.823882198	0.000000000
256.000000000	39.689389600	-121.823879812	0.000000000
257.000000000	39.689389160	-121.823879647	0.000000000
258.000000000	39.689389503	-121.823879425	0.000000000
259.000000000	39.689389147	-121.823879503	0.000000000
260.000000000	39.689389217	-121.823879465	0.000000000
261.000000000	39.689389553	-121.823879418	0.000000000
262.000000000	39.689360557	-121.823896730	0.000000000
263.000000000	39.689373460	-121.823888300	0.000000000
264.000000000	39.689378420	-121.823885177	0.000000000
265.000000000	39.689374418	-121.823887420	0.000000000
266.000000000	39.689371040	-121.823889768	0.000000000
267.000000000	39.689365477	-121.823893823	0.000000000
268.000000000	39.689360618	-121.823897140	0.000000000
269.000000000	39.689357173	-121.823899472	0.000000000
270.000000000	39.689359142	-121.823898372	0.000000000
271.000000000	39.689367500	-121.823893223	0.000000000
272.000000000	39.689389037	-121.823878462	0.000000000
273.000000000	39.689388665	-121.823878732	0.000000000
274.000000000	39.689388807	-121.823878782	0.000000000
275.000000000	39.689385165	-121.823881295	0.000000000
