0.000000000	39.690463958	-121.824617720
1.000000000	39.690463612	-121.824619300
2.000000000	39.690463615	-121.824619347
3.000000000	39.690463558	-121.824619387
4.000000000	39.690463515	-121.824619387
5.000000000	39.690463532	-121.824619363
6.000000000	39.690463515	-121.824619330
7.000000000	39.690463513	-121.824619387
8.000000000	39.690463493	-121.824619338
9.000000000	39.690463513	-121.824619320
10.000000000	39.690463555	-121.824619500
11.000000000	39.690464935	-121.824622548
12.000000000	39.690463558	-121.824619333
13.000000000	39.690463618	-121.824617967
14.000000000	39.690463870	-121.824617960
15.000000000	39.690463788	-121.824619388
16.000000000	39.690463803	-121.824619173
17.000000000	39.690463872	-121.824619237
18.000000000	39.690463847	-121.824619235
19.000000000	39.690463863	-121.824619193
20.000000000	39.690472642	-121.824621082
21.000000000	39.690484063	-121.824622982
22.000000000	39.690495850	-121.824624438
23.000000000	39.690507657	-121.824625513
24.000000000	39.690519225	-121.824626228
25.000000000	39.690530607	-121.824626562
26.000000000	39.690542062	-121.824626517
27.000000000	39.690553362	-121.824625865
28.000000000	39.690564807	-121.824625177
29.000000000	39.690576330	-121.824624218
30.000000000	39.690587925	-121.824623008
31.000000000	39.690599693	-121.824621645
32.000000000	39.690611270	-121.824620052
33.000000000	39.690622633	-121.824618255
34.000000000	39.690633935	-121.824616125
35.000000000	39.690645235	-121.824614107
36.000000000	39.690656553	-121.824611767
37.000000000	39.690667817	-121.824609138
38.000000000	39.690679090	-121.824606477
39.000000000	39.690690415	-121.824603457
40.000000000	39.690701712	-121.824600453
41.000000000	39.690713065	-121.824597302
42.000000000	39.690724395	-121.824594250
43.000000000	39.690735677	-121.824591142
44.000000000	39.690747017	-121.824587983
45.000000000	39.690758153	-121.824584558
46.000000000	39.690769302	-121.824580558
47.000000000	39.690779743	-121.824573832
48.000000000	39.690789410	-121.824565965
49.000000000	39.690798497	-121.824556845
50.000000000	39.690806917	-121.824546817
51.000000000	39.690814480	-121.824535742
52.000000000	39.690821388	-121.824523990
53.000000000	39.690827450	-121.824511638
54.000000000	39.690832807	-121.824498723
55.000000000	39.690837322	-121.824485227
56.000000000	39.690841113	-121.824471287
57.000000000	39.690844073	-121.824456837
58.000000000	39.690846267	-121.824442260
59.000000000	39.690847410	-121.824427392
60.000000000	39.690847602	-121.824412405
61.000000000	39.690846112	-121.824397575
62.000000000	39.690842588	-121.824383132
63.000000000	39.690837940	-121.824369308
64.000000000	39.690832035	-121.824356515
65.000000000	39.690825108	-121.824344665
66.000000000	39.690817153	-121.824333638
67.000000000	39.690808617	-121.824323550
68.000000000	39.690799325	-121.824314613
69.000000000	39.690789573	-121.824306703
70.000000000	39.690779387	-121.824299833
71.000000000	39.690768892	-121.824294055
72.000000000	39.690758017	-121.824289248
73.000000000	39.690746910	-121.824285348
74.000000000	39.690735612	-121.824282547
75.000000000	39.690724127	-121.824280532
76.000000000	39.690712605	-121.824279253
77.000000000	39.690700978	-121.824278892
78.000000000	39.690689422	-121.824279635
79.000000000	39.690678235	-121.824280498
80.000000000	39.690667153	-121.824281917
81.000000000	39.690655970	-121.824284173
82.000000000	39.690644790	-121.824287102
83.000000000	39.690633793	-121.824290572
84.000000000	39.690622850	-121.824294587
85.000000000	39.690612083	-121.824299123
86.000000000	39.690601518	-121.824303982
87.000000000	39.690590977	-121.824309210
88.000000000	39.690580707	-121.824314787
89.000000000	39.690570568	-121.824320710
90.000000000	39.690560423	-121.824326963
91.000000000	39.690550378	-121.824333923
92.000000000	39.690540442	-121.824340935
93.000000000	39.690530428	-121.824347640
94.000000000	39.690519708	-121.824350020
95.000000000	39.690509195	-121.824349593
96.000000000	39.690498955	-121.824346397
97.000000000	39.690489132	-121.824341180
98.000000000	39.690479688	-121.824334267
99.000000000	39.690471367	-121.824325678
100.000000000	39.690463463	-121.824316008
101.000000000	39.690456798	-121.824304978
102.000000000	39.690450768	-121.824292800
103.000000000	39.690446235	-121.824280133
104.000000000	39.690442635	-121.824266943
105.000000000	39.690440238	-121.824253300
106.000000000	39.690438763	-121.824239375
107.000000000	39.690438450	-121.824225357
108.000000000	39.690439240	-121.824211192
109.000000000	39.690441367	-121.824197397
110.000000000	39.690444607	-121.824184030
111.000000000	39.690449088	-121.824171463
112.000000000	39.690454937	-121.824159913
113.000000000	39.690462132	-121.824149512
114.000000000	39.690470143	-121.824140023
115.000000000	39.690478928	-121.824131680
116.000000000	39.690488255	-121.824124002
117.000000000	39.690497865	-121.824117005
118.000000000	39.690507712	-121.824111147
119.000000000	39.690517997	-121.824106047
120.000000000	39.690528455	-121.824101820
121.000000000	39.690539212	-121.824098402
122.000000000	39.690550083	-121.824095645
123.000000000	39.690560947	-121.824093580
124.000000000	39.690571965	-121.824091697
125.000000000	39.690583017	-121.824090553
126.000000000	39.690594145	-121.824089887
127.000000000	39.690605238	-121.824089785
128.000000000	39.690616355	-121.824090123
129.000000000	39.690627553	-121.824090655
130.000000000	39.690638638	-121.824091532
131.000000000	39.690649885	-121.824092958
132.000000000	39.690660958	-121.824094937
133.000000000	39.690672230	-121.824096720
134.000000000	39.690683243	-121.824098887
135.000000000	39.690694260	-121.824101450
136.000000000	39.690705372	-121.824104058
137.000000000	39.690716427	-121.824107088
138.000000000	39.690727495	-121.824110203
139.000000000	39.690738588	-121.824113413
140.000000000	39.690749657	-121.824116660
141.000000000	39.690760498	-121.824120180
142.000000000	39.690771347	-121.824123720
143.000000000	39.690782200	-121.824127427
144.000000000	39.690793022	-121.824131210
145.000000000	39.690803815	-121.824134990
146.000000000	39.690814637	-121.824138850
147.000000000	39.690825443	-121.824142853
148.000000000	39.690836383	-121.824146680
149.000000000	39.690847093	-121.824150617
150.000000000	39.690857882	-121.824154430
151.000000000	39.690868652	-121.824158070
152.000000000	39.690879338	-121.824161772
153.000000000	39.690889857	-121.824165282
154.000000000	39.690900477	-121.824168505
155.000000000	39.690909945	-121.824171373
156.000000000	39.690914950	-121.824172902
157.000000000	39.690915960	-121.824173210
158.000000000	39.690915710	-121.824173143
159.000000000	39.690915450	-121.824173067
160.000000000	39.690915513	-121.824173092
161.000000000	39.690906353	-121.824175582
162.000000000	39.690906438	-121.824175503
