0.000000000	39.689389928	-121.823886723	1.000000000
1.000000000	39.689385280	-121.823890728	1.000000000
2.000000000	39.689384768	-121.823891107	1.000000000
3.000000000	39.689384397	-121.823891420	1.000000000
4.000000000	39.689383820	-121.823891828	1.000000000
5.000000000	39.689397675	-121.823877160	1.000000000
6.000000000	39.689398263	-121.823875808	0.000000000
7.000000000	39.689398250	-121.823875155	0.000000000
8.000000000	39.689399288	-121.823872257	0.000000000
9.000000000	39.689411218	-121.823854975	0.000000000
10.000000000	39.689429808	-121.823842170	0.000000000
11.000000000	39.689450223	-121.823845298	0.000000000
12.000000000	39.689465770	-121.823852957	0.000000000
13.000000000	39.689476763	-121.823855482	0.000000000
14.000000000	39.689452068	-121.823818762	1.000000000
15.000000000	39.689469568	-121.823801145	1.000000000
16.000000000	39.689484873	-121.823780518	0.000000000
17.000000000	39.689480112	-121.823755133	0.000000000
18.000000000	39.689467697	-121.823744507	0.000000000
19.000000000	39.689450753	-121.823750045	0.000000000
20.000000000	39.689430202	-121.823768742	0.000000000
21.000000000	39.689423382	-121.823794978	0.000000000
22.000000000	39.689419538	-121.823814353	0.000000000
23.000000000	39.689415335	-121.823829203	0.000000000
24.000000000	39.689411623	-121.823841543	0.000000000
25.000000000	39.689408090	-121.823852255	0.000000000
26.000000000	39.689404232	-121.823862812	0.000000000
27.000000000	39.689399302	-121.823872823	0.000000000
28.000000000	39.689393952	-121.823881823	0.000000000
29.000000000	39.689388170	-121.823890238	0.000000000
30.000000000	39.689382612	-121.823899068	0.000000000
31.000000000	39.689377490	-121.823908697	0.000000000
32.000000000	39.689373813	-121.823920012	0.000000000
33.000000000	39.689370673	-121.823931405	0.000000000
34.000000000	39.689365258	-121.823940368	0.000000000
35.000000000	39.689360083	-121.823950177	0.000000000
36.000000000	39.689357295	-121.823962347	0.000000000
37.000000000	39.689356070	-121.823974000	0.000000000
38.000000000	39.689355782	-121.823986352	0.000000000
39.000000000	39.689356352	-121.823998795	0.000000000
40.000000000	39.689355397	-121.824010855	0.000000000
41.000000000	39.689355153	-121.824022560	0.000000000
42.000000000	39.689354277	-121.824034447	0.000000000
43.000000000	39.689353645	-121.824046117	0.000000000
44.000000000	39.689352325	-121.824057795	0.000000000
45.000000000	39.689349785	-121.824067095	0.000000000
46.000000000	39.689346817	-121.824078443	0.000000000
47.000000000	39.689346740	-121.824091108	0.000000000
48.000000000	39.689348515	-121.824103325	0.000000000
49.000000000	39.689351560	-121.824114912	0.000000000
50.000000000	39.689355927	-121.824125723	0.000000000
51.000000000	39.689361032	-121.824135847	0.000000000
52.000000000	39.689366842	-121.824145078	0.000000000
53.000000000	39.689372943	-121.824153837	0.000000000
54.000000000	39.689377978	-121.824163383	0.000000000
55.000000000	39.689382962	-121.824172895	0.000000000
56.000000000	39.689388022	-121.824182520	0.000000000
57.000000000	39.689393548	-121.824191575	0.000000000
58.000000000	39.689400820	-121.824199150	0.000000000
59.000000000	39.689401807	-121.824210080	0.000000000
60.000000000	39.689408833	-121.824217505	0.000000000
61.000000000	39.689417440	-121.824222863	0.000000000
62.000000000	39.689426858	-121.824226638	0.000000000
63.000000000	39.689436295	-121.824229233	0.000000000
64.000000000	39.689444707	-121.824234898	0.000000000
65.000000000	39.689450143	-121.824243490	0.000000000
66.000000000	39.689453972	-121.824253298	0.000000000
67.000000000	39.689455873	-121.824264133	0.000000000
68.000000000	39.689456527	-121.824275483	0.000000000
69.000000000	39.689456665	-121.824286543	0.000000000
70.000000000	39.689455300	-121.824297302	0.000000000
71.000000000	39.689453645	-121.824308053	0.000000000
72.000000000	39.689451727	-121.824318445	0.000000000
73.000000000	39.689448857	-121.824329155	0.000000000
74.000000000	39.689446300	-121.824340235	0.000000000
75.000000000	39.689444113	-121.824351778	0.000000000
76.000000000	39.689442550	-121.824364158	0.000000000
77.000000000	39.689442943	-121.824375768	0.000000000
78.000000000	39.689440715	-121.824387690	0.000000000
79.000000000	39.689438737	-121.824399795	0.000000000
80.000000000	39.689439238	-121.824410938	0.000000000
81.000000000	39.689437717	-121.824422382	0.000000000
82.000000000	39.689434400	-121.824432962	0.000000000
83.000000000	39.689430727	-121.824443540	0.000000000
84.000000000	39.689427538	-121.824454663	0.000000000
85.000000000	39.689424897	-121.824465945	0.000000000
86.000000000	39.689423320	-121.824478415	0.000000000
87.000000000	39.689423125	-121.824490467	0.000000000
88.000000000	39.689422192	-121.824501932	0.000000000
89.000000000	39.689418850	-121.824511985	0.000000000
90.000000000	39.689413338	-121.824519748	0.000000000
91.000000000	39.689406543	-121.824526302	0.000000000
92.000000000	39.689398785	-121.824531330	0.000000000
93.000000000	39.689390712	-121.824534645	0.000000000
94.000000000	39.689382135	-121.824536467	0.000000000
95.000000000	39.689372340	-121.824538292	0.000000000
96.000000000	39.689363630	-121.824540967	0.000000000
97.000000000	39.689354795	-121.824543518	0.000000000
98.000000000	39.689345638	-121.824546105	0.000000000
99.000000000	39.689337132	-121.824548005	0.000000000
100.000000000	39.689328103	-121.824547578	0.000000000
101.000000000	39.689319868	-121.824545978	0.000000000
102.000000000	39.689308743	-121.824543450	0.000000000
103.000000000	39.689301818	-121.824537753	0.000000000
104.000000000	39.689295392	-121.824531180	1.000000000
105.000000000	39.689289218	-121.824523502	1.000000000
106.000000000	39.689280343	-121.824519883	0.000000000
107.000000000	39.689271197	-121.824519045	1.000000000
108.000000000	39.689262770	-121.824516790	1.000000000
109.000000000	39.689253405	-121.824518567	1.000000000
110.000000000	39.689244787	-121.824523917	1.000000000
111.000000000	39.689238517	-121.824527962	1.000000000
112.000000000	39.689233708	-121.824528890	0.000000000
113.000000000	39.689225170	-121.824526382	1.000000000
114.000000000	39.689217515	-121.824522173	0.000000000
115.000000000	39.689208807	-121.824519720	0.000000000
116.000000000	39.689201678	-121.824513867	0.000000000
117.000000000	39.689195802	-121.824505667	0.000000000
118.000000000	39.689189308	-121.824496707	0.000000000
119.000000000	39.689187055	-121.824485523	0.000000000
120.000000000	39.689186337	-121.824474027	0.000000000
121.000000000	39.689187357	-121.824462852	0.000000000
122.000000000	39.689189638	-121.824452130	1.000000000
123.000000000	39.689192775	-121.824442048	0.000000000
124.000000000	39.689194423	-121.824430595	0.000000000
125.000000000	39.689195205	-121.824419097	0.000000000
126.000000000	39.689198813	-121.824409417	0.000000000
127.000000000	39.689203215	-121.824400640	0.000000000
128.000000000	39.689208452	-121.824391913	0.000000000
129.000000000	39.689214823	-121.824385335	0.000000000
130.000000000	39.689222203	-121.824379203	0.000000000
131.000000000	39.689230255	-121.824373957	0.000000000
132.000000000	39.689238167	-121.824369152	0.000000000
133.000000000	39.689245017	-121.824361585	0.000000000
134.000000000	39.689251612	-121.824353678	0.000000000
135.000000000	39.689258742	-121.824346647	0.000000000
136.000000000	39.689265838	-121.824340377	0.000000000
137.000000000	39.689272672	-121.824334017	1.000000000
138.000000000	39.689278625	-121.824325367	1.000000000
139.000000000	39.689283242	-121.824320662	1.000000000
140.000000000	39.689290898	-121.824317850	1.000000000
141.000000000	39.689299420	-121.824318573	1.000000000
142.000000000	39.689307472	-121.824322287	1.000000000
143.000000000	39.689314282	-121.824328540	0.000000000
144.000000000	39.689320227	-121.824336412	0.000000000
145.000000000	39.689325067	-121.824345823	0.000000000
146.000000000	39.689332043	-121.824353372	0.000000000
147.000000000	39.689341105	-121.824357167	0.000000000
148.000000000	39.689347492	-121.824357918	0.000000000
149.000000000	39.689349648	-121.824357767	0.000000000
150.000000000	39.689350458	-121.824356705	0.000000000
151.000000000	39.689350402	-121.824356338	0.000000000
152.000000000	39.689345528	-121.824368050	0.000000000
153.000000000	39.689349977	-121.824356382	0.000000000
154.000000000	39.689347180	-121.824350965	1.000000000
155.000000000	39.689347092	-121.824350617	1.000000000
156.000000000	39.689341755	-121.824347543	1.000000000
157.000000000	39.689340767	-121.824346565	1.000000000
158.000000000	39.689341433	-121.824346363	0.000000000
159.000000000	39.689342710	-121.824347190	0.000000000
160.000000000	39.689342867	-121.824346945	0.000000000
161.000000000	39.689343137	-121.824346848	0.000000000
162.000000000	39.689341518	-121.824345152	0.000000000
163.000000000	39.689341385	-121.824346757	0.000000000
164.000000000	39.689341578	-121.824346237	1.000000000
165.000000000	39.689342025	-121.824346415	1.000000000
166.000000000	39.689342335	-121.824345962	1.000000000
167.000000000	39.689342697	-121.824346375	1.000000000
168.000000000	39.689342980	-121.824347175	0.000000000
169.000000000	39.689343182	-121.824348203	1.000000000
170.000000000	39.689343405	-121.824349310	0.000000000
171.000000000	39.689343797	-121.824350023	0.000000000
172.000000000	39.689344107	-121.824350657	0.000000000
173.000000000	39.689344365	-121.824352658	0.000000000
174.000000000	39.689344193	-121.824349928	0.000000000
175.000000000	39.689343977	-121.824347420	0.000000000
176.000000000	39.689343968	-121.824346587	0.000000000
177.000000000	39.689344168	-121.824347748	0.000000000
178.000000000	39.689344510	-121.824349070	0.000000000
179.000000000	39.689344867	-121.824350127	1.000000000
180.000000000	39.689345353	-121.824351045	1.000000000
181.000000000	39.689345845	-121.824352077	1.000000000
182.000000000	39.689346262	-121.824352963	0.000000000
183.000000000	39.689344202	-121.824358768	1.000000000
184.000000000	39.689344203	-121.824359177	1.000000000
185.000000000	39.689344203	-121.824359177	1.000000000
186.000000000	39.689343927	-121.824360333	1.000000000
187.000000000	39.689343795	-121.824361818	0.000000000
188.000000000	39.689343142	-121.824356440	0.000000000
189.000000000	39.689343058	-121.824351587	0.000000000
190.000000000	39.689343338	-121.824353188	0.000000000
191.000000000	39.689343160	-121.824350355	0.000000000
192.000000000	39.689343283	-121.824354095	1.000000000
193.000000000	39.689342268	-121.824332695	1.000000000
194.000000000	39.689343348	-121.824347650	0.000000000
195.000000000	39.689344200	-121.824350322	1.000000000
196.000000000	39.689344200	-121.824350322	0.000000000
197.000000000	39.689344717	-121.824350748	0.000000000
198.000000000	39.689345407	-121.824350833	0.000000000
199.000000000	39.689346160	-121.824352282	1.000000000
200.000000000	39.689346160	-121.824352282	1.000000000
201.000000000	39.689346133	-121.824354365	1.000000000
202.000000000	39.689346313	-121.824353798	0.000000000
203.000000000	39.689346573	-121.824353063	0.000000000
204.000000000	39.689344428	-121.824353087	0.000000000
205.000000000	39.689343642	-121.824354367	0.000000000
206.000000000	39.689343577	-121.824354993	1.000000000
207.000000000	39.689343065	-121.824354298	1.000000000
208.000000000	39.689343238	-121.824353818	1.000000000
209.000000000	39.689344327	-121.824354398	0.000000000
210.000000000	39.689351848	-121.824361567	0.000000000
211.000000000	39.689360857	-121.824366105	0.000000000
212.000000000	39.689370168	-121.824365828	0.000000000
213.000000000	39.689379053	-121.824362875	0.000000000
214.000000000	39.689387023	-121.824357442	1.000000000
215.000000000	39.689393703	-121.824349243	1.000000000
216.000000000	39.689398378	-121.824340915	1.000000000
217.000000000	39.689402097	-121.824336760	0.000000000
218.000000000	39.689409708	-121.824331610	0.000000000
219.000000000	39.689416237	-121.824323628	0.000000000
220.000000000	39.689420918	-121.824313207	0.000000000
221.000000000	39.689423827	-121.824302013	0.000000000
222.000000000	39.689425230	-121.824290028	0.000000000
223.000000000	39.689425235	-121.824277873	0.000000000
224.000000000	39.689423840	-121.824265995	0.000000000
225.000000000	39.689421332	-121.824254355	0.000000000
226.000000000	39.689417818	-121.824243148	0.000000000
227.000000000	39.689413710	-121.824232355	0.000000000
228.000000000	39.689409235	-121.824221818	0.000000000
229.000000000	39.689404777	-121.824211500	0.000000000
230.000000000	39.689400803	-121.824200653	0.000000000
231.000000000	39.689396732	-121.824189958	1.000000000
232.000000000	39.689395413	-121.824178783	0.000000000
233.000000000	39.689395007	-121.824167182	0.000000000
234.000000000	39.689391692	-121.824155825	0.000000000
235.000000000	39.689386790	-121.824145447	0.000000000
236.000000000	39.689380977	-121.824135920	0.000000000
237.000000000	39.689376850	-121.824128663	1.000000000
238.000000000	39.689373918	-121.824118140	0.000000000
239.000000000	39.689373813	-121.824107052	0.000000000
240.000000000	39.689374718	-121.824096222	0.000000000
241.000000000	39.689374867	-121.824083695	0.000000000
242.000000000	39.689373147	-121.824071737	0.000000000
243.000000000	39.689370127	-121.824060217	0.000000000
244.000000000	39.689366657	-121.824048900	0.000000000
245.000000000	39.689363010	-121.824037843	0.000000000
246.000000000	39.689361765	-121.824026300	0.000000000
247.000000000	39.689361402	-121.824014552	0.000000000
248.000000000	39.689359865	-121.824002952	0.000000000
249.000000000	39.689357840	-121.823991270	0.000000000
250.000000000	39.689354078	-121.823980113	0.000000000
251.000000000	39.689350140	-121.823969327	0.000000000
252.000000000	39.689349033	-121.823958050	1.000000000
253.000000000	39.689350663	-121.823947187	1.000000000
254.000000000	39.689354882	-121.823937947	1.000000000
255.000000000	39.689360195	-121.823929327	0.000000000
256.000000000	39.689367047	-121.823923745	0.000000000
257.000000000	39.689374380	-121.823917817	0.000000000
258.000000000	39.689387828	-121.823910507	0.000000000
259.000000000	39.689391745	-121.823899612	0.000000000
260.000000000	39.689394507	-121.823889558	0.000000000
261.000000000	39.689396937	-121.823883635	0.000000000
262.000000000	39.689397790	-121.823879740	0.000000000
263.000000000	39.689398295	-121.823878622	0.000000000
264.000000000	39.689398510	-121.823878658	0.000000000
265.000000000	39.689398628	-121.823878728	0.000000000
266.000000000	39.689398777	-121.823878627	0.000000000
267.000000000	39.689401177	-121.823879188	0.000000000
268.000000000	39.689398447	-121.823878655	0.000000000
