0.000000000	39.690929643	-121.824164872
1.000000000	39.690931355	-121.824163113
2.000000000	39.690931503	-121.824162957
3.000000000	39.690931632	-121.824162792
4.000000000	39.690931603	-121.824162768
5.000000000	39.690931652	-121.824162720
6.000000000	39.690931650	-121.824162705
7.000000000	39.690931738	-121.824162630
8.000000000	39.690931817	-121.824162590
9.000000000	39.690931922	-121.824162537
10.000000000	39.690931877	-121.824162565
11.000000000	39.690931867	-121.824162583
12.000000000	39.690931877	-121.824162598
13.000000000	39.690931822	-121.824162640
14.000000000	39.690931767	-121.824162698
15.000000000	39.690931718	-121.824162778
16.000000000	39.690931638	-121.824162847
17.000000000	39.690931630	-121.824162817
18.000000000	39.690931563	-121.824162898
19.000000000	39.690931473	-121.824162990
20.000000000	39.690931392	-121.824163078
21.000000000	39.690931355	-121.824163135
22.000000000	39.690931293	-121.824163237
23.000000000	39.690931228	-121.824163338
24.000000000	39.690931188	-121.824163420
25.000000000	39.690931065	-121.824163562
26.000000000	39.690931007	-121.824163693
27.000000000	39.690931007	-121.824163787
28.000000000	39.690930980	-121.824163863
29.000000000	39.690930917	-121.824163997
30.000000000	39.690930842	-121.824164160
31.000000000	39.690930757	-121.824164335
32.000000000	39.690930688	-121.824164492
33.000000000	39.690930603	-121.824164652
34.000000000	39.690930553	-121.824164732
35.000000000	39.690930463	-121.824164895
36.000000000	39.690930357	-121.824164963
37.000000000	39.690930368	-121.824164983
38.000000000	39.690930348	-121.824165025
39.000000000	39.690930363	-121.824164995
40.000000000	39.690930398	-121.824164963
41.000000000	39.690930490	-121.824164878
42.000000000	39.690930563	-121.824164837
43.000000000	39.690930687	-121.824164750
44.000000000	39.690930802	-121.824164645
45.000000000	39.690930910	-121.824164580
46.000000000	39.690930985	-121.824164508
47.000000000	39.690931053	-121.824164495
48.000000000	39.690931182	-121.824164278
49.000000000	39.690932025	-121.824164525
50.000000000	39.690931942	-121.824164702
51.000000000	39.690931843	-121.824164813
52.000000000	39.690932103	-121.824165110
53.000000000	39.690932263	-121.824165402
54.000000000	39.690932422	-121.824165665
55.000000000	39.690932012	-121.824165408
56.000000000	39.690931830	-121.824165373
57.000000000	39.690931872	-121.824165428
58.000000000	39.690931738	-121.824165390
59.000000000	39.690932222	-121.824165687
60.000000000	39.690932950	-121.824166135
61.000000000	39.690936933	-121.824168910
62.000000000	39.690938637	-121.824170700
63.000000000	39.690938563	-121.824170568
64.000000000	39.690938197	-121.824170393
65.000000000	39.690938193	-121.824170363
66.000000000	39.690938157	-121.824170442
67.000000000	39.690938620	-121.824170732
68.000000000	39.690943133	-121.824176988
69.000000000	39.690947082	-121.824186733
70.000000000	39.690949148	-121.824197328
71.000000000	39.690949635	-121.824208868
72.000000000	39.690948492	-121.824220447
73.000000000	39.690945642	-121.824231765
74.000000000	39.690941240	-121.824242193
75.000000000	39.690935335	-121.824251467
76.000000000	39.690928075	-121.824259830
77.000000000	39.690920018	-121.824267018
78.000000000	39.690911330	-121.824273515
79.000000000	39.690902313	-121.824279375
80.000000000	39.690893750	-121.824286495
81.000000000	39.690885383	-121.824293663
82.000000000	39.690877232	-121.824300673
83.000000000	39.690869365	-121.824307533
84.000000000	39.690861778	-121.824314480
85.000000000	39.690854168	-121.824321442
86.000000000	39.690846777	-121.824328515
87.000000000	39.690839355	-121.824335573
88.000000000	39.690832065	-121.824342887
89.000000000	39.690824932	-121.824350028
90.000000000	39.690817817	-121.824357548
91.000000000	39.690810392	-121.824364330
92.000000000	39.690802368	-121.824369542
93.000000000	39.690794250	-121.824374613
94.000000000	39.690786375	-121.824380683
95.000000000	39.690778483	-121.824386765
96.000000000	39.690770648	-121.824392902
97.000000000	39.690762915	-121.824399265
98.000000000	39.690755155	-121.824405728
99.000000000	39.690747357	-121.824412220
100.000000000	39.690739642	-121.824418882
101.000000000	39.690731963	-121.824425753
102.000000000	39.690724678	-121.824432405
103.000000000	39.690717100	-121.824438538
104.000000000	39.690708990	-121.824442867
105.000000000	39.690700837	-121.824447283
106.000000000	39.690692800	-121.824452562
107.000000000	39.690684672	-121.824458090
108.000000000	39.690676658	-121.824463713
109.000000000	39.690668680	-121.824469383
110.000000000	39.690660810	-121.824475242
111.000000000	39.690652947	-121.824481210
112.000000000	39.690645040	-121.824487333
113.000000000	39.690637213	-121.824493510
114.000000000	39.690629068	-121.824499097
115.000000000	39.690620865	-121.824503993
116.000000000	39.690612768	-121.824509680
117.000000000	39.690604770	-121.824515542
118.000000000	39.690596760	-121.824521447
119.000000000	39.690588495	-121.824526620
120.000000000	39.690579990	-121.824529825
121.000000000	39.690571260	-121.824532903
122.000000000	39.690562605	-121.824537110
123.000000000	39.690553983	-121.824541313
124.000000000	39.690545443	-121.824545667
125.000000000	39.690537057	-121.824550223
126.000000000	39.690528557	-121.824554888
127.000000000	39.690519887	-121.824558813
128.000000000	39.690511025	-121.824560833
129.000000000	39.690502142	-121.824562808
130.000000000	39.690493348	-121.824565597
131.000000000	39.690484813	-121.824569637
132.000000000	39.690477892	-121.824577920
133.000000000	39.690473232	-121.824588417
134.000000000	39.690470892	-121.824599967
135.000000000	39.690470910	-121.824611732
136.000000000	39.690472623	-121.824623868
137.000000000	39.690476500	-121.824635173
138.000000000	39.690482502	-121.824645347
139.000000000	39.690489858	-121.824653973
140.000000000	39.690498660	-121.824660105
141.000000000	39.690508437	-121.824663783
142.000000000	39.690518360	-121.824664947
143.000000000	39.690528562	-121.824663425
144.000000000	39.690538252	-121.824660570
145.000000000	39.690547197	-121.824656362
146.000000000	39.690555843	-121.824651145
147.000000000	39.690564222	-121.824645380
148.000000000	39.690572908	-121.824641393
149.000000000	39.690582102	-121.824639168
150.000000000	39.690591445	-121.824637855
151.000000000	39.690600773	-121.824636860
152.000000000	39.690610000	-121.824632312
153.000000000	39.690618695	-121.824627233
154.000000000	39.690627372	-121.824623162
155.000000000	39.690636232	-121.824619882
156.000000000	39.690645205	-121.824618273
157.000000000	39.690654207	-121.824616982
158.000000000	39.690663262	-121.824614557
159.000000000	39.690672327	-121.824611102
160.000000000	39.690680902	-121.824605510
161.000000000	39.690689205	-121.824599683
162.000000000	39.690698168	-121.824596790
163.000000000	39.690707300	-121.824595097
164.000000000	39.690716402	-121.824594533
165.000000000	39.690725693	-121.824594445
166.000000000	39.690734932	-121.824590765
167.000000000	39.690743717	-121.824585783
168.000000000	39.690752213	-121.824580568
169.000000000	39.690760848	-121.824576797
170.000000000	39.690769758	-121.824575982
171.000000000	39.690778653	-121.824575933
172.000000000	39.690787673	-121.824575583
173.000000000	39.690796357	-121.824570587
174.000000000	39.690803658	-121.824562607
175.000000000	39.690809675	-121.824552848
176.000000000	39.690814048	-121.824541662
177.000000000	39.690816887	-121.824529735
178.000000000	39.690818223	-121.824517562
179.000000000	39.690818158	-121.824505277
180.000000000	39.690816470	-121.824492970
181.000000000	39.690814028	-121.824481197
182.000000000	39.690812752	-121.824469487
183.000000000	39.690811472	-121.824457765
184.000000000	39.690809953	-121.824446078
185.000000000	39.690808365	-121.824434408
186.000000000	39.690806695	-121.824422783
187.000000000	39.690804990	-121.824411185
188.000000000	39.690803100	-121.824399665
189.000000000	39.690800597	-121.824388242
190.000000000	39.690794938	-121.824378107
191.000000000	39.690787612	-121.824369867
192.000000000	39.690779047	-121.824363685
193.000000000	39.690770073	-121.824359662
194.000000000	39.690760565	-121.824357537
195.000000000	39.690750883	-121.824357190
196.000000000	39.690741360	-121.824358585
197.000000000	39.690731893	-121.824360832
198.000000000	39.690722768	-121.824361837
199.000000000	39.690713613	-121.824362780
200.000000000	39.690704798	-121.824363677
201.000000000	39.690695782	-121.824364977
202.000000000	39.690686753	-121.824366373
203.000000000	39.690677593	-121.824367933
204.000000000	39.690668627	-121.824369570
205.000000000	39.690659625	-121.824370620
206.000000000	39.690650905	-121.824369588
207.000000000	39.690642752	-121.824368513
208.000000000	39.690637940	-121.824368563
209.000000000	39.690635545	-121.824368577
210.000000000	39.690634947	-121.824368305
211.000000000	39.690634033	-121.824366120
212.000000000	39.690624485	-121.824369092
213.000000000	39.690615313	-121.824370943
214.000000000	39.690606218	-121.824372052
215.000000000	39.690597100	-121.824373437
216.000000000	39.690588053	-121.824374057
217.000000000	39.690579153	-121.824372855
218.000000000	39.690570172	-121.824371497
219.000000000	39.690560900	-121.824371337
220.000000000	39.690551728	-121.824371820
221.000000000	39.690542452	-121.824373487
222.000000000	39.690533325	-121.824373708
223.000000000	39.690524515	-121.824372073
224.000000000	39.690515608	-121.824370043
225.000000000	39.690507905	-121.824365183
226.000000000	39.690501197	-121.824357998
227.000000000	39.690495877	-121.824349253
228.000000000	39.690491635	-121.824339422
229.000000000	39.690488725	-121.824328813
230.000000000	39.690486970	-121.824317667
231.000000000	39.690486478	-121.824306283
232.000000000	39.690487098	-121.824294925
233.000000000	39.690488492	-121.824283590
234.000000000	39.690490127	-121.824272130
235.000000000	39.690490773	-121.824260215
236.000000000	39.690491350	-121.824248300
237.000000000	39.690491853	-121.824236408
238.000000000	39.690492212	-121.824224478
239.000000000	39.690493160	-121.824212745
240.000000000	39.690495285	-121.824201445
241.000000000	39.690498437	-121.824190630
242.000000000	39.690503963	-121.824182110
243.000000000	39.690510660	-121.824175050
244.000000000	39.690518197	-121.824169372
245.000000000	39.690526760	-121.824165510
246.000000000	39.690535522	-121.824163313
247.000000000	39.690544453	-121.824162785
248.000000000	39.690553492	-121.824163183
249.000000000	39.690562383	-121.824164298
250.000000000	39.690571545	-121.824165595
251.000000000	39.690580840	-121.824165842
252.000000000	39.690590172	-121.824166080
253.000000000	39.690599473	-121.824166147
254.000000000	39.690608787	-121.824166090
255.000000000	39.690618092	-121.824165842
256.000000000	39.690627287	-121.824165620
257.000000000	39.690636552	-121.824165098
258.000000000	39.690645698	-121.824164895
259.000000000	39.690654940	-121.824164198
260.000000000	39.690664108	-121.824163373
261.000000000	39.690673343	-121.824162735
262.000000000	39.690682443	-121.824162663
263.000000000	39.690691338	-121.824164117
264.000000000	39.690700383	-121.824165803
265.000000000	39.690709577	-121.824166538
266.000000000	39.690718883	-121.824167393
267.000000000	39.690728083	-121.824167942
268.000000000	39.690737192	-121.824168300
269.000000000	39.690746407	-121.824168687
270.000000000	39.690755517	-121.824168968
271.000000000	39.690764647	-121.824168997
272.000000000	39.690773807	-121.824168872
273.000000000	39.690782942	-121.824168445
274.000000000	39.690792082	-121.824168152
275.000000000	39.690801198	-121.824167825
276.000000000	39.690809725	-121.824170683
277.000000000	39.690816308	-121.824177687
278.000000000	39.690823817	-121.824183897
279.000000000	39.690833080	-121.824186783
280.000000000	39.690842505	-121.824186665
281.000000000	39.690851910	-121.824184765
282.000000000	39.690860843	-121.824181625
283.000000000	39.690869782	-121.824180145
284.000000000	39.690878715	-121.824179227
285.000000000	39.690887550	-121.824180130
286.000000000	39.690896313	-121.824181177
287.000000000	39.690905408	-121.824178985
288.000000000	39.690914032	-121.824176445
289.000000000	39.690922627	-121.824174610
290.000000000	39.690929803	-121.824173450
291.000000000	39.690932143	-121.824172900
292.000000000	39.690931677	-121.824173048
293.000000000	39.690931150	-121.824173215
294.000000000	39.690930828	-121.824173200
295.000000000	39.690930537	-121.824173233
296.000000000	39.690930513	-121.824173235
297.000000000	39.690930542	-121.824173195
298.000000000	39.690930590	-121.824173155
299.000000000	39.690930647	-121.824173122
300.000000000	39.690930675	-121.824173097
301.000000000	39.690930742	-121.824173075
302.000000000	39.690930837	-121.824173012
303.000000000	39.690930757	-121.824173110
304.000000000	39.690930703	-121.824173258
