0.000000000	39.690327000	-121.824280000	0.000000000
1.000000000	39.690701373	-121.824610240	1.000000000
2.000000000	39.690701430	-121.824610058	0.000000000
3.000000000	39.690701512	-121.824609388	0.000000000
4.000000000	39.690701803	-121.824609940	0.000000000
5.000000000	39.690702013	-121.824610665	0.000000000
6.000000000	39.690702363	-121.824612258	0.000000000
7.000000000	39.690702185	-121.824612558	0.000000000
8.000000000	39.690702552	-121.824613415	1.000000000
9.000000000	39.690702485	-121.824613455	1.000000000
10.000000000	39.690702480	-121.824613180	1.000000000
11.000000000	39.690702452	-121.824613110	0.000000000
12.000000000	39.690702782	-121.824613415	0.000000000
13.000000000	39.690704183	-121.824613558	0.000000000
14.000000000	39.690712312	-121.824610835	0.000000000
15.000000000	39.690719893	-121.824607708	0.000000000
16.000000000	39.690727090	-121.824605185	0.000000000
17.000000000	39.690734163	-121.824603885	0.000000000
18.000000000	39.690741210	-121.824600703	0.000000000
19.000000000	39.690747052	-121.824594172	0.000000000
20.000000000	39.690751387	-121.824586497	0.000000000
21.000000000	39.690754887	-121.824578048	0.000000000
22.000000000	39.690756797	-121.824568572	0.000000000
23.000000000	39.690755978	-121.824559767	1.000000000
24.000000000	39.690754253	-121.824556387	1.000000000
25.000000000	39.690753637	-121.824552377	0.000000000
26.000000000	39.690753270	-121.824552030	0.000000000
27.000000000	39.690752270	-121.824543362	0.000000000
28.000000000	39.690751427	-121.824536348	0.000000000
29.000000000	39.690750635	-121.824527800	1.000000000
30.000000000	39.690747327	-121.824519333	0.000000000
31.000000000	39.690745097	-121.824510477	0.000000000
32.000000000	39.690742600	-121.824501470	0.000000000
33.000000000	39.690736583	-121.824495553	0.000000000
34.000000000	39.690729385	-121.824491837	0.000000000
35.000000000	39.690721965	-121.824490058	0.000000000
36.000000000	39.690714527	-121.824490258	0.000000000
37.000000000	39.690707717	-121.824492232	0.000000000
38.000000000	39.690700683	-121.824492578	0.000000000
39.000000000	39.690693875	-121.824493100	0.000000000
40.000000000	39.690686925	-121.824493543	0.000000000
41.000000000	39.690680015	-121.824494137	0.000000000
42.000000000	39.690673058	-121.824494732	0.000000000
43.000000000	39.690666057	-121.824495445	0.000000000
44.000000000	39.690659128	-121.824496432	0.000000000
45.000000000	39.690652208	-121.824497412	0.000000000
46.000000000	39.690645260	-121.824498647	0.000000000
47.000000000	39.690638345	-121.824499978	0.000000000
48.000000000	39.690631372	-121.824501498	0.000000000
49.000000000	39.690624365	-121.824503083	0.000000000
50.000000000	39.690617387	-121.824504782	0.000000000
51.000000000	39.690610490	-121.824506470	0.000000000
52.000000000	39.690603662	-121.824508257	0.000000000
53.000000000	39.690596798	-121.824509895	0.000000000
54.000000000	39.690589948	-121.824511583	0.000000000
55.000000000	39.690583040	-121.824513322	0.000000000
56.000000000	39.690576172	-121.824515027	0.000000000
57.000000000	39.690569243	-121.824516578	0.000000000
58.000000000	39.690562358	-121.824518235	0.000000000
59.000000000	39.690555455	-121.824519995	0.000000000
60.000000000	39.690548455	-121.824521685	0.000000000
61.000000000	39.690541613	-121.824523393	0.000000000
62.000000000	39.690534832	-121.824525112	1.000000000
63.000000000	39.690529340	-121.824525815	1.000000000
64.000000000	39.690523797	-121.824526132	0.000000000
65.000000000	39.690516820	-121.824526913	0.000000000
66.000000000	39.690509930	-121.824527732	0.000000000
67.000000000	39.690502838	-121.824528202	0.000000000
68.000000000	39.690495913	-121.824528893	0.000000000
69.000000000	39.690489425	-121.824529840	0.000000000
70.000000000	39.690483153	-121.824529835	0.000000000
71.000000000	39.690476197	-121.824530132	0.000000000
72.000000000	39.690469293	-121.824530603	0.000000000
73.000000000	39.690461508	-121.824531080	0.000000000
74.000000000	39.690454628	-121.824531358	0.000000000
75.000000000	39.690447610	-121.824531293	0.000000000
76.000000000	39.690440713	-121.824531342	0.000000000
77.000000000	39.690433855	-121.824531108	0.000000000
78.000000000	39.690427050	-121.824530758	0.000000000
79.000000000	39.690420207	-121.824530537	0.000000000
80.000000000	39.690413438	-121.824529865	0.000000000
81.000000000	39.690406515	-121.824529168	0.000000000
82.000000000	39.690399677	-121.824528232	0.000000000
83.000000000	39.690392992	-121.824526962	0.000000000
84.000000000	39.690386127	-121.824525560	0.000000000
85.000000000	39.690379560	-121.824523762	0.000000000
86.000000000	39.690372833	-121.824521868	0.000000000
87.000000000	39.690366173	-121.824519882	0.000000000
88.000000000	39.690359353	-121.824517990	0.000000000
89.000000000	39.690352587	-121.824515740	0.000000000
90.000000000	39.690345897	-121.824513370	1.000000000
91.000000000	39.690339305	-121.824510485	1.000000000
92.000000000	39.690332950	-121.824507373	1.000000000
93.000000000	39.690328525	-121.824506123	0.000000000
94.000000000	39.690321927	-121.824504473	0.000000000
95.000000000	39.690315287	-121.824501642	1.000000000
96.000000000	39.690308685	-121.824498722	0.000000000
97.000000000	39.690302057	-121.824495745	0.000000000
98.000000000	39.690295453	-121.824492802	1.000000000
99.000000000	39.690288965	-121.824489532	1.000000000
100.000000000	39.690282528	-121.824485960	1.000000000
101.000000000	39.690275355	-121.824483335	0.000000000
102.000000000	39.690269490	-121.824482083	1.000000000
103.000000000	39.690265222	-121.824481027	0.000000000
104.000000000	39.690262798	-121.824480413	0.000000000
105.000000000	39.690262917	-121.824480408	0.000000000
106.000000000	39.690262868	-121.824480117	0.000000000
107.000000000	39.690262823	-121.824479818	1.000000000
108.000000000	39.690262675	-121.824479582	1.000000000
109.000000000	39.690262403	-121.824479487	1.000000000
110.000000000	39.690262340	-121.824479340	1.000000000
111.000000000	39.690262202	-121.824479235	1.000000000
112.000000000	39.690262042	-121.824479090	1.000000000
113.000000000	39.690261883	-121.824478962	1.000000000
114.000000000	39.690262435	-121.824478370	1.000000000
115.000000000	39.690375837	-121.824479710	0.000000000
116.000000000	39.690255488	-121.824471298	1.000000000
117.000000000	39.690255640	-121.824471443	1.000000000
118.000000000	39.690256908	-121.824472515	1.000000000
119.000000000	39.690257030	-121.824472468	1.000000000
120.000000000	39.690257168	-121.824472425	1.000000000
121.000000000	39.690257287	-121.824472878	1.000000000
122.000000000	39.690257570	-121.824472787	1.000000000
123.000000000	39.690257678	-121.824472610	1.000000000
124.000000000	39.690257850	-121.824472422	0.000000000
125.000000000	39.690258070	-121.824472327	0.000000000
126.000000000	39.690258300	-121.824472187	0.000000000
127.000000000	39.690258342	-121.824472082	0.000000000
128.000000000	39.690258418	-121.824472058	1.000000000
129.000000000	39.690258692	-121.824472340	1.000000000
130.000000000	39.690258857	-121.824472460	1.000000000
131.000000000	39.690258932	-121.824472552	0.000000000
132.000000000	39.690259057	-121.824472682	1.000000000
133.000000000	39.690259238	-121.824472913	1.000000000
134.000000000	39.690259360	-121.824473065	0.000000000
135.000000000	39.690259468	-121.824473360	0.000000000
136.000000000	39.690259505	-121.824473537	0.000000000
137.000000000	39.690259650	-121.824473883	0.000000000
138.000000000	39.690259822	-121.824474305	0.000000000
139.000000000	39.690259755	-121.824474463	1.000000000
140.000000000	39.690259800	-121.824474555	1.000000000
141.000000000	39.690259758	-121.824474747	0.000000000
142.000000000	39.690256047	-121.824471780	1.000000000
143.000000000	39.690256842	-121.824472028	1.000000000
144.000000000	39.690259930	-121.824474570	1.000000000
145.000000000	39.690260065	-121.824474775	1.000000000
146.000000000	39.690260143	-121.824474960	1.000000000
147.000000000	39.690260332	-121.824475218	1.000000000
148.000000000	39.690260442	-121.824475655	1.000000000
149.000000000	39.690260528	-121.824476055	1.000000000
150.000000000	39.690260762	-121.824476418	1.000000000
151.000000000	39.690260768	-121.824476522	1.000000000
152.000000000	39.690260995	-121.824476793	1.000000000
153.000000000	39.690261030	-121.824476900	1.000000000
154.000000000	39.690261123	-121.824477080	1.000000000
155.000000000	39.690261287	-121.824477165	1.000000000
156.000000000	39.690261357	-121.824477178	1.000000000
157.000000000	39.690261493	-121.824477183	1.000000000
158.000000000	39.690261493	-121.824477183	1.000000000
159.000000000	39.690261493	-121.824477183	1.000000000
160.000000000	39.690261493	-121.824477183	1.000000000
161.000000000	39.690261493	-121.824477183	1.000000000
162.000000000	39.690261493	-121.824477183	1.000000000
163.000000000	39.690261493	-121.824477183	1.000000000
