0.000000000	39.690458940	-121.824393202	0.000000000
1.000000000	39.690458940	-121.824393202	0.000000000
2.000000000	39.690458375	-121.824385128	0.000000000
3.000000000	39.690458375	-121.824385128	0.000000000
4.000000000	39.690458462	-121.824383607	0.000000000
5.000000000	39.690457968	-121.824385265	0.000000000
6.000000000	39.690457763	-121.824386812	0.000000000
7.000000000	39.690457412	-121.824387942	0.000000000
8.000000000	39.690457273	-121.824388592	0.000000000
9.000000000	39.690456677	-121.824389222	0.000000000
10.000000000	39.690450385	-121.824393667	1.000000000
11.000000000	39.690450385	-121.824393667	0.000000000
12.000000000	39.690443978	-121.824395340	0.000000000
13.000000000	39.690437238	-121.824396693	0.000000000
14.000000000	39.690424377	-121.824405763	0.000000000
15.000000000	39.690419398	-121.824413208	0.000000000
16.000000000	39.690415395	-121.824421537	0.000000000
17.000000000	39.690412415	-121.824430363	0.000000000
18.000000000	39.690410350	-121.824439735	0.000000000
19.000000000	39.690409115	-121.824449297	0.000000000
20.000000000	39.690409115	-121.824449297	0.000000000
21.000000000	39.690408920	-121.824458840	0.000000000
22.000000000	39.690409673	-121.824468428	0.000000000
23.000000000	39.690414025	-121.824487055	0.000000000
24.000000000	39.690417360	-121.824495540	0.000000000
25.000000000	39.690421500	-121.824503770	0.000000000
26.000000000	39.690426307	-121.824511288	0.000000000
27.000000000	39.690431713	-121.824518227	0.000000000
28.000000000	39.690437327	-121.824524450	0.000000000
29.000000000	39.690443483	-121.824530020	0.000000000
30.000000000	39.690449925	-121.824534678	0.000000000
31.000000000	39.690449925	-121.824534678	0.000000000
32.000000000	39.690463203	-121.824542498	0.000000000
33.000000000	39.690469272	-121.824547300	0.000000000
34.000000000	39.690475303	-121.824552275	0.000000000
35.000000000	39.690481622	-121.824556683	0.000000000
36.000000000	39.690488303	-121.824560390	0.000000000
37.000000000	39.690495108	-121.824563462	0.000000000
38.000000000	39.690495108	-121.824563462	0.000000000
39.000000000	39.690501998	-121.824566270	0.000000000
40.000000000	39.690508385	-121.824570195	0.000000000
41.000000000	39.690520958	-121.824578058	0.000000000
42.000000000	39.690527140	-121.824582303	0.000000000
43.000000000	39.690533535	-121.824586270	0.000000000
44.000000000	39.690540300	-121.824589402	0.000000000
45.000000000	39.690547197	-121.824591938	0.000000000
46.000000000	39.690553947	-121.824594562	0.000000000
47.000000000	39.690560513	-121.824597957	0.000000000
48.000000000	39.690560513	-121.824597957	0.000000000
49.000000000	39.690567040	-121.824601610	0.000000000
50.000000000	39.690579878	-121.824609330	0.000000000
51.000000000	39.690586543	-121.824612993	0.000000000
52.000000000	39.690593460	-121.824615763	0.000000000
53.000000000	39.690600590	-121.824618127	0.000000000
54.000000000	39.690607668	-121.824620372	0.000000000
55.000000000	39.690614407	-121.824623540	0.000000000
56.000000000	39.690621128	-121.824627042	0.000000000
57.000000000	39.690621128	-121.824627042	0.000000000
58.000000000	39.690634422	-121.824633533	0.000000000
59.000000000	39.690641495	-121.824635568	0.000000000
60.000000000	39.690648550	-121.824637833	0.000000000
61.000000000	39.690655128	-121.824640985	0.000000000
62.000000000	39.690661865	-121.824644162	0.000000000
63.000000000	39.690668435	-121.824647567	0.000000000
64.000000000	39.690675192	-121.824650538	0.000000000
65.000000000	39.690682525	-121.824652150	0.000000000
66.000000000	39.690689765	-121.824653155	0.000000000
67.000000000	39.690697105	-121.824653938	0.000000000
68.000000000	39.690704407	-121.824654668	0.000000000
69.000000000	39.690711875	-121.824653448	0.000000000
70.000000000	39.690719230	-121.824650390	0.000000000
71.000000000	39.690726052	-121.824646215	0.000000000
72.000000000	39.690732542	-121.824640972	0.000000000
73.000000000	39.690738437	-121.824634625	0.000000000
74.000000000	39.690743628	-121.824627673	0.000000000
75.000000000	39.690743628	-121.824627673	0.000000000
76.000000000	39.690752338	-121.824611980	0.000000000
77.000000000	39.690755825	-121.824603433	0.000000000
78.000000000	39.690758860	-121.824594923	0.000000000
79.000000000	39.690761412	-121.824586133	0.000000000
80.000000000	39.690763642	-121.824577388	0.000000000
81.000000000	39.690765557	-121.824568435	0.000000000
82.000000000	39.690767635	-121.824559582	0.000000000
83.000000000	39.690770222	-121.824551180	0.000000000
84.000000000	39.690772867	-121.824542873	0.000000000
85.000000000	39.690775670	-121.824534670	0.000000000
86.000000000	39.690778200	-121.824526142	0.000000000
87.000000000	39.690779952	-121.824517113	0.000000000
88.000000000	39.690781748	-121.824508270	1.000000000
89.000000000	39.690783310	-121.824499230	1.000000000
90.000000000	39.690782355	-121.824489760	1.000000000
91.000000000	39.690780095	-121.824480523	1.000000000
92.000000000	39.690776980	-121.824472005	0.000000000
93.000000000	39.690776980	-121.824472005	0.000000000
94.000000000	39.690776613	-121.824454723	0.000000000
95.000000000	39.690778803	-121.824446513	0.000000000
96.000000000	39.690782297	-121.824438983	0.000000000
97.000000000	39.690786443	-121.824431943	0.000000000
98.000000000	39.690790845	-121.824424972	0.000000000
99.000000000	39.690795623	-121.824418337	0.000000000
100.000000000	39.690799087	-121.824410030	0.000000000
101.000000000	39.690802487	-121.824401793	0.000000000
102.000000000	39.690806463	-121.824394200	0.000000000
103.000000000	39.690810930	-121.824387132	0.000000000
104.000000000	39.690816122	-121.824381122	0.000000000
105.000000000	39.690820310	-121.824373743	0.000000000
106.000000000	39.690822643	-121.824364568	0.000000000
107.000000000	39.690824063	-121.824355220	0.000000000
108.000000000	39.690824667	-121.824345827	0.000000000
109.000000000	39.690824215	-121.824336107	0.000000000
110.000000000	39.690822862	-121.824326502	0.000000000
111.000000000	39.690820792	-121.824317445	0.000000000
112.000000000	39.690817887	-121.824308702	0.000000000
113.000000000	39.690814203	-121.824300343	0.000000000
114.000000000	39.690809882	-121.824292553	0.000000000
115.000000000	39.690804973	-121.824285330	0.000000000
116.000000000	39.690799745	-121.824279097	0.000000000
117.000000000	39.690794118	-121.824273042	0.000000000
118.000000000	39.690788155	-121.824267450	0.000000000
119.000000000	39.690782165	-121.824262325	0.000000000
120.000000000	39.690775890	-121.824257460	0.000000000
121.000000000	39.690769718	-121.824252708	0.000000000
122.000000000	39.690764143	-121.824247168	0.000000000
123.000000000	39.690758212	-121.824241992	0.000000000
124.000000000	39.690751653	-121.824237642	0.000000000
125.000000000	39.690745232	-121.824233310	0.000000000
126.000000000	39.690739325	-121.824228150	0.000000000
127.000000000	39.690733270	-121.824223453	1.000000000
128.000000000	39.690726203	-121.824220482	0.000000000
129.000000000	39.690718822	-121.824218675	0.000000000
130.000000000	39.690712312	-121.824215267	0.000000000
131.000000000	39.690705982	-121.824211162	0.000000000
132.000000000	39.690700548	-121.824205758	0.000000000
133.000000000	39.690695242	-121.824200058	0.000000000
134.000000000	39.690688665	-121.824195910	0.000000000
135.000000000	39.690682135	-121.824192222	0.000000000
136.000000000	39.690675118	-121.824189253	0.000000000
137.000000000	39.690668143	-121.824188992	0.000000000
138.000000000	39.690661122	-121.824187078	0.000000000
139.000000000	39.690654425	-121.824184138	0.000000000
140.000000000	39.690648963	-121.824178872	0.000000000
141.000000000	39.690643962	-121.824172782	0.000000000
142.000000000	39.690638885	-121.824166587	0.000000000
143.000000000	39.690632375	-121.824162068	1.000000000
144.000000000	39.690625125	-121.824159568	0.000000000
145.000000000	39.690617742	-121.824157665	0.000000000
146.000000000	39.690611567	-121.824153352	1.000000000
147.000000000	39.690605345	-121.824149030	1.000000000
148.000000000	39.690598670	-121.824147515	1.000000000
149.000000000	39.690594125	-121.824146987	0.000000000
150.000000000	39.690588408	-121.824147742	0.000000000
151.000000000	39.690581380	-121.824149377	0.000000000
152.000000000	39.690574447	-121.824152083	1.000000000
153.000000000	39.690567838	-121.824156687	0.000000000
154.000000000	39.690561322	-121.824160623	0.000000000
155.000000000	39.690554415	-121.824163280	0.000000000
156.000000000	39.690548253	-121.824168752	0.000000000
157.000000000	39.690542640	-121.824175062	0.000000000
158.000000000	39.690537802	-121.824182110	0.000000000
159.000000000	39.690533245	-121.824189547	0.000000000
160.000000000	39.690529280	-121.824197523	0.000000000
161.000000000	39.690525965	-121.824205735	1.000000000
162.000000000	39.690523410	-121.824214427	0.000000000
163.000000000	39.690521552	-121.824223603	0.000000000
164.000000000	39.690518087	-121.824231462	0.000000000
165.000000000	39.690514832	-121.824239620	0.000000000
166.000000000	39.690511503	-121.824247657	0.000000000
167.000000000	39.690507680	-121.824255360	0.000000000
168.000000000	39.690502383	-121.824260595	0.000000000
169.000000000	39.690497615	-121.824267330	0.000000000
170.000000000	39.690493903	-121.824275443	0.000000000
171.000000000	39.690491070	-121.824284190	0.000000000
172.000000000	39.690488475	-121.824293268	0.000000000
173.000000000	39.690485407	-121.824301303	0.000000000
174.000000000	39.690483910	-121.824310860	0.000000000
175.000000000	39.690482155	-121.824319905	0.000000000
176.000000000	39.690479352	-121.824328237	0.000000000
177.000000000	39.690475300	-121.824335517	0.000000000
178.000000000	39.690470883	-121.824342395	0.000000000
179.000000000	39.690467085	-121.824350072	0.000000000
180.000000000	39.690463503	-121.824357895	0.000000000
181.000000000	39.690460917	-121.824366753	0.000000000
182.000000000	39.690458308	-121.824375493	0.000000000
183.000000000	39.690454905	-121.824383505	0.000000000
184.000000000	39.690450417	-121.824390497	0.000000000
185.000000000	39.690446337	-121.824396270	0.000000000
186.000000000	39.690444288	-121.824399920	0.000000000
187.000000000	39.690443447	-121.824401312	0.000000000
188.000000000	39.690443468	-121.824401390	0.000000000
189.000000000	39.690443450	-121.824401423	1.000000000
190.000000000	39.690443432	-121.824401370	0.000000000
191.000000000	39.690443443	-121.824401595	1.000000000
192.000000000	39.690443350	-121.824401375	1.000000000
193.000000000	39.690443300	-121.824401335	1.000000000
194.000000000	39.690443272	-121.824401340	0.000000000
195.000000000	39.690443285	-121.824401347	1.000000000
196.000000000	39.690443313	-121.824401317	0.000000000
197.000000000	39.690443357	-121.824401240	0.000000000
198.000000000	39.690443407	-121.824401048	1.000000000
199.000000000	39.690443440	-121.824400892	0.000000000
200.000000000	39.690443472	-121.824400903	1.000000000
201.000000000	39.690443510	-121.824400743	0.000000000
202.000000000	39.690443538	-121.824400642	0.000000000
203.000000000	39.690443560	-121.824400562	0.000000000
204.000000000	39.690443645	-121.824400542	0.000000000
205.000000000	39.690443642	-121.824400512	0.000000000
206.000000000	39.690443678	-121.824400493	0.000000000
207.000000000	39.690443730	-121.824400412	0.000000000
208.000000000	39.690443745	-121.824400390	0.000000000
209.000000000	39.690443763	-121.824400327	1.000000000
210.000000000	39.690443757	-121.824400283	0.000000000
211.000000000	39.690443725	-121.824400217	0.000000000
212.000000000	39.690443700	-121.824400195	0.000000000
213.000000000	39.690443643	-121.824400197	0.000000000
214.000000000	39.690443638	-121.824400210	1.000000000
215.000000000	39.690443585	-121.824400180	1.000000000
216.000000000	39.690443583	-121.824400178	1.000000000
217.000000000	39.690443535	-121.824400190	1.000000000
218.000000000	39.690443517	-121.824400122	0.000000000
219.000000000	39.690444070	-121.824400290	0.000000000
220.000000000	39.690439862	-121.824399695	0.000000000
221.000000000	39.690439702	-121.824399770	0.000000000
222.000000000	39.690439915	-121.824399685	0.000000000
223.000000000	39.690439960	-121.824399597	0.000000000
